%YAML:1.0
KeyPoints:
   - { x:93., y:146., size:31., angle:3.1271841430664062e+002,
       response:5.2058639994356781e-006, octave:0 }
   - { x:265., y:197., size:31., angle:3.2988641357421875e+002,
       response:1.1504244990646839e-002, octave:0 }
   - { x:330., y:197., size:31., angle:2.1011068725585937e+002,
       response:1.1495136655867100e-002, octave:0 }
   - { x:199., y:198., size:31., angle:2.3820785522460937e+002,
       response:5.7569760829210281e-003, octave:0 }
   - { x:396., y:198., size:31., angle:3.0178884887695312e+002,
       response:5.7612978853285313e-003, octave:0 }
   - { x:97., y:263., size:31., angle:3.1364467620849609e+001,
       response:7.7398465946316719e-003, octave:0 }
   - { x:166., y:263., size:31., angle:1.4702912902832031e+002,
       response:8.9536653831601143e-003, octave:0 }
   - { x:429., y:263., size:31., angle:3.2974983215332031e+001,
       response:8.9548975229263306e-003, octave:0 }
   - { x:498., y:263., size:31., angle:1.4864033508300781e+002,
       response:7.7379173599183559e-003, octave:0 }
   - { x:99., y:398., size:31., angle:1.7872488403320312e+002,
       response:3.4200658556073904e-003, octave:0 }
   - { x:164., y:398., size:31., angle:1.1721186637878418e+000,
       response:3.2466920092701912e-003, octave:0 }
   - { x:431., y:398., size:31., angle:1.7882522583007812e+002,
       response:3.2475953921675682e-003, octave:0 }
   - { x:496., y:398., size:31., angle:1.2742191553115845e+000,
       response:3.4089195542037487e-003, octave:0 }
   - { x:97., y:534., size:31., angle:3.2851922607421875e+002,
       response:7.8580826520919800e-003, octave:0 }
   - { x:166., y:534., size:31., angle:2.1309860229492187e+002,
       response:9.0955607593059540e-003, octave:0 }
   - { x:429., y:534., size:31., angle:3.2689605712890625e+002,
       response:9.1069359332323074e-003, octave:0 }
   - { x:498., y:534., size:31., angle:2.1147579956054687e+002,
       response:7.8580826520919800e-003, octave:0 }
   - { x:199., y:599., size:31., angle:1.2175082397460937e+002,
       response:5.7943155989050865e-003, octave:0 }
   - { x:396., y:599., size:31., angle:5.8253650665283203e+001,
       response:5.7900333777070045e-003, octave:0 }
   - { x:265., y:600., size:31., angle:3.0087648391723633e+001,
       response:1.1491570621728897e-002, octave:0 }
   - { x:330., y:600., size:31., angle:1.4991036987304687e+002,
       response:1.1485354974865913e-002, octave:0 }
   - { x:2.9760000610351562e+002, y:132., size:3.7200000762939453e+001,
       angle:9.0005828857421875e+001, response:9.5123788341879845e-003,
       octave:1 }
   - { x:9.2400001525878906e+001, y:1.4640000915527344e+002,
       size:3.7200000762939453e+001, angle:1.4193109130859375e+002,
       response:1.3380962400333374e-006, octave:1 }
   - { x:2.6520001220703125e+002, y:1.9680000305175781e+002,
       size:3.7200000762939453e+001, angle:3.2991671752929687e+002,
       response:9.6889995038509369e-003, octave:1 }
   - { x:330., y:1.9680000305175781e+002, size:3.7200000762939453e+001,
       angle:2.1008082580566406e+002, response:9.6804676577448845e-003,
       octave:1 }
   - { x:1.9800001525878906e+002, y:1.9800001525878906e+002,
       size:3.7200000762939453e+001, angle:2.4043676757812500e+002,
       response:5.5868714116513729e-003, octave:1 }
   - { x:3.9720001220703125e+002, y:1.9800001525878906e+002,
       size:3.7200000762939453e+001, angle:2.9955853271484375e+002,
       response:5.5904439650475979e-003, octave:1 }
   - { x:2.3280000305175781e+002, y:2.6280001831054688e+002,
       size:3.7200000762939453e+001, angle:6.0333156585693359e+001,
       response:6.0954298824071884e-003, octave:1 }
   - { x:3.6240002441406250e+002, y:2.6280001831054688e+002,
       size:3.7200000762939453e+001, angle:1.1966917419433594e+002,
       response:6.1042429879307747e-003, octave:1 }
   - { x:9.8400001525878906e+001, y:264., size:3.7200000762939453e+001,
       angle:3.0501213073730469e+001, response:1.0277665220201015e-002,
       octave:1 }
   - { x:1.6560000610351562e+002, y:264., size:3.7200000762939453e+001,
       angle:1.5047161865234375e+002, response:9.4875218346714973e-003,
       octave:1 }
   - { x:4.2960000610351562e+002, y:264., size:3.7200000762939453e+001,
       angle:2.9530897140502930e+001, response:9.4840824604034424e-003,
       octave:1 }
   - { x:4.9680001831054687e+002, y:264., size:3.7200000762939453e+001,
       angle:1.4950552368164062e+002, response:1.0272646322846413e-002,
       octave:1 }
   - { x:132., y:3.3240002441406250e+002, size:3.7200000762939453e+001,
       angle:2.6906695556640625e+002, response:7.1095670573413372e-003,
       octave:1 }
   - { x:4.6320001220703125e+002, y:3.3240002441406250e+002,
       size:3.7200000762939453e+001, angle:2.7092852783203125e+002,
       response:7.0946784690022469e-003, octave:1 }
   - { x:9.8400001525878906e+001, y:3.9600003051757813e+002,
       size:3.7200000762939453e+001, angle:1.7497476196289062e+002,
       response:9.3304144684225321e-004, octave:1 }
   - { x:4.9680001831054687e+002, y:3.9600003051757813e+002,
       size:3.7200000762939453e+001, angle:5.0234761238098145e+000,
       response:9.3289074720814824e-004, octave:1 }
   - { x:9.8400001525878906e+001, y:3.9840002441406250e+002,
       size:3.7200000762939453e+001, angle:1.8003866577148437e+002,
       response:2.3504546843469143e-003, octave:1 }
   - { x:1.6440000915527344e+002, y:3.9840002441406250e+002,
       size:3.7200000762939453e+001, angle:3.5997351074218750e+002,
       response:2.2473859135061502e-003, octave:1 }
   - { x:4.3080001831054687e+002, y:3.9840002441406250e+002,
       size:3.7200000762939453e+001, angle:1.8002410888671875e+002,
       response:2.2385630290955305e-003, octave:1 }
   - { x:4.9680001831054687e+002, y:3.9840002441406250e+002,
       size:3.7200000762939453e+001, angle:3.5995956420898437e+002,
       response:2.3464947007596493e-003, octave:1 }
   - { x:9.8400001525878906e+001, y:4.0080001831054687e+002,
       size:3.7200000762939453e+001, angle:1.8508166503906250e+002,
       response:9.0649345656856894e-004, octave:1 }
   - { x:4.9680001831054687e+002, y:4.0080001831054687e+002,
       size:3.7200000762939453e+001, angle:3.5491656494140625e+002,
       response:9.0890639694407582e-004, octave:1 }
   - { x:132., y:4.6440002441406250e+002, size:3.7200000762939453e+001,
       angle:9.0935035705566406e+001, response:7.1776029653847218e-003,
       octave:1 }
   - { x:4.6320001220703125e+002, y:4.6440002441406250e+002,
       size:3.7200000762939453e+001, angle:8.9061347961425781e+001,
       response:7.1715163066983223e-003, octave:1 }
   - { x:9.8400001525878906e+001, y:5.3280004882812500e+002,
       size:3.7200000762939453e+001, angle:3.2940878295898437e+002,
       response:1.0418053716421127e-002, octave:1 }
   - { x:1.6560000610351562e+002, y:5.3280004882812500e+002,
       size:3.7200000762939453e+001, angle:2.0962240600585937e+002,
       response:9.6280761063098907e-003, octave:1 }
   - { x:4.2960000610351562e+002, y:5.3280004882812500e+002,
       size:3.7200000762939453e+001, angle:3.3037158203125000e+002,
       response:9.6373660489916801e-003, octave:1 }
   - { x:4.9680001831054687e+002, y:5.3280004882812500e+002,
       size:3.7200000762939453e+001, angle:2.1058802795410156e+002,
       response:1.0418053716421127e-002, octave:1 }
   - { x:2.3280000305175781e+002, y:534., size:3.7200000762939453e+001,
       angle:2.9965612792968750e+002, response:6.1641996726393700e-003,
       octave:1 }
   - { x:3.6240002441406250e+002, y:534., size:3.7200000762939453e+001,
       angle:2.4034039306640625e+002, response:6.1622960492968559e-003,
       octave:1 }
   - { x:1.9800001525878906e+002, y:5.9880004882812500e+002,
       size:3.7200000762939453e+001, angle:1.1953589630126953e+002,
       response:5.5992081761360168e-003, octave:1 }
   - { x:3.9720001220703125e+002, y:5.9880004882812500e+002,
