%YAML:1.0
KeyPoints:
   - { x:264., y:395., size:31., angle:8.4144683837890625e+001,
       response:1.4353359118103981e-002, octave:0 }
   - { x:189., y:435., size:31., angle:6.3508216857910156e+001,
       response:1.6937956213951111e-002, octave:0 }
   - { x:200., y:435., size:31., angle:8.4573600769042969e+001,
       response:1.8492912873625755e-002, octave:0 }
   - { x:207., y:435., size:31., angle:9.4127174377441406e+001,
       response:1.8492912873625755e-002, octave:0 }
   - { x:218., y:435., size:31., angle:8.6168403625488281e+001,
       response:1.4885589480400085e-002, octave:0 }
   - { x:471., y:434., size:31., angle:4.2388046264648438e+001,
       response:2.2803092375397682e-002, octave:0 }
   - { x:130., y:378., size:31., angle:2.2224615478515625e+002,
       response:1.4218853786587715e-002, octave:0 }
   - { x:440., y:419., size:31., angle:1.5879608154296875e+002,
       response:1.3487918302416801e-002, octave:0 }
   - { x:167., y:378., size:31., angle:2.6251770019531250e+002,
       response:1.3555946759879589e-002, octave:0 }
   - { x:176., y:378., size:31., angle:3.0715429687500000e+002,
       response:1.3555946759879589e-002, octave:0 }
   - { x:195., y:378., size:31., angle:2.1695384216308594e+002,
       response:1.5598291531205177e-002, octave:0 }
   - { x:277., y:378., size:31., angle:2.5622616577148437e+002,
       response:1.8415397033095360e-002, octave:0 }
   - { x:285., y:378., size:31., angle:2.5763949584960937e+002,
       response:1.2705139815807343e-002, octave:0 }
   - { x:341., y:421., size:31., angle:2.1492936706542969e+002,
       response:1.1819934472441673e-002, octave:0 }
   - { x:339., y:417., size:31., angle:1.9744137573242187e+002,
       response:1.3024925254285336e-002, octave:0 }
   - { x:305., y:378., size:31., angle:3.2880352783203125e+002,
       response:1.5055561438202858e-002, octave:0 }
   - { x:227., y:343., size:31., angle:2.1018937683105469e+002,
       response:1.7198143526911736e-002, octave:0 }
   - { x:366., y:378., size:31., angle:2.4889389038085937e+002,
       response:1.3760711066424847e-002, octave:0 }
   - { x:393., y:378., size:31., angle:2.7820208740234375e+002,
       response:1.2705139815807343e-002, octave:0 }
   - { x:399., y:378., size:31., angle:2.6054046630859375e+002,
       response:1.3020136393606663e-002, octave:0 }
   - { x:445., y:378., size:31., angle:2.2371548461914063e+002,
       response:1.3813040219247341e-002, octave:0 }
   - { x:224., y:343., size:31., angle:2.2828877258300781e+002,
       response:2.0024107769131660e-002, octave:0 }
   - { x:195., y:389., size:31., angle:1.7322024536132812e+002,
       response:1.6522670164704323e-002, octave:0 }
   - { x:278., y:435., size:31., angle:1.0377675628662109e+002,
       response:2.3675154894590378e-002, octave:0 }
   - { x:247., y:342., size:31., angle:3.5206072998046875e+002,
       response:1.3778897933661938e-002, octave:0 }
   - { x:284., y:435., size:31., angle:9.7563179016113281e+001,
       response:1.7075100913643837e-002, octave:0 }
   - { x:256., y:395., size:31., angle:6.0801338195800781e+001,
       response:1.3727126643061638e-002, octave:0 }
   - { x:414., y:391., size:31., angle:9.5143463134765625e+001,
       response:1.2367350980639458e-002, octave:0 }
   - { x:349., y:395., size:31., angle:2.0454921722412109e+001,
       response:1.3569824397563934e-002, octave:0 }
   - { x:357., y:395., size:31., angle:3.6637203216552734e+001,
       response:1.4782806858420372e-002, octave:0 }
   - { x:366., y:389., size:31., angle:1.2795755004882812e+002,
       response:1.3760711066424847e-002, octave:0 }
   - { x:296., y:435., size:31., angle:8.2135978698730469e+001,
       response:1.2487402185797691e-002, octave:0 }
   - { x:393., y:389., size:31., angle:7.0231475830078125e+001,
       response:1.2705139815807343e-002, octave:0 }
   - { x:399., y:389., size:31., angle:1.4299880981445312e+002,
       response:1.2671579606831074e-002, octave:0 }
   - { x:178., y:421., size:31., angle:3.0361248779296875e+002,
       response:1.5644330531358719e-002, octave:0 }
   - { x:336., y:340., size:31., angle:1.0084776306152344e+002,
       response:1.1706180870532990e-002, octave:0 }
   - { x:140., y:391., size:31., angle:1.3540849304199219e+002,
       response:1.4578453265130520e-002, octave:0 }
   - { x:146., y:391., size:31., angle:4.3740444183349609e+001,
       response:1.2495152652263641e-002, octave:0 }
   - { x:198., y:391., size:31., angle:1.6176307678222656e+002,
       response:1.2358380481600761e-002, octave:0 }
   - { x:376., y:435., size:31., angle:1.1875173950195312e+002,
       response:1.7535591498017311e-002, octave:0 }
   - { x:128., y:402., size:31., angle:1.9773411560058594e+002,
       response:1.6577625647187233e-002, octave:0 }
   - { x:396., y:338., size:31., angle:8.8726211547851563e+001,
       response:1.9580304622650146e-002, octave:0 }
   - { x:209., y:391., size:31., angle:9.4926841735839844e+001,
       response:1.2634814716875553e-002, octave:0 }
   - { x:216., y:391., size:31., angle:5.5948398590087891e+001,
       response:1.1879272758960724e-002, octave:0 }
   - { x:248., y:391., size:31., angle:9.3946228027343750e+001,
       response:1.2309893034398556e-002, octave:0 }
   - { x:382., y:435., size:31., angle:6.7502403259277344e+001,
       response:2.2750837728381157e-002, octave:0 }
   - { x:423., y:435., size:31., angle:8.5951141357421875e+001,
       response:1.6353890299797058e-002, octave:0 }
   - { x:338., y:338., size:31., angle:8.5640113830566406e+001,
       response:1.8340669572353363e-002, octave:0 }
   - { x:431., y:435., size:31., angle:6.5889236450195313e+001,
       response:1.5735499560832977e-002, octave:0 }
   - { x:227., y:338., size:31., angle:1.4863986206054687e+002,
       response:1.7138453200459480e-002, octave:0 }
   - { x:224., y:338., size:31., angle:1.1664575958251953e+002,
       response:2.0496049895882607e-002, octave:0 }
   - { x:140., y:402., size:31., angle:2.5398376464843750e+002,
       response:2.0986068993806839e-002, octave:0 }
   - { x:198., y:338., size:31., angle:4.7549327850341797e+001,
       response:2.0058654248714447e-002, octave:0 }
   - { x:254., y:391., size:31., angle:5.9916900634765625e+001,
       response:1.7191715538501740e-002, octave:0 }
   - { x:341., y:391., size:31., angle:1.1741325378417969e+002,
       response:1.2052860110998154e-002, octave:0 }
   - { x:347., y:391., size:31., angle:3.6261947631835937e+001,
       response:1.6575481742620468e-002, octave:0 }
   - { x:373., y:391., size:31., angle:1.4718502807617188e+002,
       response:1.4678123407065868e-002, octave:0 }
   - { x:275., y:337., size:31., angle:1.2813473510742187e+002,
       response:1.1730854399502277e-002, octave:0 }
   - { x:125., y:404., size:31., angle:1.8905131530761719e+002,
       response:1.5303042717278004e-002, octave:0 }
   - { x:385., y:391., size:31., angle:3.8171260833740234e+001,
       response:1.3275147415697575e-002, octave:0 }
   - { x:402., y:391., size:31., angle:1.4445762634277344e+002,
       response:1.5887694433331490e-002, octave:0 }
   - { x:421., y:391., size:31., angle:5.3704124450683594e+001,
       response:1.1755173094570637e-002, octave:0 }
   - { x:338., y:336., size:31., angle:8.9056686401367188e+001,
       response:1.4984737150371075e-002, octave:0 }
   - { x:322., y:345., size:31., angle:3.2042974853515625e+002,
       response:1.2316152453422546e-002, octave:0 }
   - { x:336., y:336., size:31., angle:9.0942863464355469e+001,
       response:1.7837731167674065e-002, octave:0 }
   - { x:463., y:435., size:31., angle:7.3326232910156250e+001,
       response:1.4202314428985119e-002, octave:0 }
   - { x:322., y:336., size:31., angle:4.6013519287109375e+001,
       response:1.3470216654241085e-002, octave:0 }
   - { x:196., y:336., size:31., angle:3.7632320404052734e+001,
       response:1.4038504101336002e-002, octave:0 }
   - { x:275., y:345., size:31., angle:2.3174398803710937e+002,
