%YAML:1.0
KeyPoints:
   - { x:238., y:462., size:31., angle:3.0418878173828125e+002,
       response:8.2334363833069801e-003, octave:0 }
   - { x:270., y:401., size:31., angle:2.2816108703613281e+002,
       response:2.5468675885349512e-003, octave:0 }
   - { x:351., y:469., size:31., angle:3.3790122985839844e+001,
       response:8.9323204010725021e-003, octave:0 }
   - { x:297., y:484., size:31., angle:1.0355531311035156e+002,
       response:7.9147210344672203e-003, octave:0 }
   - { x:251., y:537., size:31., angle:2.4778216552734375e+002,
       response:5.5936491116881371e-003, octave:0 }
   - { x:324., y:272., size:31., angle:9.9122629165649414e+000,
       response:2.9204403981566429e-003, octave:0 }
   - { x:332., y:256., size:31., angle:5.1712951660156250e+001,
       response:2.5290187913924456e-003, octave:0 }
   - { x:296., y:472., size:31., angle:1.3684774780273438e+002,
       response:3.5099757369607687e-003, octave:0 }
   - { x:292., y:484., size:31., angle:8.2119331359863281e+001,
       response:6.4164800569415092e-003, octave:0 }
   - { x:363., y:537., size:31., angle:3.1452447509765625e+002,
       response:2.2184594999998808e-003, octave:0 }
   - { x:348., y:466., size:31., angle:1.5211400032043457e+001,
       response:4.5395959168672562e-003, octave:0 }
   - { x:241., y:464., size:31., angle:2.4597174072265625e+002,
       response:6.4021074213087559e-003, octave:0 }
   - { x:351., y:463., size:31., angle:9.6660131216049194e-001,
       response:1.3467483222484589e-002, octave:0 }
   - { x:308., y:342., size:31., angle:2.2296649169921875e+002,
       response:5.4956739768385887e-003, octave:0 }
   - { x:352., y:458., size:31., angle:3.1417901611328125e+002,
       response:7.6288911513984203e-003, octave:0 }
   - { x:331., y:258., size:31., angle:3.6891895294189453e+001,
       response:3.5392548888921738e-003, octave:0 }
   - { x:395., y:413., size:31., angle:1.5763509750366211e+001,
       response:3.6476436071097851e-003, octave:0 }
   - { x:353., y:328., size:31., angle:2.5204222106933594e+002,
       response:2.2405076306313276e-003, octave:0 }
   - { x:296., y:474., size:31., angle:1.2107367706298828e+002,
       response:3.9187995716929436e-003, octave:0 }
   - { x:360., y:330., size:31., angle:3.0685760498046875e+002,
       response:1.9362949533388019e-003, octave:0 }
   - { x:409., y:334., size:31., angle:7.0412201881408691e+000,
       response:2.8855467680841684e-003, octave:0 }
   - { x:244., y:459., size:31., angle:2.3692547607421875e+002,
       response:3.1561211217194796e-003, octave:0 }
   - { x:394., y:266., size:31., angle:3.1776223754882812e+002,
       response:3.8398294709622860e-003, octave:0 }
   - { x:198., y:413., size:31., angle:1.8037295532226562e+002,
       response:4.0226406417787075e-003, octave:0 }
   - { x:222., y:573., size:31., angle:1.5056134033203125e+002,
       response:3.9162579923868179e-003, octave:0 }
   - { x:378., y:122., size:31., angle:9.8229808807373047e+000,
       response:2.5971231516450644e-003, octave:0 }
   - { x:294., y:482., size:31., angle:8.9577247619628906e+001,
       response:1.1298639699816704e-002, octave:0 }
   - { x:242., y:205., size:31., angle:1.6109443664550781e+002,
       response:2.3254242260009050e-003, octave:0 }
   - { x:392., y:415., size:31., angle:5.0718913078308105e+000,
       response:5.2729775197803974e-003, octave:0 }
   - { x:347., y:454., size:31., angle:3.4621084594726562e+002,
       response:4.8607597127556801e-003, octave:0 }
   - { x:356., y:333., size:31., angle:2.8981433105468750e+002,
       response:2.9058440122753382e-003, octave:0 }
   - { x:199., y:265., size:31., angle:2.1106616210937500e+002,
       response:1.7718251328915358e-003, octave:0 }
   - { x:241., y:467., size:31., angle:1.8412812805175781e+002,
       response:4.6159573830664158e-003, octave:0 }
   - { x:271., y:407., size:31., angle:2.4540939331054687e+002,
       response:3.0836532823741436e-003, octave:0 }
   - { x:388., y:591., size:31., angle:1.9686059951782227e+001,
       response:5.3320028819143772e-003, octave:0 }
   - { x:292., y:487., size:31., angle:8.6541793823242188e+001,
       response:4.7642886638641357e-003, octave:0 }
   - { x:322., y:280., size:31., angle:1.5697264671325684e+001,
       response:2.2004409693181515e-003, octave:0 }
   - { x:198., y:407., size:31., angle:1.7497814941406250e+002,
       response:3.5850284621119499e-003, octave:0 }
   - { x:409., y:341., size:31., angle:3.4016021728515625e+002,
       response:1.9880586769431829e-003, octave:0 }
   - { x:391., y:413., size:31., angle:3.9530289173126221e-001,
       response:5.2625369280576706e-003, octave:0 }
   - { x:227., y:156., size:31., angle:1.1277334594726562e+002,
       response:1.0600464418530464e-002, octave:0 }
   - { x:290., y:196., size:31., angle:3.5426212310791016e+001,
       response:2.0768127869814634e-003, octave:0 }
   - { x:329., y:405., size:31., angle:3.2765524291992187e+002,
       response:1.6400651074945927e-003, octave:0 }
   - { x:200., y:259., size:31., angle:1.8135404968261719e+002,
       response:2.3048904258757830e-003, octave:0 }
   - { x:327., y:403., size:31., angle:3.0882534790039062e+002,
       response:2.6230539660900831e-003, octave:0 }
   - { x:303., y:293., size:31., angle:2.5139007568359375e+002,
       response:2.0459538791328669e-003, octave:0 }
   - { x:241., y:211., size:31., angle:6.5537857055664062e+001,
       response:3.2453448511660099e-003, octave:0 }
   - { x:312., y:350., size:31., angle:2.2751467895507812e+002,
       response:4.0312223136425018e-003, octave:0 }
   - { x:291., y:293., size:31., angle:2.2886982727050781e+002,
       response:2.3072597105056047e-003, octave:0 }
   - { x:353., y:212., size:31., angle:1.3509608459472656e+002,
       response:5.0432607531547546e-003, octave:0 }
   - { x:334., y:419., size:31., angle:3.1744186401367187e+002,
       response:1.9810209050774574e-003, octave:0 }
   - { x:351., y:210., size:31., angle:1.0380549621582031e+002,
       response:3.6284571979194880e-003, octave:0 }
   - { x:300., y:400., size:31., angle:2.9129516601562500e+002,
       response:1.8515054835006595e-003, octave:0 }
   - { x:394., y:260., size:31., angle:3.5264703369140625e+002,
       response:3.7939122412353754e-003, octave:0 }
   - { x:387., y:649., size:31., angle:3.5506774902343750e+002,
       response:6.2393411062657833e-003, octave:0 }
   - { x:338., y:415., size:31., angle:3.3790313720703125e+002,
       response:1.8204486696049571e-003, octave:0 }
   - { x:353., y:206., size:31., angle:3.5212350463867187e+002,
       response:4.4463956728577614e-003, octave:0 }
   - { x:358., y:113., size:31., angle:3.4351443481445312e+002,
       response:1.9162036478519440e-003, octave:0 }
   - { x:273., y:411., size:31., angle:2.7796557617187500e+002,
       response:3.5100714303553104e-003, octave:0 }
   - { x:224., y:171., size:31., angle:2.7801404953002930e+001,
       response:1.7386919353157282e-003, octave:0 }
   - { x:393., y:409., size:31., angle:1.0278358459472656e+001,
       response:7.8309588134288788e-003, octave:0 }
   - { x:303., y:196., size:31., angle:1.4470919799804687e+002,
       response:2.6036293711513281e-003, octave:0 }
   - { x:370., y:171., size:31., angle:7.0184181213378906e+001,
       response:4.5597185380756855e-003, octave:0 }
   - { x:309., y:403., size:31., angle:2.8222906494140625e+002,
       response:1.9162255339324474e-003, octave:0 }
   - { x:284., y:403., size:31., angle:2.0543070983886719e+002,
       response:1.7043367261067033e-003, octave:0 }
   - { x:297., y:191., size:31., angle:9.3667984008789063e+001,
       response:3.6242406349629164e-003, octave:0 }
   - { x:287., y:395., size:31., angle:3.4753427124023437e+002,
       response:1.7715715803205967e-003, octave:0 }
   - { x:301., y:392., size:31., angle:2.9980010986328125e+002,
       response:1.6140330117195845e-003, octave:0 }
   - { x:297., y:186., size:31., angle:9.4842826843261719e+001,
