%YAML:1.0
KeyPoints:
   - { x:422., y:580., size:31., angle:1.3480384826660156e+002,
       response:1.5415629372000694e-002, octave:0 }
   - { x:466., y:528., size:31., angle:2.2480981445312500e+002,
       response:1.2353731319308281e-002, octave:0 }
   - { x:346., y:549., size:31., angle:2.3267634582519531e+002,
       response:1.3232363387942314e-002, octave:0 }
   - { x:314., y:572., size:31., angle:1.8390588378906250e+002,
       response:1.1395332403481007e-002, octave:0 }
   - { x:195., y:597., size:31., angle:1.2147815704345703e+002,
       response:1.0799667797982693e-002, octave:0 }
   - { x:206., y:597., size:31., angle:9.4577682495117188e+001,
       response:1.5801241621375084e-002, octave:0 }
   - { x:451., y:597., size:31., angle:1.2527583312988281e+002,
       response:1.2831933796405792e-002, octave:0 }
   - { x:444., y:528., size:31., angle:2.9980725097656250e+002,
       response:1.0876581072807312e-002, octave:0 }
   - { x:252., y:597., size:31., angle:1.2027533721923828e+002,
       response:1.4407154172658920e-002, octave:0 }
   - { x:414., y:597., size:31., angle:1.1389625549316406e+002,
       response:1.2588875368237495e-002, octave:0 }
   - { x:212., y:284., size:31., angle:9.3354736328125000e+001,
       response:1.8426749855279922e-002, octave:0 }
   - { x:358., y:549., size:31., angle:1.6426275253295898e+001,
       response:1.3084002770483494e-002, octave:0 }
   - { x:246., y:274., size:31., angle:1.3645628356933594e+002,
       response:1.1115923523902893e-002, octave:0 }
   - { x:424., y:573., size:31., angle:2.2639367675781250e+002,
       response:2.2130560129880905e-002, octave:0 }
   - { x:413., y:322., size:31., angle:6.7714004516601563e+001,
       response:1.0646156966686249e-002, octave:0 }
   - { x:502., y:563., size:31., angle:5.5450778007507324e+000,
       response:1.5845874324440956e-002, octave:0 }
   - { x:227., y:288., size:31., angle:3.2348138427734375e+002,
       response:2.2059660404920578e-002, octave:0 }
   - { x:398., y:336., size:31., angle:2.8144732666015625e+002,
       response:1.0179367847740650e-002, octave:0 }
   - { x:168., y:574., size:31., angle:2.0371386718750000e+002,
       response:1.3487010262906551e-002, octave:0 }
   - { x:480., y:565., size:31., angle:1.7507175207138062e+000,
       response:1.6312766820192337e-002, octave:0 }
   - { x:241., y:279., size:31., angle:1.3603494262695312e+002,
       response:1.0469657368957996e-002, octave:0 }
   - { x:181., y:280., size:31., angle:1.1132708740234375e+002,
       response:1.1765552684664726e-002, octave:0 }
   - { x:187., y:574., size:31., angle:1.6621063232421875e+002,
       response:1.3101547956466675e-002, octave:0 }
   - { x:443., y:574., size:31., angle:1.6879054260253906e+002,
       response:1.4396084472537041e-002, octave:0 }
   - { x:186., y:280., size:31., angle:8.3911148071289062e+001,
       response:1.0929831303656101e-002, octave:0 }
   - { x:166., y:580., size:31., angle:1.2316207885742187e+002,
       response:1.4561131596565247e-002, octave:0 }
   - { x:189., y:580., size:31., angle:1.5456924438476562e+002,
       response:1.2136151082813740e-002, octave:0 }
   - { x:212., y:597., size:31., angle:9.3390090942382812e+001,
       response:1.4548632316291332e-002, octave:0 }
   - { x:215., y:279., size:31., angle:5.8019229888916016e+001,
       response:1.6750087961554527e-002, octave:0 }
   - { x:445., y:580., size:31., angle:1.5659320068359375e+002,
       response:1.1347975581884384e-002, octave:0 }
   - { x:225., y:278., size:31., angle:6.9458724975585937e+001,
       response:1.4085702598094940e-002, octave:0 }
   - { x:215., y:290., size:31., angle:2.9059490966796875e+002,
       response:1.9176617264747620e-002, octave:0 }
   - { x:513., y:587., size:31., angle:3.4132293701171875e+002,
       response:1.6633052378892899e-002, octave:0 }
   - { x:480., y:532., size:31., angle:3.2315069580078125e+002,
       response:1.2292035855352879e-002, octave:0 }
   - { x:395., y:532., size:31., angle:3.3117654418945312e+002,
       response:1.6123175621032715e-002, octave:0 }
   - { x:480., y:558., size:31., angle:3.4320840454101562e+002,
       response:1.7939668148756027e-002, octave:0 }
   - { x:163., y:283., size:31., angle:1.5989871978759766e+001,
       response:1.3361553661525249e-002, octave:0 }
   - { x:379., y:532., size:31., angle:2.0978598022460937e+002,
       response:1.3874313794076443e-002, octave:0 }
   - { x:410., y:330., size:31., angle:2.5228021240234375e+002,
       response:1.3708983547985554e-002, octave:0 }
   - { x:225., y:294., size:31., angle:3.1823208618164062e+002,
       response:1.1650824919342995e-002, octave:0 }
   - { x:509., y:589., size:31., angle:3.8476736545562744e+000,
       response:2.1348400041460991e-002, octave:0 }
   - { x:362., y:529., size:31., angle:3.0884008789062500e+002,
       response:1.8801687285304070e-002, octave:0 }
   - { x:252., y:528., size:31., angle:2.3866818237304687e+002,
       response:1.0804472491145134e-002, octave:0 }
   - { x:263., y:528., size:31., angle:3.1249569702148437e+002,
       response:1.1946226470172405e-002, octave:0 }
   - { x:393., y:597., size:31., angle:5.1083480834960937e+001,
       response:1.1264670640230179e-002, octave:0 }
   - { x:412., y:528., size:31., angle:3.4832223510742188e+002,
       response:1.9381502643227577e-002, octave:0 }
   - { x:210., y:280., size:31., angle:8.1361152648925781e+001,
       response:1.7790695652365685e-002, octave:0 }
   - { x:434., y:528., size:31., angle:2.3822946166992187e+002,
       response:1.1185875162482262e-002, octave:0 }
   - { x:468., y:597., size:31., angle:8.3324653625488281e+001,
       response:1.3890263624489307e-002, octave:0 }
   - { x:265., y:593., size:31., angle:2.5488725662231445e+001,
       response:1.1676659807562828e-002, octave:0 }
   - { x:462., y:597., size:31., angle:9.6145126342773438e+001,
       response:1.7783025279641151e-002, octave:0 }
   - { x:224., y:593., size:31., angle:3.6739147186279297e+001,
       response:1.0122472420334816e-002, octave:0 }
   - { x:237., y:298., size:31., angle:2.6121813964843750e+002,
       response:9.7527047619223595e-003, octave:0 }
   - { x:212., y:293., size:31., angle:2.7155157470703125e+002,
       response:9.5564946532249451e-003, octave:0 }
   - { x:232., y:287., size:31., angle:2.8537445068359375e+002,
       response:8.5272612050175667e-003, octave:0 }
   - { x:210., y:288., size:31., angle:2.4295773315429687e+002,
       response:9.6074528992176056e-003, octave:0 }
   - { x:425., y:316., size:31., angle:1.5744218444824219e+002,
       response:8.9037008583545685e-003, octave:0 }
   - { x:424., y:318., size:31., angle:1.6764437866210937e+002,
       response:9.9537400528788567e-003, octave:0 }
   - { x:409., y:321., size:31., angle:5.9177261352539063e+001,
       response:9.7600677981972694e-003, octave:0 }
   - { x:228., y:278., size:31., angle:6.9102195739746094e+001,
       response:9.8070744425058365e-003, octave:0 }
   - { x:188., y:528., size:31., angle:3.0098071289062500e+002,
       response:8.4759145975112915e-003, octave:0 }
   - { x:393., y:339., size:31., angle:2.9702716064453125e+002,
       response:8.6018117144703865e-003, octave:0 }
   - { x:236., y:272., size:31., angle:1.0032860565185547e+002,
       response:9.5732351765036583e-003, octave:0 }
   - { x:216., y:272., size:31., angle:7.9648506164550781e+001,
       response:9.8919961601495743e-003, octave:0 }
   - { x:478., y:597., size:31., angle:4.7414184570312500e+001,
       response:9.0268645435571671e-003, octave:0 }
   - { x:387., y:344., size:31., angle:3.0169064331054687e+002,
       response:9.8686711862683296e-003, octave:0 }
   - { x:394., y:332., size:31., angle:3.2471832275390625e+002,
       response:9.4167813658714294e-003, octave:0 }
   - { x:216., y:298., size:31., angle:2.8700219726562500e+002,
       response:9.8966052755713463e-003, octave:0 }
   - { x:396., y:336., size:31., angle:2.8427606201171875e+002,
