%YAML:1.0
KeyPoints:
   - { x:104., y:628., size:31., angle:2.6060656738281250e+002,
       response:7.6972064562141895e-003, octave:0 }
   - { x:132., y:298., size:31., angle:1.2120017242431641e+002,
       response:4.7018001787364483e-003, octave:0 }
   - { x:196., y:383., size:31., angle:3.5763311767578125e+002,
       response:6.3307378441095352e-003, octave:0 }
   - { x:92., y:397., size:31., angle:1.2780971527099609e+002,
       response:8.0193877220153809e-003, octave:0 }
   - { x:223., y:503., size:31., angle:2.8959297180175781e+001,
       response:6.3552795909345150e-003, octave:0 }
   - { x:121., y:389., size:31., angle:1.1723194885253906e+002,
       response:7.7161774970591068e-003, octave:0 }
   - { x:367., y:536., size:31., angle:9.4246452331542969e+001,
       response:5.2921571768820286e-003, octave:0 }
   - { x:302., y:589., size:31., angle:1.6401448059082031e+002,
       response:4.7625550068914890e-003, octave:0 }
   - { x:292., y:627., size:31., angle:2.7213824462890625e+002,
       response:7.4458173476159573e-003, octave:0 }
   - { x:183., y:530., size:31., angle:1.8338552474975586e+001,
       response:4.6597532927989960e-003, octave:0 }
   - { x:201., y:385., size:31., angle:3.5943176269531250e+002,
       response:5.7026008144021034e-003, octave:0 }
   - { x:541., y:628., size:31., angle:2.1953898620605469e+002,
       response:6.6293301060795784e-003, octave:0 }
   - { x:73., y:245., size:31., angle:3.1403366088867187e+002,
       response:6.4608533866703510e-003, octave:0 }
   - { x:88., y:383., size:31., angle:2.3161633300781250e+002,
       response:7.4627990834414959e-003, octave:0 }
   - { x:528., y:638., size:31., angle:2.6886788940429687e+002,
       response:5.5659567005932331e-003, octave:0 }
   - { x:321., y:753., size:31., angle:2.7434985351562500e+002,
       response:4.7460948117077351e-003, octave:0 }
   - { x:123., y:391., size:31., angle:1.2215562438964844e+002,
       response:4.8678563907742500e-003, octave:0 }
   - { x:190., y:317., size:31., angle:2.8920245361328125e+002,
       response:9.1410586610436440e-003, octave:0 }
   - { x:323., y:543., size:31., angle:1.0871334075927734e+001,
       response:6.2696714885532856e-003, octave:0 }
   - { x:90., y:393., size:31., angle:1.6712191772460938e+002,
       response:5.8012567460536957e-003, octave:0 }
   - { x:199., y:321., size:31., angle:3.1707138061523438e+001,
       response:1.1545047163963318e-002, octave:0 }
   - { x:312., y:384., size:31., angle:7.9569236755371094e+001,
       response:4.8851594328880310e-003, octave:0 }
   - { x:59., y:603., size:31., angle:2.5922418212890625e+002,
       response:5.3866077214479446e-003, octave:0 }
   - { x:133., y:376., size:31., angle:3.2099487304687500e+002,
       response:5.8084432967007160e-003, octave:0 }
   - { x:195., y:318., size:31., angle:1.4631027221679688e+001,
       response:7.2390837594866753e-003, octave:0 }
   - { x:34., y:289., size:31., angle:7.8842170715332031e+001,
       response:5.6125479750335217e-003, octave:0 }
   - { x:211., y:364., size:31., angle:1.2546998596191406e+002,
       response:6.6207130439579487e-003, octave:0 }
   - { x:34., y:305., size:31., angle:5.2850807189941406e+001,
       response:5.0348229706287384e-003, octave:0 }
   - { x:225., y:557., size:31., angle:3.6415164470672607e+000,
       response:5.9562614187598228e-003, octave:0 }
   - { x:222., y:557., size:31., angle:5.6914196014404297e+000,
       response:6.8691195920109749e-003, octave:0 }
   - { x:432., y:578., size:31., angle:2.4430694580078125e+002,
       response:5.3637577220797539e-003, octave:0 }
   - { x:217., y:553., size:31., angle:3.5465420532226562e+002,
       response:4.9351938068866730e-003, octave:0 }
   - { x:40., y:239., size:31., angle:2.2051119995117187e+002,
       response:4.7550415620207787e-003, octave:0 }
   - { x:72., y:240., size:31., angle:3.4677456665039062e+002,
       response:1.0527662001550198e-002, octave:0 }
   - { x:519., y:689., size:31., angle:2.7045516967773437e+002,
       response:5.9718363918364048e-003, octave:0 }
   - { x:208., y:361., size:31., angle:1.1063129425048828e+002,
       response:7.2828750126063824e-003, octave:0 }
   - { x:123., y:500., size:31., angle:1.7521578979492187e+002,
       response:6.3312756828963757e-003, octave:0 }
   - { x:369., y:609., size:31., angle:3.5015020751953125e+002,
       response:5.8122891932725906e-003, octave:0 }
   - { x:295., y:582., size:31., angle:1.3429089546203613e+001,
       response:7.6370020397007465e-003, octave:0 }
   - { x:110., y:560., size:31., angle:1.4621093750000000e+002,
       response:5.3241685964167118e-003, octave:0 }
   - { x:370., y:611., size:31., angle:3.3829147338867187e+002,
       response:6.2247286550700665e-003, octave:0 }
   - { x:534., y:610., size:31., angle:1.4807588195800781e+002,
       response:6.1466908082365990e-003, octave:0 }
   - { x:42., y:238., size:31., angle:2.1116978454589844e+002,
       response:6.0428953729569912e-003, octave:0 }
   - { x:217., y:95., size:31., angle:2.6600842285156250e+002,
       response:4.9777356907725334e-003, octave:0 }
   - { x:158., y:498., size:31., angle:1.6085363769531250e+002,
       response:4.6630450524389744e-003, octave:0 }
   - { x:208., y:494., size:31., angle:1.3283438110351562e+002,
       response:5.7201506569981575e-003, octave:0 }
   - { x:222., y:562., size:31., angle:2.5856283187866211e+001,
       response:8.9423386380076408e-003, octave:0 }
   - { x:291., y:534., size:31., angle:1.9544259643554687e+002,
       response:8.9430445805191994e-003, octave:0 }
   - { x:47., y:180., size:31., angle:1.4050402832031250e+002,
       response:4.9202730879187584e-003, octave:0 }
   - { x:455., y:703., size:31., angle:2.1992736816406250e+002,
       response:5.2332491613924503e-003, octave:0 }
   - { x:40., y:300., size:31., angle:1.2633848571777344e+002,
       response:5.6538851931691170e-003, octave:0 }
   - { x:293., y:630., size:31., angle:2.6301458740234375e+002,
       response:4.6019353903830051e-003, octave:0 }
   - { x:284., y:634., size:31., angle:3.0122979736328125e+002,
       response:7.1018561720848083e-003, octave:0 }
   - { x:89., y:469., size:31., angle:2.2259304046630859e+001,
       response:4.5472281053662300e-003, octave:0 }
   - { x:98., y:650., size:31., angle:7.0259189605712891e+000,
       response:3.8212831132113934e-003, octave:0 }
   - { x:113., y:260., size:31., angle:3.0952995300292969e+001,
       response:3.7318905815482140e-003, octave:0 }
   - { x:215., y:409., size:31., angle:1.3613119506835937e+002,
       response:3.8041325751692057e-003, octave:0 }
   - { x:544., y:171., size:31., angle:2.1008581542968750e+002,
       response:4.0893130935728550e-003, octave:0 }
   - { x:500., y:677., size:31., angle:2.1902072143554687e+002,
       response:4.3894588015973568e-003, octave:0 }
   - { x:117., y:364., size:31., angle:2.4088113403320312e+002,
       response:3.3659723121672869e-003, octave:0 }
   - { x:109., y:389., size:31., angle:6.6643783569335938e+001,
       response:4.2856098152697086e-003, octave:0 }
   - { x:282., y:370., size:31., angle:6.1314350128173828e+001,
       response:3.9301463402807713e-003, octave:0 }
   - { x:48., y:170., size:31., angle:2.3712971496582031e+002,
       response:3.4681933466345072e-003, octave:0 }
   - { x:188., y:544., size:31., angle:6.0044498443603516e+000,
       response:4.1886446997523308e-003, octave:0 }
   - { x:232., y:454., size:31., angle:2.4562416076660156e+002,
       response:3.4601986408233643e-003, octave:0 }
   - { x:93., y:419., size:31., angle:3.2372067260742187e+002,
       response:4.4215829111635685e-003, octave:0 }
   - { x:106., y:558., size:31., angle:1.2450669860839844e+002,
       response:3.7512111011892557e-003, octave:0 }
   - { x:101., y:735., size:31., angle:1.6701383590698242e+001,
       response:3.3770313020795584e-003, octave:0 }
   - { x:470., y:549., size:31., angle:1.8458377075195312e+002,
