%YAML:1.0
KeyPoints:
   - { x:211., y:125., size:31., angle:3.5995269775390625e+002,
       response:2.3219710215926170e-002, octave:0 }
   - { x:159., y:176., size:31., angle:8.0039810180664063e+001,
       response:1.9959243014454842e-002, octave:0 }
   - { x:125., y:35., size:31., angle:3.0162915039062500e+002,
       response:2.2168001160025597e-002, octave:0 }
   - { x:162., y:196., size:31., angle:2.4522448730468750e+002,
       response:2.5667520239949226e-002, octave:0 }
   - { x:213., y:119., size:31., angle:3.0475509643554687e+002,
       response:2.2164735943078995e-002, octave:0 }
   - { x:120., y:37., size:31., angle:1.8157550048828125e+002,
       response:1.8215622752904892e-002, octave:0 }
   - { x:125., y:38., size:31., angle:2.9164886474609375e+002,
       response:1.8093733116984367e-002, octave:0 }
   - { x:174., y:90., size:31., angle:2.9469958496093750e+002,
       response:1.7548108473420143e-002, octave:0 }
   - { x:166., y:227., size:31., angle:1.8071481323242187e+002,
       response:2.1673401817679405e-002, octave:0 }
   - { x:156., y:164., size:31., angle:1.7948005676269531e+002,
       response:1.7562447115778923e-002, octave:0 }
   - { x:132., y:44., size:31., angle:3.1141809082031250e+002,
       response:1.8477028235793114e-002, octave:0 }
   - { x:167., y:201., size:31., angle:2.7076083374023437e+002,
       response:2.0703516900539398e-002, octave:0 }
   - { x:159., y:77., size:31., angle:2.0851406860351562e+002,
       response:1.8145741894841194e-002, octave:0 }
   - { x:127., y:45., size:31., angle:1.7494787597656250e+002,
       response:1.7184684053063393e-002, octave:0 }
   - { x:148., y:122., size:31., angle:3.3200753784179687e+002,
       response:2.4670215323567390e-002, octave:0 }
   - { x:154., y:164., size:31., angle:1.8125604248046875e+002,
       response:1.8300522118806839e-002, octave:0 }
   - { x:190., y:249., size:31., angle:2.2877690792083740e+000,
       response:2.4169011041522026e-002, octave:0 }
   - { x:211., y:117., size:31., angle:2.9284234619140625e+002,
       response:3.2203048467636108e-002, octave:0 }
   - { x:204., y:110., size:31., angle:3.2192752075195312e+002,
       response:1.8964301794767380e-002, octave:0 }
   - { x:206., y:265., size:31., angle:2.1707751464843750e+002,
       response:1.9481563940644264e-002, octave:0 }
   - { x:226., y:140., size:31., angle:2.0006900024414062e+002,
       response:2.1467410027980804e-002, octave:0 }
   - { x:212., y:261., size:31., angle:2.7069705200195312e+002,
       response:2.9908625409007072e-002, octave:0 }
   - { x:176., y:261., size:31., angle:1.1480926513671875e+002,
       response:1.9380474463105202e-002, octave:0 }
   - { x:156., y:174., size:31., angle:1.3304206848144531e+002,
       response:2.4295667186379433e-002, octave:0 }
   - { x:212., y:127., size:31., angle:3.3951332092285156e+001,
       response:2.6139818131923676e-002, octave:0 }
   - { x:165., y:156., size:31., angle:2.4476286315917969e+002,
       response:2.2697757929563522e-002, octave:0 }
   - { x:185., y:186., size:31., angle:4.1300403594970703e+001,
       response:2.4078618735074997e-002, octave:0 }
   - { x:120., y:34., size:31., angle:2.1063595581054687e+002,
       response:1.6954116523265839e-002, octave:0 }
   - { x:140., y:62., size:31., angle:8.2671623229980469e+001,
       response:2.0787442103028297e-002, octave:0 }
   - { x:199., y:165., size:31., angle:7.0230552673339844e+001,
       response:1.9274409860372543e-002, octave:0 }
   - { x:223., y:164., size:31., angle:8.4000869750976563e+001,
       response:2.0004978403449059e-002, octave:0 }
   - { x:177., y:87., size:31., angle:2.8344018554687500e+002,
       response:2.3973679170012474e-002, octave:0 }
   - { x:230., y:164., size:31., angle:9.9878356933593750e+001,
       response:2.5832831859588623e-002, octave:0 }
   - { x:186., y:252., size:31., angle:6.6066070556640625e+001,
       response:2.8465652838349342e-002, octave:0 }
   - { x:133., y:68., size:31., angle:7.5962921142578125e+001,
       response:1.6555935144424438e-002, octave:0 }
   - { x:189., y:241., size:31., angle:3.0809011840820312e+002,
       response:3.0324770137667656e-002, octave:0 }
   - { x:181., y:96., size:31., angle:1.8257713317871094e+002,
       response:2.0927660167217255e-002, octave:0 }
   - { x:133., y:70., size:31., angle:7.5580650329589844e+001,
       response:2.0053906366229057e-002, octave:0 }
   - { x:185., y:178., size:31., angle:8.1248786926269531e+001,
       response:1.7338842153549194e-002, octave:0 }
   - { x:128., y:71., size:31., angle:1.3743086242675781e+002,
       response:2.2709436714649200e-002, octave:0 }
   - { x:165., y:154., size:31., angle:2.4875350952148437e+002,
       response:3.0173912644386292e-002, octave:0 }
   - { x:136., y:98., size:31., angle:1.7015078735351562e+002,
       response:2.2149056196212769e-002, octave:0 }
   - { x:206., y:257., size:31., angle:2.8596295166015625e+002,
       response:2.1799622103571892e-002, octave:0 }
   - { x:217., y:121., size:31., angle:3.1942678833007812e+002,
       response:1.8512472510337830e-002, octave:0 }
   - { x:152., y:125., size:31., angle:3.4933776855468750e+002,
       response:2.2005580365657806e-002, octave:0 }
   - { x:164., y:199., size:31., angle:2.4951817321777344e+002,
       response:2.1683745086193085e-002, octave:0 }
   - { x:160., y:75., size:31., angle:2.3300436401367187e+002,
       response:2.4192329496145248e-002, octave:0 }
   - { x:157., y:105., size:31., angle:6.5743011474609375e+001,
       response:1.6436660662293434e-002, octave:0 }
   - { x:128., y:68., size:31., angle:1.4890379333496094e+002,
       response:1.5526814386248589e-002, octave:0 }
   - { x:234., y:164., size:31., angle:1.2571023559570312e+002,
       response:1.4979966916143894e-002, octave:0 }
   - { x:195., y:164., size:31., angle:6.7434127807617187e+001,
       response:1.3005174696445465e-002, octave:0 }
   - { x:149., y:172., size:31., angle:1.7025520324707031e+002,
       response:1.4420137740671635e-002, octave:0 }
   - { x:197., y:244., size:31., angle:3.1704254150390625e+002,
       response:1.5019726939499378e-002, octave:0 }
   - { x:179., y:91., size:31., angle:2.6252609252929687e+002,
       response:1.3881018385291100e-002, octave:0 }
   - { x:178., y:247., size:31., angle:1.1940785217285156e+002,
       response:1.5335646457970142e-002, octave:0 }
   - { x:206., y:267., size:31., angle:2.1224256896972656e+002,
       response:1.3500448316335678e-002, octave:0 }
   - { x:179., y:260., size:31., angle:7.0690238952636719e+001,
       response:1.5717938542366028e-002, octave:0 }
   - { x:241., y:151., size:31., angle:3.0747601318359375e+002,
       response:1.4362966641783714e-002, octave:0 }
   - { x:241., y:155., size:31., angle:2.8684933471679687e+002,
       response:1.3826835900545120e-002, octave:0 }
   - { x:180., y:232., size:31., angle:3.4561886596679688e+002,
       response:1.4858907088637352e-002, octave:0 }
   - { x:265., y:172., size:31., angle:3.2684201049804687e+002,
       response:1.5948634594678879e-002, octave:0 }
   - { x:201., y:160., size:31., angle:4.7347324371337891e+001,
       response:1.4336946420371532e-002, octave:0 }
   - { x:199., y:160., size:31., angle:5.4121864318847656e+001,
       response:1.4327821321785450e-002, octave:0 }
   - { x:150., y:59., size:31., angle:3.4223120117187500e+002,
       response:1.3633473776280880e-002, octave:0 }
   - { x:202., y:111., size:31., angle:3.2562231445312500e+002,
       response:1.4735533855855465e-002, octave:0 }
   - { x:171., y:94., size:31., angle:8.8594635009765625e+001,
       response:1.3986887410283089e-002, octave:0 }
   - { x:182., y:208., size:31., angle:2.5429872512817383e+001,
       response:1.5569943934679031e-002, octave:0 }
   - { x:154., y:177., size:31., angle:1.3935720825195312e+002,
       response:1.4531438238918781e-002, octave:0 }
   - { x:202., y:255., size:31., angle:2.9199926757812500e+002,
