%YAML:1.0
KeyPoints:
   - { x:311., y:93., size:31., angle:2.6859170532226562e+002,
       response:1.4983387663960457e-002, octave:0 }
   - { x:311., y:120., size:31., angle:9.1254066467285156e+001,
       response:1.0335482656955719e-002, octave:0 }
   - { x:325., y:303., size:31., angle:2.8742947387695312e+002,
       response:1.2387421913444996e-002, octave:0 }
   - { x:446., y:455., size:31., angle:1.7236872863769531e+002,
       response:1.2362709268927574e-002, octave:0 }
   - { x:310., y:133., size:31., angle:4.5953968048095703e+001,
       response:1.0028994642198086e-002, octave:0 }
   - { x:128., y:653., size:31., angle:1.7196304321289062e+002,
       response:1.2715053744614124e-002, octave:0 }
   - { x:235., y:344., size:31., angle:5.9431659698486328e+001,
       response:8.6642075330018997e-003, octave:0 }
   - { x:106., y:646., size:31., angle:5.5217475891113281e+001,
       response:8.9731579646468163e-003, octave:0 }
   - { x:305., y:367., size:31., angle:1.3777445983886719e+002,
       response:1.0803737677633762e-002, octave:0 }
   - { x:311., y:188., size:31., angle:2.6405264282226562e+002,
       response:1.3095091097056866e-002, octave:0 }
   - { x:332., y:502., size:31., angle:3.1326947021484375e+002,
       response:1.0210883803665638e-002, octave:0 }
   - { x:147., y:595., size:31., angle:1.9132894897460937e+002,
       response:1.1608436703681946e-002, octave:0 }
   - { x:284., y:547., size:31., angle:1.7912017822265625e+002,
       response:1.0830677114427090e-002, octave:0 }
   - { x:459., y:570., size:31., angle:2.3107617187500000e+002,
       response:1.1769170872867107e-002, octave:0 }
   - { x:406., y:463., size:31., angle:1.2913754272460937e+002,
       response:1.0596017353236675e-002, octave:0 }
   - { x:102., y:620., size:31., angle:6.0688934326171875e+001,
       response:1.3017547316849232e-002, octave:0 }
   - { x:252., y:257., size:31., angle:1.0235360717773437e+002,
       response:1.0683167725801468e-002, octave:0 }
   - { x:429., y:569., size:31., angle:1.6076873779296875e+002,
       response:1.1630586348474026e-002, octave:0 }
   - { x:311., y:157., size:31., angle:9.1248481750488281e+001,
       response:9.0302331373095512e-003, octave:0 }
   - { x:438., y:551., size:31., angle:3.3718948364257812e+002,
       response:1.3120204210281372e-002, octave:0 }
   - { x:425., y:417., size:31., angle:1.3625509643554688e+002,
       response:9.1542797163128853e-003, octave:0 }
   - { x:181., y:559., size:31., angle:3.1531072998046875e+002,
       response:9.0445932000875473e-003, octave:0 }
   - { x:206., y:318., size:31., angle:9.4866188049316406e+001,
       response:1.2326743453741074e-002, octave:0 }
   - { x:300., y:388., size:31., angle:2.7360507202148437e+002,
       response:1.3064308091998100e-002, octave:0 }
   - { x:403., y:527., size:31., angle:1.2629563140869141e+002,
       response:9.0533113107085228e-003, octave:0 }
   - { x:402., y:467., size:31., angle:1.1125028991699219e+002,
       response:1.2247969396412373e-002, octave:0 }
   - { x:346., y:506., size:31., angle:2.4447532653808594e+002,
       response:1.0295306332409382e-002, octave:0 }
   - { x:410., y:311., size:31., angle:1.0046138000488281e+002,
       response:1.0803331620991230e-002, octave:0 }
   - { x:184., y:612., size:31., angle:1.2690052795410156e+002,
       response:1.3021895661950111e-002, octave:0 }
   - { x:245., y:270., size:31., angle:2.6727737426757812e+001,
       response:1.3585943728685379e-002, octave:0 }
   - { x:204., y:510., size:31., angle:2.3683226013183594e+002,
       response:1.1195857077836990e-002, octave:0 }
   - { x:321., y:294., size:31., angle:3.5872897338867187e+002,
       response:1.1865534819662571e-002, octave:0 }
   - { x:352., y:471., size:31., angle:1.1142122650146484e+002,
       response:1.1586580425500870e-002, octave:0 }
   - { x:454., y:582., size:31., angle:2.2632525634765625e+002,
       response:1.1457658372819424e-002, octave:0 }
   - { x:449., y:483., size:31., angle:3.4038388061523437e+002,
       response:9.7630470991134644e-003, octave:0 }
   - { x:197., y:547., size:31., angle:1.4893251037597656e+002,
       response:1.0991702787578106e-002, octave:0 }
   - { x:502., y:665., size:31., angle:2.5134890747070312e+002,
       response:9.6965497359633446e-003, octave:0 }
   - { x:444., y:582., size:31., angle:1.3241816711425781e+002,
       response:1.0692331008613110e-002, octave:0 }
   - { x:356., y:491., size:31., angle:2.2505130004882812e+002,
       response:9.5989974215626717e-003, octave:0 }
   - { x:115., y:591., size:31., angle:6.7002151489257813e+001,
       response:8.6162285879254341e-003, octave:0 }
   - { x:320., y:196., size:31., angle:1.2783724975585937e+002,
       response:6.3085774891078472e-003, octave:0 }
   - { x:217., y:369., size:31., angle:3.3691305541992187e+002,
       response:8.1178043037652969e-003, octave:0 }
   - { x:414., y:425., size:31., angle:6.3877437591552734e+001,
       response:8.1373313441872597e-003, octave:0 }
   - { x:145., y:564., size:31., angle:2.1471585083007812e+002,
       response:5.5167088285088539e-003, octave:0 }
   - { x:233., y:335., size:31., angle:4.7783084869384766e+001,
       response:7.0772413164377213e-003, octave:0 }
   - { x:177., y:422., size:31., angle:4.2797634124755859e+001,
       response:7.0252693258225918e-003, octave:0 }
   - { x:411., y:450., size:31., angle:3.1445669555664062e+002,
       response:7.5254011899232864e-003, octave:0 }
   - { x:434., y:562., size:31., angle:3.3250088500976562e+002,
       response:5.7839895598590374e-003, octave:0 }
   - { x:346., y:461., size:31., angle:1.7839231872558594e+002,
       response:8.0861570313572884e-003, octave:0 }
   - { x:373., y:462., size:31., angle:3.2268957519531250e+002,
       response:7.2004026733338833e-003, octave:0 }
   - { x:306., y:562., size:31., angle:3.3771994018554688e+002,
       response:7.0951562374830246e-003, octave:0 }
   - { x:387., y:480., size:31., angle:2.9886312484741211e+001,
       response:5.7450626045465469e-003, octave:0 }
   - { x:300., y:158., size:31., angle:1.5327308654785156e+002,
       response:5.1923738792538643e-003, octave:0 }
   - { x:196., y:433., size:31., angle:1.5164697265625000e+002,
       response:6.5602567046880722e-003, octave:0 }
   - { x:282., y:445., size:31., angle:1.1362576293945312e+002,
       response:5.6672696955502033e-003, octave:0 }
   - { x:396., y:376., size:31., angle:4.8146442413330078e+001,
       response:7.5174001976847649e-003, octave:0 }
   - { x:152., y:466., size:31., angle:3.5318627929687500e+002,
       response:7.6838633976876736e-003, octave:0 }
   - { x:434., y:560., size:31., angle:3.0595727539062500e+002,
       response:8.4592960774898529e-003, octave:0 }
   - { x:226., y:273., size:31., angle:1.6445501327514648e+001,
       response:4.7951950691640377e-003, octave:0 }
   - { x:318., y:166., size:31., angle:1.0962393188476562e+002,
       response:5.4252678528428078e-003, octave:0 }
   - { x:358., y:352., size:31., angle:2.1821920776367187e+002,
       response:6.6724298521876335e-003, octave:0 }
   - { x:372., y:378., size:31., angle:1.5884899902343750e+002,
       response:4.7915875911712646e-003, octave:0 }
   - { x:228., y:558., size:31., angle:2.6562008666992187e+002,
       response:5.2330363541841507e-003, octave:0 }
   - { x:305., y:168., size:31., angle:4.3407005310058594e+001,
       response:7.9983314499258995e-003, octave:0 }
   - { x:431., y:490., size:31., angle:8.0080436706542969e+001,
       response:5.0579383969306946e-003, octave:0 }
   - { x:111., y:634., size:31., angle:1.6163470458984375e+002,
       response:7.8324144706130028e-003, octave:0 }
   - { x:420., y:344., size:31., angle:1.3426907348632812e+002,
       response:5.0216782838106155e-003, octave:0 }
   - { x:448., y:576., size:31., angle:5.2208164215087891e+001,
       response:5.4809963330626488e-003, octave:0 }
   - { x:376., y:392., size:31., angle:1.7355696105957031e+002,
