%YAML:1.0
KeyPoints:
   - { x:346., y:84., size:31., angle:3.2778808593750000e+002,
       response:1.1334060691297054e-002, octave:0 }
   - { x:293., y:37., size:31., angle:2.1240383911132812e+002,
       response:8.4320418536663055e-003, octave:0 }
   - { x:327., y:743., size:31., angle:2.1058108520507812e+002,
       response:7.8818211331963539e-003, octave:0 }
   - { x:301., y:752., size:31., angle:3.3738916015625000e+002,
       response:8.0293053761124611e-003, octave:0 }
   - { x:313., y:39., size:31., angle:1.0238889312744141e+002,
       response:1.1185783892869949e-002, octave:0 }
   - { x:97., y:462., size:31., angle:2.3235652923583984e+001,
       response:8.4505621343851089e-003, octave:0 }
   - { x:378., y:656., size:31., angle:2.3708974838256836e+001,
       response:1.0002399794757366e-002, octave:0 }
   - { x:364., y:330., size:31., angle:1.4705657958984375e+002,
       response:9.9739730358123779e-003, octave:0 }
   - { x:303., y:753., size:31., angle:3.3698693847656250e+002,
       response:9.3238512054085732e-003, octave:0 }
   - { x:395., y:186., size:31., angle:3.2809848022460937e+002,
       response:8.1966174766421318e-003, octave:0 }
   - { x:387., y:377., size:31., angle:1.4981866455078125e+002,
       response:8.2604363560676575e-003, octave:0 }
   - { x:296., y:551., size:31., angle:3.3513381958007812e+002,
       response:1.0655991733074188e-002, octave:0 }
   - { x:539., y:317., size:31., angle:2.4321607589721680e+001,
       response:7.9518239945173264e-003, octave:0 }
   - { x:358., y:320., size:31., angle:1.4735910034179687e+002,
       response:1.0464750230312347e-002, octave:0 }
   - { x:341., y:287., size:31., angle:1.8374420166015625e+002,
       response:8.0787967890501022e-003, octave:0 }
   - { x:59., y:541., size:31., angle:2.3660793304443359e+001,
       response:1.2091921642422676e-002, octave:0 }
   - { x:525., y:469., size:31., angle:1.5100701904296875e+002,
       response:8.0702891573309898e-003, octave:0 }
   - { x:94., y:469., size:31., angle:2.8630104064941406e+001,
       response:1.1826436035335064e-002, octave:0 }
   - { x:497., y:412., size:31., angle:6.2433647155761719e+001,
       response:2.0055470988154411e-002, octave:0 }
   - { x:119., y:415., size:31., angle:2.5815412521362305e+001,
       response:9.4290459528565407e-003, octave:0 }
   - { x:60., y:539., size:31., angle:2.5284929275512695e+001,
       response:1.2586306780576706e-002, octave:0 }
   - { x:503., y:392., size:31., angle:1.4903687238693237e+000,
       response:9.7245983779430389e-003, octave:0 }
   - { x:68., y:287., size:31., angle:3.3050439453125000e+002,
       response:1.0353733785450459e-002, octave:0 }
   - { x:85., y:320., size:31., angle:3.2603265380859375e+002,
       response:9.2616025358438492e-003, octave:0 }
   - { x:432., y:328., size:31., angle:2.0973550415039062e+002,
       response:9.0750167146325111e-003, octave:0 }
   - { x:289., y:556., size:31., angle:1.4964117431640625e+002,
       response:1.0608980432152748e-002, octave:0 }
   - { x:124., y:407., size:31., angle:3.7399379730224609e+001,
       response:9.5165334641933441e-003, octave:0 }
   - { x:360., y:134., size:31., angle:1.4917193603515625e+002,
       response:9.8325097933411598e-003, octave:0 }
   - { x:363., y:328., size:31., angle:1.4417285156250000e+002,
       response:1.2699991464614868e-002, octave:0 }
   - { x:54., y:280., size:31., angle:1.5037203979492188e+002,
       response:1.2799600139260292e-002, octave:0 }
   - { x:210., y:395., size:31., angle:2.1082263183593750e+002,
       response:9.1124437749385834e-003, octave:0 }
   - { x:483., y:412., size:31., angle:1.9803215026855469e+002,
       response:9.1864420101046562e-003, octave:0 }
   - { x:242., y:444., size:31., angle:3.3456036376953125e+002,
       response:8.5598649457097054e-003, octave:0 }
   - { x:40., y:559., size:31., angle:2.0286837768554687e+002,
       response:1.2441026046872139e-002, octave:0 }
   - { x:131., y:392., size:31., angle:1.7550193786621094e+001,
       response:9.8414644598960876e-003, octave:0 }
   - { x:39., y:561., size:31., angle:2.0533644104003906e+002,
       response:1.2443038634955883e-002, octave:0 }
   - { x:434., y:327., size:31., angle:2.1430181884765625e+002,
       response:1.0014498606324196e-002, octave:0 }
   - { x:438., y:273., size:31., angle:3.2488766479492187e+002,
       response:1.0230216197669506e-002, octave:0 }
   - { x:361., y:327., size:31., angle:1.4775415039062500e+002,
       response:9.1672325506806374e-003, octave:0 }
   - { x:341., y:99., size:31., angle:1.4961898803710937e+002,
       response:1.2820152565836906e-002, octave:0 }
   - { x:411., y:394., size:31., angle:2.1553363800048828e+001,
       response:1.0257565416395664e-002, octave:0 }
   - { x:296., y:571., size:31., angle:1.5405575561523438e+002,
       response:8.0785080790519714e-003, octave:0 }
   - { x:269., y:106., size:31., angle:3.6985004425048828e+001,
       response:8.8281193748116493e-003, octave:0 }
   - { x:307., y:762., size:31., angle:2.7292233276367187e+002,
       response:1.1192227713763714e-002, octave:0 }
   - { x:497., y:387., size:31., angle:2.0745738220214844e+002,
       response:1.0715248063206673e-002, octave:0 }
   - { x:221., y:422., size:31., angle:1.1730960083007812e+002,
       response:1.4987803064286709e-002, octave:0 }
   - { x:528., y:320., size:31., angle:2.1199011230468750e+002,
       response:1.0129800997674465e-002, octave:0 }
   - { x:312., y:228., size:31., angle:1.5085499572753906e+002,
       response:9.1553032398223877e-003, octave:0 }
   - { x:276., y:511., size:31., angle:3.5659313964843750e+002,
       response:9.6354540437459946e-003, octave:0 }
   - { x:347., y:109., size:31., angle:1.4894081115722656e+002,
       response:1.0178078897297382e-002, octave:0 }
   - { x:357., y:318., size:31., angle:1.4238938903808594e+002,
       response:1.1266155168414116e-002, octave:0 }
   - { x:264., y:114., size:31., angle:2.3946979522705078e+001,
       response:1.2332913465797901e-002, octave:0 }
   - { x:230., y:375., size:31., angle:3.2546562194824219e+001,
       response:1.0324179194867611e-002, octave:0 }
   - { x:409., y:596., size:31., angle:4.8959785461425781e+001,
       response:8.4256045520305634e-003, octave:0 }
   - { x:230., y:608., size:31., angle:3.2947198486328125e+002,
       response:1.3701234944164753e-002, octave:0 }
   - { x:232., y:374., size:31., angle:3.0900001525878906e+001,
       response:8.1457467749714851e-003, octave:0 }
   - { x:36., y:241., size:31., angle:1.4338275146484375e+002,
       response:8.2008549943566322e-003, octave:0 }
   - { x:449., y:315., size:31., angle:3.0732885360717773e+001,
       response:9.3578938394784927e-003, octave:0 }
   - { x:250., y:315., size:31., angle:1.2066791534423828e+002,
       response:9.5552802085876465e-003, octave:0 }
   - { x:236., y:618., size:31., angle:3.3057070922851562e+002,
       response:8.7290368974208832e-003, octave:0 }
   - { x:232., y:633., size:31., angle:1.4879174804687500e+002,
       response:1.0147306136786938e-002, octave:0 }
   - { x:358., y:133., size:31., angle:1.4950233459472656e+002,
       response:9.1313738375902176e-003, octave:0 }
   - { x:377., y:658., size:31., angle:2.1517242431640625e+001,
       response:1.0161198675632477e-002, octave:0 }
   - { x:34., y:240., size:31., angle:1.4689817810058594e+002,
       response:8.5970889776945114e-003, octave:0 }
   - { x:247., y:665., size:31., angle:1.5556042480468750e+002,
       response:9.7976448014378548e-003, octave:0 }
   - { x:176., y:501., size:31., angle:3.4903543090820312e+002,
       response:1.1733579449355602e-002, octave:0 }
   - { x:244., y:350., size:31., angle:2.1283725738525391e+001,
       response:9.1004576534032822e-003, octave:0 }
   - { x:252., y:673., size:31., angle:1.5040098571777344e+002,
       response:1.3062705285847187e-002, octave:0 }
   - { x:369., y:678., size:31., angle:2.6305007934570313e+001,
