%YAML:1.0
KeyPoints:
   - { x:348., y:409., size:31., angle:2.6795721435546875e+002,
       response:2.3743275552988052e-002, octave:0 }
   - { x:169., y:439., size:31., angle:3.0455706787109375e+002,
       response:1.2119720689952374e-002, octave:0 }
   - { x:320., y:49., size:31., angle:2.8678375244140625e+002,
       response:1.1488400399684906e-002, octave:0 }
   - { x:359., y:430., size:31., angle:1.4775966644287109e+001,
       response:2.2004429250955582e-002, octave:0 }
   - { x:318., y:430., size:31., angle:3.2632635498046875e+002,
       response:1.8710965290665627e-002, octave:0 }
   - { x:304., y:477., size:31., angle:9.0722396850585937e+001,
       response:2.0251890644431114e-002, octave:0 }
   - { x:256., y:477., size:31., angle:8.3986877441406250e+001,
       response:1.8256071954965591e-002, octave:0 }
   - { x:169., y:477., size:31., angle:8.7405761718750000e+001,
       response:1.8584169447422028e-002, octave:0 }
   - { x:418., y:474., size:31., angle:1.0752682495117187e+002,
       response:1.6323847696185112e-002, octave:0 }
   - { x:335., y:473., size:31., angle:1.0251591491699219e+002,
       response:1.5754237771034241e-002, octave:0 }
   - { x:164., y:423., size:31., angle:1.9611038208007812e+002,
       response:1.2618793174624443e-002, octave:0 }
   - { x:417., y:472., size:31., angle:1.1912814331054687e+002,
       response:1.6030550003051758e-002, octave:0 }
   - { x:414., y:465., size:31., angle:1.4633639526367187e+002,
       response:1.6222318634390831e-002, octave:0 }
   - { x:298., y:465., size:31., angle:1.4973605346679687e+002,
       response:2.0504422485828400e-002, octave:0 }
   - { x:355., y:423., size:31., angle:3.4493515014648437e+002,
       response:2.6235353201627731e-002, octave:0 }
   - { x:402., y:423., size:31., angle:3.5922192382812500e+002,
       response:2.9824135825037956e-002, octave:0 }
   - { x:332., y:445., size:31., angle:3.5002532958984375e+002,
       response:1.5581754036247730e-002, octave:0 }
   - { x:312., y:455., size:31., angle:7.0403770446777344e+001,
       response:2.0330270752310753e-002, octave:0 }
   - { x:309., y:424., size:31., angle:3.1792233276367187e+002,
       response:1.2242269702255726e-002, octave:0 }
   - { x:176., y:465., size:31., angle:4.6847763061523438e+001,
       response:1.9580960273742676e-002, octave:0 }
   - { x:161., y:465., size:31., angle:1.5636473083496094e+002,
       response:1.8739329650998116e-002, octave:0 }
   - { x:338., y:425., size:31., angle:2.5822631835937500e+002,
       response:1.1773859150707722e-002, octave:0 }
   - { x:341., y:427., size:31., angle:1.7839479064941406e+002,
       response:1.2297334149479866e-002, octave:0 }
   - { x:309., y:433., size:31., angle:1.3421755981445312e+002,
       response:1.1428118683397770e-002, octave:0 }
   - { x:427., y:457., size:31., angle:3.2221599578857422e+001,
       response:1.6362743452191353e-002, octave:0 }
   - { x:309., y:288., size:31., angle:1.0566672515869141e+002,
       response:1.2703482061624527e-002, octave:0 }
   - { x:304., y:408., size:31., angle:2.6853051757812500e+002,
       response:1.9563432782888412e-002, octave:0 }
   - { x:328., y:408., size:31., angle:2.6916760253906250e+002,
       response:1.9092798233032227e-002, octave:0 }
   - { x:169., y:409., size:31., angle:2.7242553710937500e+002,
       response:2.1712049841880798e-002, octave:0 }
   - { x:255., y:409., size:31., angle:2.6918048095703125e+002,
       response:2.4141317233443260e-002, octave:0 }
   - { x:390., y:477., size:31., angle:9.6021331787109375e+001,
       response:1.8376931548118591e-002, octave:0 }
   - { x:391., y:409., size:31., angle:2.8285742187500000e+002,
       response:2.4212395772337914e-002, octave:0 }
   - { x:410., y:456., size:31., angle:1.7108897399902344e+002,
       response:1.5886008739471436e-002, octave:0 }
   - { x:304., y:428., size:31., angle:1.3273629760742187e+002,
       response:1.2030172161757946e-002, octave:0 }
   - { x:296., y:465., size:31., angle:1.5840792846679687e+002,
       response:1.6001667827367783e-002, octave:0 }
   - { x:296., y:455., size:31., angle:1.7204408264160156e+002,
       response:1.7810372635722160e-002, octave:0 }
   - { x:275., y:455., size:31., angle:9.0337547302246094e+001,
       response:2.2731095552444458e-002, octave:0 }
   - { x:235., y:455., size:31., angle:9.2325126647949219e+001,
       response:2.2295201197266579e-002, octave:0 }
   - { x:378., y:413., size:31., angle:2.1871386718750000e+002,
       response:2.1446906030178070e-002, octave:0 }
   - { x:409., y:413., size:31., angle:2.6689462280273437e+002,
       response:1.7803343012928963e-002, octave:0 }
   - { x:176., y:455., size:31., angle:3.3341079711914062e+001,
       response:2.4913938716053963e-002, octave:0 }
   - { x:354., y:414., size:31., angle:3.0346258544921875e+002,
       response:2.1325804293155670e-002, octave:0 }
   - { x:356., y:414., size:31., angle:3.1451483154296875e+002,
       response:1.3547155074775219e-002, octave:0 }
   - { x:376., y:414., size:31., angle:2.1404190063476562e+002,
       response:1.3447998091578484e-002, octave:0 }
   - { x:331., y:426., size:31., angle:8.0782546997070312e+000,
       response:1.4488089829683304e-002, octave:0 }
   - { x:339., y:416., size:31., angle:2.7545239257812500e+002,
       response:1.2352095916867256e-002, octave:0 }
   - { x:317., y:417., size:31., angle:2.5425947570800781e+002,
       response:1.9224094226956367e-002, octave:0 }
   - { x:161., y:455., size:31., angle:1.7252709960937500e+002,
       response:2.4931773543357849e-002, octave:0 }
   - { x:325., y:454., size:31., angle:1.2702540588378906e+002,
       response:1.2788809835910797e-002, octave:0 }
   - { x:352., y:453., size:31., angle:3.1590106201171875e+002,
       response:1.5067476779222488e-002, octave:0 }
   - { x:358., y:452., size:31., angle:3.4087304687500000e+002,
       response:1.5799149870872498e-002, octave:0 }
   - { x:332., y:455., size:31., angle:3.2071598052978516e+001,
       response:1.4768343418836594e-002, octave:0 }
   - { x:304., y:448., size:31., angle:1.5604718017578125e+002,
       response:1.1498353444039822e-002, octave:0 }
   - { x:332., y:457., size:31., angle:5.1869728088378906e+001,
       response:1.3300005346536636e-002, octave:0 }
   - { x:300., y:444., size:31., angle:1.7624925231933594e+002,
       response:1.1605778709053993e-002, octave:0 }
   - { x:428., y:444., size:31., angle:3.0136492919921875e+002,
       response:1.3786597177386284e-002, octave:0 }
   - { x:309., y:444., size:31., angle:3.2479664683341980e-001,
       response:1.1836117133498192e-002, octave:0 }
   - { x:327., y:427., size:31., angle:1.2069333648681641e+002,
       response:1.4367685653269291e-002, octave:0 }
   - { x:164., y:443., size:31., angle:1.7721675109863281e+002,
       response:1.2089065276086330e-002, octave:0 }
   - { x:216., y:462., size:31., angle:4.0949676513671875e+001,
       response:1.1586459353566170e-002, octave:0 }
   - { x:380., y:440., size:31., angle:1.7748510742187500e+002,
       response:1.8699152395129204e-002, octave:0 }
   - { x:401., y:439., size:31., angle:1.8773794174194336e+001,
       response:1.6260031610727310e-002, octave:0 }
   - { x:304., y:439., size:31., angle:2.4852838134765625e+002,
       response:1.2530984356999397e-002, octave:0 }
   - { x:326., y:420., size:31., angle:2.5450782775878906e+002,
       response:1.1633668094873428e-002, octave:0 }
   - { x:331., y:421., size:31., angle:3.1317822265625000e+002,
       response:1.4570570550858974e-002, octave:0 }
   - { x:174., y:434., size:31., angle:2.6855892181396484e+001,
       response:1.1615471914410591e-002, octave:0 }
   - { x:299., y:433., size:31., angle:1.8002429199218750e+002,
       response:1.2169155292212963e-002, octave:0 }
   - { x:169., y:428., size:31., angle:5.9324440002441406e+001,
       response:1.1755570769309998e-002, octave:0 }
   - { x:163., y:433., size:31., angle:1.8065032958984375e+002,
