%YAML:1.0
KeyPoints:
   - { x:298., y:559., size:31., angle:2.2634490966796875e+002,
       response:5.2885554032400250e-004, octave:0 }
   - { x:334., y:546., size:31., angle:3.0009613037109375e+002,
       response:4.8567136400379241e-004, octave:0 }
   - { x:409., y:603., size:31., angle:3.0545190429687500e+002,
       response:4.1670509381219745e-004, octave:0 }
   - { x:304., y:548., size:31., angle:2.1950451660156250e+002,
       response:5.5511854588985443e-004, octave:0 }
   - { x:332., y:550., size:31., angle:3.0587060546875000e+002,
       response:2.3365009110420942e-004, octave:0 }
   - { x:302., y:550., size:31., angle:2.2189877319335937e+002,
       response:4.1086302371695638e-004, octave:0 }
   - { x:309., y:550., size:31., angle:2.1168899536132813e+002,
       response:4.5946647878736258e-004, octave:0 }
   - { x:341., y:551., size:31., angle:3.0036193847656250e+002,
       response:3.5320769529789686e-004, octave:0 }
   - { x:293., y:560., size:31., angle:2.2336502075195312e+002,
       response:3.0914260423742235e-004, octave:0 }
   - { x:428., y:426., size:31., angle:5.4649078369140625e+001,
       response:1.5331675531342626e-003, octave:0 }
   - { x:301., y:558., size:31., angle:2.2386837768554687e+002,
       response:3.6229376564733684e-004, octave:0 }
   - { x:283., y:573., size:31., angle:2.3195780944824219e+002,
       response:2.9694772092625499e-004, octave:0 }
   - { x:305., y:550., size:31., angle:2.1723313903808594e+002,
       response:9.5406064065173268e-004, octave:0 }
   - { x:299., y:555., size:31., angle:2.2314888000488281e+002,
       response:5.2382162539288402e-004, octave:0 }
   - { x:376., y:579., size:31., angle:3.0873715209960937e+002,
       response:2.3785947996657342e-004, octave:0 }
   - { x:288., y:571., size:31., angle:2.3672271728515625e+002,
       response:4.5066274469718337e-004, octave:0 }
   - { x:443., y:629., size:31., angle:2.1211614990234375e+002,
       response:3.8214449887163937e-004, octave:0 }
   - { x:191., y:475., size:31., angle:1.1882314300537109e+002,
       response:6.3521636184304953e-004, octave:0 }
   - { x:332., y:545., size:31., angle:2.9872048950195312e+002,
       response:4.0818753768689930e-004, octave:0 }
   - { x:285., y:571., size:31., angle:2.3151480102539062e+002,
       response:3.4921176848001778e-004, octave:0 }
   - { x:453., y:636., size:31., angle:1.6056820678710937e+002,
       response:2.3856553889345378e-004, octave:0 }
   - { x:408., y:600., size:31., angle:3.0649566650390625e+002,
       response:4.6177368494682014e-004, octave:0 }
   - { x:295., y:563., size:31., angle:2.2593435668945313e+002,
       response:4.9875961849465966e-004, octave:0 }
   - { x:405., y:600., size:31., angle:3.0527560424804687e+002,
       response:6.1718153301626444e-004, octave:0 }
   - { x:387., y:583., size:31., angle:3.0516070556640625e+002,
       response:2.2413706756196916e-004, octave:0 }
   - { x:353., y:562., size:31., angle:2.8707864379882813e+002,
       response:6.1227829428389668e-004, octave:0 }
   - { x:309., y:545., size:31., angle:2.2773027038574219e+002,
       response:5.9202924603596330e-004, octave:0 }
   - { x:348., y:559., size:31., angle:2.8495458984375000e+002,
       response:6.5024610375985503e-004, octave:0 }
   - { x:464., y:645., size:31., angle:7.6787048339843750e+001,
       response:4.8607765347696841e-004, octave:0 }
   - { x:352., y:558., size:31., angle:2.9337551879882812e+002,
       response:5.6961568770930171e-004, octave:0 }
   - { x:344., y:558., size:31., angle:2.7753207397460937e+002,
       response:2.6954623172059655e-004, octave:0 }
   - { x:406., y:598., size:31., angle:3.0632949829101562e+002,
       response:4.2161828605458140e-004, octave:0 }
   - { x:295., y:558., size:31., angle:2.2247669982910156e+002,
       response:2.3492507170885801e-004, octave:0 }
   - { x:347., y:554., size:31., angle:2.9743817138671875e+002,
       response:2.9276104760356247e-004, octave:0 }
   - { x:342., y:554., size:31., angle:2.9370129394531250e+002,
       response:4.1491238516755402e-004, octave:0 }
   - { x:399., y:596., size:31., angle:2.9948504638671875e+002,
       response:2.5648451992310584e-004, octave:0 }
   - { x:387., y:587., size:31., angle:3.0107656860351562e+002,
       response:4.5186310308054090e-004, octave:0 }
   - { x:305., y:554., size:31., angle:2.2514135742187500e+002,
       response:4.6384255983866751e-004, octave:0 }
   - { x:382., y:583., size:31., angle:3.0168518066406250e+002,
       response:3.0323880491778255e-004, octave:0 }
   - { x:462., y:639., size:31., angle:7.1303253173828125e+001,
       response:2.5915802689269185e-004, octave:0 }
   - { x:492., y:688., size:31., angle:3.4094061279296875e+002,
       response:7.3223456274718046e-004, octave:0 }
   - { x:302., y:554., size:31., angle:2.2413717651367187e+002,
       response:7.7238446101546288e-004, octave:0 }
   - { x:168., y:747., size:31., angle:2.0419438171386719e+002,
       response:2.4249055422842503e-004, octave:0 }
   - { x:487., y:720., size:31., angle:6.1172321319580078e+001,
       response:1.1698238085955381e-003, octave:0 }
   - { x:61., y:306., size:31., angle:1.9659284973144531e+002,
       response:2.8783202287741005e-004, octave:0 }
   - { x:406., y:603., size:31., angle:2.5683410644531250e+002,
       response:4.1487111593596637e-004, octave:0 }
   - { x:306., y:546., size:31., angle:2.2327644348144531e+002,
       response:6.4668915001675487e-004, octave:0 }
   - { x:336., y:550., size:31., angle:2.9105484008789062e+002,
       response:5.5735179921612144e-004, octave:0 }
   - { x:190., y:684., size:31., angle:2.4184440612792969e+002,
       response:2.2252462804317474e-004, octave:0 }
   - { x:317., y:602., size:31., angle:7.4036575317382813e+001,
       response:2.1227328397799283e-004, octave:0 }
   - { x:295., y:567., size:31., angle:2.2940835571289062e+002,
       response:9.6009141998365521e-005, octave:0 }
   - { x:371., y:575., size:31., angle:3.0764089965820312e+002,
       response:1.0367466893512756e-004, octave:0 }
   - { x:129., y:356., size:31., angle:1.2570289611816406e+002,
       response:1.0073284647660330e-004, octave:0 }
   - { x:281., y:575., size:31., angle:2.3014305114746094e+002,
       response:1.6982693341560662e-004, octave:0 }
   - { x:329., y:543., size:31., angle:3.0014587402343750e+002,
       response:1.0231645137537271e-004, octave:0 }
   - { x:168., y:393., size:31., angle:1.7355143737792969e+002,
       response:9.1371803137008101e-005, octave:0 }
   - { x:149., y:373., size:31., angle:2.7172912597656250e+002,
       response:1.4092445780988783e-004, octave:0 }
   - { x:448., y:632., size:31., angle:1.8826516723632812e+002,
       response:1.6328913625329733e-004, octave:0 }
   - { x:106., y:322., size:31., angle:3.0448385620117187e+002,
       response:1.2337816588114947e-004, octave:0 }
   - { x:105., y:324., size:31., angle:3.0953039550781250e+002,
       response:1.4438718790188432e-004, octave:0 }
   - { x:105., y:328., size:31., angle:1.0415174865722656e+002,
       response:1.2374237121548504e-004, octave:0 }
   - { x:106., y:331., size:31., angle:1.1879913330078125e+002,
       response:1.0213814675807953e-004, octave:0 }
   - { x:459., y:634., size:31., angle:2.2449278259277344e+002,
       response:1.7046292487066239e-004, octave:0 }
   - { x:459., y:636., size:31., angle:1.6615542602539062e+002,
       response:1.6222005069721490e-004, octave:0 }
   - { x:429., y:431., size:31., angle:3.5420688629150391e+001,
       response:2.1840105182491243e-004, octave:0 }
   - { x:437., y:625., size:31., angle:2.1380868530273437e+002,
       response:1.6573721950408071e-004, octave:0 }
   - { x:89., y:310., size:31., angle:2.4647879028320312e+002,
       response:1.2594948930200189e-004, octave:0 }
   - { x:315., y:542., size:31., angle:2.5177880859375000e+002,
       response:1.1139706475660205e-004, octave:0 }
   - { x:126., y:405., size:31., angle:1.3698945617675781e+002,
