%YAML:1.0
KeyPoints:
   - { x:693., y:464., size:31., angle:8.4195030212402344e+001,
       response:1.7391541041433811e-004, octave:0 }
   - { x:355., y:643., size:31., angle:1.6289747619628906e+002,
       response:1.6014810535125434e-004, octave:0 }
   - { x:414., y:798., size:31., angle:1.6478952026367188e+002,
       response:9.3019603809807450e-005, octave:0 }
   - { x:556., y:170., size:31., angle:8.8615089416503906e+001,
       response:2.0318965835031122e-004, octave:0 }
   - { x:642., y:645., size:31., angle:9.9329139709472656e+001,
       response:1.6902830975595862e-004, octave:0 }
   - { x:469., y:797., size:31., angle:2.3610000610351562e+002,
       response:1.6579845396336168e-004, octave:0 }
   - { x:433., y:412., size:31., angle:2.3355992126464844e+002,
       response:1.0691895295167342e-004, octave:0 }
   - { x:676., y:414., size:31., angle:3.0595324707031250e+002,
       response:1.0417751036584377e-004, octave:0 }
   - { x:1065., y:419., size:31., angle:3.4388381958007812e+002,
       response:4.0897115832194686e-004, octave:0 }
   - { x:514., y:421., size:31., angle:5.3630603790283203e+001,
       response:1.6987194248940796e-004, octave:0 }
   - { x:414., y:795., size:31., angle:1.6488739013671875e+002,
       response:1.6814569244161248e-004, octave:0 }
   - { x:750., y:646., size:31., angle:1.8568470001220703e+001,
       response:1.4475517673417926e-004, octave:0 }
   - { x:163., y:450., size:31., angle:1.9118906021118164e+001,
       response:2.4837127421051264e-004, octave:0 }
   - { x:731., y:792., size:31., angle:2.0626919555664062e+002,
       response:2.3712660185992718e-004, octave:0 }
   - { x:770., y:455., size:31., angle:8.4530776977539063e+001,
       response:1.7297601152677089e-004, octave:0 }
   - { x:458., y:791., size:31., angle:2.5954541015625000e+002,
       response:2.1753458713646978e-004, octave:0 }
   - { x:795., y:456., size:31., angle:6.0445365905761719e+001,
       response:1.7435601330362260e-004, octave:0 }
   - { x:944., y:457., size:31., angle:1.6293450927734375e+002,
       response:2.2487895330414176e-004, octave:0 }
   - { x:594., y:649., size:31., angle:8.1587814331054687e+001,
       response:8.2005390140693635e-005, octave:0 }
   - { x:474., y:788., size:31., angle:1.7750823974609375e+002,
       response:1.9382975006010383e-004, octave:0 }
   - { x:731., y:785., size:31., angle:2.0409167480468750e+002,
       response:9.7956683021038771e-005, octave:0 }
   - { x:593., y:464., size:31., angle:9.5065345764160156e+001,
       response:1.1457969230832532e-004, octave:0 }
   - { x:598., y:464., size:31., angle:9.1735778808593750e+001,
       response:1.1678067676257342e-004, octave:0 }
   - { x:731., y:782., size:31., angle:2.0186299133300781e+002,
       response:3.2405188539996743e-004, octave:0 }
   - { x:446., y:779., size:31., angle:3.2037481689453125e+002,
       response:1.8182894564233720e-004, octave:0 }
   - { x:439., y:667., size:31., angle:1.3912960815429687e+002,
       response:1.4084704162087291e-004, octave:0 }
   - { x:432., y:823., size:31., angle:2.5041967773437500e+002,
       response:1.4938073582015932e-004, octave:0 }
   - { x:698., y:464., size:31., angle:8.6090988159179688e+001,
       response:1.8303516844753176e-004, octave:0 }
   - { x:704., y:464., size:31., angle:8.6494628906250000e+001,
       response:1.7757942259777337e-004, octave:0 }
   - { x:709., y:464., size:31., angle:9.3498062133789063e+001,
       response:1.8367067968938500e-004, octave:0 }
   - { x:713., y:464., size:31., angle:9.3776161193847656e+001,
       response:2.1792075131088495e-004, octave:0 }
   - { x:730., y:464., size:31., angle:9.1670631408691406e+001,
       response:1.1728073150152341e-004, octave:0 }
   - { x:747., y:464., size:31., angle:1.0137028503417969e+002,
       response:1.2204839003970847e-004, octave:0 }
   - { x:768., y:464., size:31., angle:8.1678619384765625e+001,
       response:1.6443758795503527e-004, octave:0 }
   - { x:793., y:464., size:31., angle:6.1167606353759766e+001,
       response:1.9043509382754564e-004, octave:0 }
   - { x:731., y:723., size:31., angle:1.5397540283203125e+002,
       response:2.4995402782224119e-004, octave:0 }
   - { x:531., y:688., size:31., angle:9.6106033325195313e+001,
       response:1.2158362369518727e-004, octave:0 }
   - { x:526., y:685., size:31., angle:1.0101200866699219e+002,
       response:1.9147004059050232e-004, octave:0 }
   - { x:792., y:915., size:31., angle:2.3393241882324219e+002,
       response:2.2992488811723888e-004, octave:0 }
   - { x:309., y:910., size:31., angle:3.0849896240234375e+002,
       response:3.1543639488518238e-004, octave:0 }
   - { x:787., y:901., size:31., angle:1.3173176574707031e+002,
       response:6.3166511245071888e-004, octave:0 }
   - { x:775., y:898., size:31., angle:3.3306518554687500e+002,
       response:3.9883775752969086e-004, octave:0 }
   - { x:771., y:897., size:31., angle:3.0993093872070312e+002,
       response:4.8321529175154865e-004, octave:0 }
   - { x:776., y:895., size:31., angle:2.7493991088867187e+002,
       response:4.0167089900933206e-004, octave:0 }
   - { x:775., y:892., size:31., angle:2.2856167602539062e+002,
       response:1.7699532327242196e-004, octave:0 }
   - { x:770., y:889., size:31., angle:3.1336712646484375e+002,
       response:3.6373655893839896e-004, octave:0 }
   - { x:233., y:1013., size:31., angle:1.2788034820556641e+002,
       response:3.1949844560585916e-004, octave:0 }
   - { x:770., y:871., size:31., angle:3.5556530761718750e+002,
       response:3.7106321542523801e-004, octave:0 }
   - { x:634., y:547., size:31., angle:2.6388128662109375e+002,
       response:1.0531432053539902e-004, octave:0 }
   - { x:731., y:869., size:31., angle:2.8896914672851562e+002,
       response:2.0281846809666604e-004, octave:0 }
   - { x:769., y:868., size:31., angle:6.3288164138793945e+000,
       response:1.0095533070852980e-004, octave:0 }
   - { x:718., y:860., size:31., angle:3.3406463623046875e+002,
       response:1.8640034249983728e-004, octave:0 }
   - { x:769., y:857., size:31., angle:5.8372005462646484e+001,
       response:8.1533646152820438e-005, octave:0 }
   - { x:770., y:855., size:31., angle:7.6514038085937500e+001,
       response:3.3179292222484946e-004, octave:0 }
   - { x:707., y:852., size:31., angle:2.9910742187500000e+002,
       response:1.9137765048071742e-004, octave:0 }
   - { x:770., y:851., size:31., angle:8.1858192443847656e+001,
       response:2.8056270093657076e-004, octave:0 }
   - { x:690., y:840., size:31., angle:2.6346759033203125e+002,
       response:1.3993971515446901e-004, octave:0 }
   - { x:688., y:837., size:31., angle:2.6887622070312500e+002,
       response:3.6708367406390607e-004, octave:0 }
   - { x:709., y:556., size:31., angle:2.9146777343750000e+002,
       response:1.4129075862001628e-004, octave:0 }
   - { x:712., y:556., size:31., angle:2.8593292236328125e+002,
       response:1.7383827071171254e-004, octave:0 }
   - { x:709., y:836., size:31., angle:2.0284494018554687e+002,
       response:3.1917364685796201e-004, octave:0 }
   - { x:696., y:836., size:31., angle:2.5417135620117187e+002,
       response:2.6677703135646880e-004, octave:0 }
   - { x:716., y:559., size:31., angle:2.8153106689453125e+002,
       response:2.6991037884727120e-004, octave:0 }
   - { x:692., y:836., size:31., angle:2.6088717651367187e+002,
       response:6.1682064551860094e-004, octave:0 }
   - { x:708., y:834., size:31., angle:2.0858264160156250e+002,
       response:4.7345264465548098e-004, octave:0 }
   - { x:561., y:567., size:31., angle:2.9496646118164062e+002,
       response:9.7057782113552094e-005, octave:0 }
   - { x:715., y:570., size:31., angle:1.9426246643066406e+002,
       response:1.1197942512808368e-004, octave:0 }
   - { x:706., y:834., size:31., angle:2.1633776855468750e+002,
       response:4.4461624929681420e-004, octave:0 }
   - { x:696., y:832., size:31., angle:2.4427514648437500e+002,
