%YAML:1.0
KeyPoints:
   - { x:152., y:355., size:31., angle:2.2012829589843750e+002,
       response:5.1559084095060825e-003, octave:0 }
   - { x:158., y:162., size:31., angle:2.6153131103515625e+002,
       response:1.4622659655287862e-003, octave:0 }
   - { x:402., y:422., size:31., angle:6.3396678924560547e+001,
       response:-1.5323150728363544e-004, octave:0 }
   - { x:153., y:416., size:31., angle:6.8926625251770020e+000,
       response:9.9177248775959015e-003, octave:0 }
   - { x:168., y:227., size:31., angle:1.1649333190917969e+002,
       response:1.7930555623024702e-003, octave:0 }
   - { x:218., y:419., size:31., angle:1.8682093811035156e+002,
       response:4.1541887185303494e-005, octave:0 }
   - { x:218., y:422., size:31., angle:1.8039706420898437e+002,
       response:1.4044402632862329e-003, octave:0 }
   - { x:76., y:250., size:31., angle:3.1421731567382812e+002,
       response:4.1549633351678494e-006, octave:0 }
   - { x:498., y:420., size:31., angle:8.2290649414062500e+001,
       response:-1.5083668404258788e-004, octave:0 }
   - { x:244., y:421., size:31., angle:1.8275474548339844e+002,
       response:3.3025724405888468e-005, octave:0 }
   - { x:325., y:272., size:31., angle:3.1354690551757812e+002,
       response:6.5581174567341805e-003, octave:0 }
   - { x:176., y:277., size:31., angle:3.0488858032226562e+002,
       response:1.8052904633805156e-003, octave:0 }
   - { x:375., y:421., size:31., angle:1.2076440429687500e+002,
       response:6.1141263358877040e-006, octave:0 }
   - { x:379., y:421., size:31., angle:1.1700938415527344e+002,
       response:2.9868088313378394e-004, octave:0 }
   - { x:293., y:309., size:31., angle:1.3093750000000000e+002,
       response:6.5244967117905617e-003, octave:0 }
   - { x:159., y:607., size:31., angle:2.4462480163574219e+002,
       response:2.1385492291301489e-003, octave:0 }
   - { x:217., y:319., size:31., angle:2.9786724853515625e+002,
       response:1.2551280669867992e-003, octave:0 }
   - { x:220., y:321., size:31., angle:2.8996966552734375e+002,
       response:1.1418571695685387e-002, octave:0 }
   - { x:161., y:603., size:31., angle:2.7307565307617187e+002,
       response:4.1763469926081598e-004, octave:0 }
   - { x:316., y:584., size:31., angle:5.1056049346923828e+001,
       response:9.9607100710272789e-003, octave:0 }
   - { x:269., y:338., size:31., angle:2.7018524169921875e+002,
       response:5.9565091505646706e-003, octave:0 }
   - { x:186., y:342., size:31., angle:1.2023670959472656e+002,
       response:1.8622229108586907e-003, octave:0 }
   - { x:169., y:560., size:31., angle:4.8058471679687500e+001,
       response:1.7998997354879975e-003, octave:0 }
   - { x:287., y:544., size:31., angle:2.3838793945312500e+002,
       response:6.1201737262308598e-003, octave:0 }
   - { x:215., y:346., size:31., angle:8.4602111816406250e+001,
       response:1.0111017152667046e-002, octave:0 }
   - { x:215., y:521., size:31., angle:7.4834213256835938e+001,
       response:1.1000520549714565e-002, octave:0 }
   - { x:161., y:152., size:31., angle:2.8263275146484375e+002,
       response:1.1866185190001488e-007, octave:0 }
   - { x:265., y:513., size:31., angle:1.0080969238281250e+002,
       response:4.8452285118401051e-003, octave:0 }
   - { x:211., y:496., size:31., angle:2.7812036132812500e+002,
       response:1.0534460656344891e-002, octave:0 }
   - { x:183., y:496., size:31., angle:2.5494348144531250e+002,
       response:1.9991712179034948e-003, octave:0 }
   - { x:290., y:487., size:31., angle:8.7564872741699219e+001,
       response:3.4290275070816278e-003, octave:0 }
   - { x:211., y:364., size:31., angle:2.8982736206054687e+002,
       response:1.0090552270412445e-002, octave:0 }
   - { x:457., y:482., size:31., angle:1.0023891448974609e+002,
       response:2.5253527564927936e-004, octave:0 }
   - { x:286., y:482., size:31., angle:1.0539570617675781e+002,
       response:4.6461395686492324e-004, octave:0 }
   - { x:454., y:480., size:31., angle:1.0194592285156250e+002,
       response:2.5278870452893898e-005, octave:0 }
   - { x:312., y:369., size:31., angle:2.6465673828125000e+002,
       response:1.5167426317930222e-003, octave:0 }
   - { x:320., y:369., size:31., angle:2.7203454589843750e+002,
       response:8.7455892935395241e-004, octave:0 }
   - { x:323., y:369., size:31., angle:2.7494543457031250e+002,
       response:6.3619768479838967e-004, octave:0 }
   - { x:164., y:370., size:31., angle:5.9617103576660156e+001,
       response:5.5153132416307926e-003, octave:0 }
   - { x:208., y:478., size:31., angle:7.4094200134277344e+001,
       response:1.0883752256631851e-002, octave:0 }
   - { x:308., y:370., size:31., angle:2.6293496704101562e+002,
       response:1.1602799349930137e-004, octave:0 }
   - { x:317., y:370., size:31., angle:2.6929443359375000e+002,
       response:8.1034353934228420e-004, octave:0 }
   - { x:327., y:370., size:31., angle:2.7812918090820312e+002,
       response:3.1495280563831329e-003, octave:0 }
   - { x:330., y:371., size:31., angle:2.7981533813476562e+002,
       response:2.4354355409741402e-003, octave:0 }
   - { x:333., y:371., size:31., angle:2.8164971923828125e+002,
       response:8.2969997311010957e-004, octave:0 }
   - { x:163., y:372., size:31., angle:6.1411338806152344e+001,
       response:3.9498033002018929e-003, octave:0 }
   - { x:149., y:478., size:31., angle:1.4682820129394531e+002,
       response:5.0558680668473244e-003, octave:0 }
   - { x:293., y:373., size:31., angle:2.5161210632324219e+002,
       response:1.9392274552956223e-003, octave:0 }
   - { x:146., y:669., size:31., angle:1.0303532409667969e+002,
       response:4.5918882824480534e-003, octave:0 }
   - { x:237., y:375., size:31., angle:1.3025123596191406e+002,
       response:5.0485874526202679e-003, octave:0 }
   - { x:235., y:471., size:31., angle:2.4212365722656250e+002,
       response:4.0785847231745720e-003, octave:0 }
   - { x:290., y:376., size:31., angle:2.4607534790039062e+002,
       response:1.6298330156132579e-003, octave:0 }
   - { x:426., y:469., size:31., angle:1.4928302001953125e+002,
       response:2.3038706276565790e-003, octave:0 }
   - { x:527., y:464., size:31., angle:3.3152478027343750e+002,
       response:1.9670670735649765e-004, octave:0 }
   - { x:426., y:464., size:31., angle:1.3728063964843750e+002,
       response:2.2506183013319969e-003, octave:0 }
   - { x:161., y:464., size:31., angle:3.1296301269531250e+002,
       response:5.1382901147007942e-003, octave:0 }
   - { x:523., y:463., size:31., angle:3.1061889648437500e+002,
       response:-2.0808767658309080e-005, octave:0 }
   - { x:206., y:388., size:31., angle:1.1150775909423828e+002,
       response:1.0546372272074223e-002, octave:0 }
   - { x:530., y:462., size:31., angle:3.2835607910156250e+002,
       response:2.7959742583334446e-003, octave:0 }
   - { x:466., y:462., size:31., angle:2.8697219848632812e+002,
       response:5.3684198064729571e-004, octave:0 }
   - { x:160., y:462., size:31., angle:3.1164538574218750e+002,
       response:4.2117866687476635e-003, octave:0 }
   - { x:158., y:461., size:31., angle:3.1611669921875000e+002,
       response:-1.4076571096666157e-004, octave:0 }
   - { x:426., y:454., size:31., angle:6.5975738525390625e+001,
       response:-2.4845749067026190e-005, octave:0 }
   - { x:533., y:397., size:31., angle:2.9289001464843750e+002,
       response:5.5431434884667397e-004, octave:0 }
   - { x:184., y:399., size:31., angle:2.9849634170532227e+001,
       response:5.7148537598550320e-003, octave:0 }
   - { x:296., y:453., size:31., angle:2.7389263916015625e+002,
       response:1.5101904864422977e-004, octave:0 }
   - { x:204., y:453., size:31., angle:2.5314981079101563e+002,
       response:1.1162676848471165e-002, octave:0 }
   - { x:171., y:453., size:31., angle:1.4507130432128906e+002,
       response:4.3572704307734966e-003, octave:0 }
   - { x:527., y:400., size:31., angle:2.9102581787109375e+002,
