%YAML:1.0
KeyPoints:
   - { x:84., y:103., size:31., angle:1.6947921752929687e+002,
       response:1.3355702161788940e-002, octave:0 }
   - { x:88., y:168., size:31., angle:3.2831713867187500e+002,
       response:2.0520621910691261e-003, octave:0 }
   - { x:140., y:104., size:31., angle:8.5641107559204102e+000,
       response:1.1912009678781033e-002, octave:0 }
   - { x:84., y:105., size:31., angle:1.6782521057128906e+002,
       response:1.2354934588074684e-002, octave:0 }
   - { x:87., y:107., size:31., angle:1.6424417114257812e+002,
       response:5.3520384244620800e-003, octave:0 }
   - { x:92., y:168., size:31., angle:2.5944732666015625e+002,
       response:3.1327048782259226e-003, octave:0 }
   - { x:138., y:107., size:31., angle:1.0739607810974121e+001,
       response:1.3318430632352829e-002, octave:0 }
   - { x:140., y:111., size:31., angle:5.7898788452148437e+000,
       response:4.2678317986428738e-003, octave:0 }
   - { x:84., y:112., size:31., angle:1.7191862487792969e+002,
       response:2.4213886354118586e-003, octave:0 }
   - { x:134., y:172., size:31., angle:2.8522888183593750e+002,
       response:4.7712540253996849e-003, octave:0 }
   - { x:130., y:168., size:31., angle:3.3473757934570313e+002,
       response:1.6024882206693292e-003, octave:0 }
   - { x:134., y:168., size:31., angle:2.7602270507812500e+002,
       response:2.9813959263265133e-003, octave:0 }
   - { x:137., y:168., size:31., angle:2.0803857421875000e+002,
       response:2.1010551135987043e-003, octave:0 }
   - { x:130., y:172., size:31., angle:3.2548205566406250e+002,
       response:2.0247586071491241e-003, octave:0 }
   - { x:100., y:169., size:31., angle:1.9366569519042969e+002,
       response:6.2664429424330592e-004, octave:0 }
   - { x:138., y:116., size:31., angle:3.5801794433593750e+002,
       response:1.2151701375842094e-003, octave:0 }
   - { x:85., y:117., size:31., angle:1.8115693664550781e+002,
       response:9.7249326063320041e-004, octave:0 }
   - { x:105., y:169., size:31., angle:1.8857960510253906e+002,
       response:2.5847379583865404e-004, octave:0 }
   - { x:86., y:119., size:31., angle:1.8390560913085937e+002,
       response:6.2122597591951489e-004, octave:0 }
   - { x:97., y:177., size:31., angle:1.9786836242675781e+002,
       response:2.8301216661930084e-004, octave:0 }
   - { x:122., y:169., size:31., angle:3.4858306884765625e+002,
       response:2.7377560036256909e-004, octave:0 }
   - { x:127., y:120., size:31., angle:5.6743175506591797e+001,
       response:3.3536803675815463e-004, octave:0 }
   - { x:88., y:170., size:31., angle:3.2449722290039062e+002,
       response:2.2720706183463335e-003, octave:0 }
   - { x:84., y:122., size:31., angle:1.9963436889648437e+002,
       response:1.5659721102565527e-003, octave:0 }
   - { x:87., y:122., size:31., angle:1.8988365173339844e+002,
       response:7.1075378218665719e-004, octave:0 }
   - { x:97., y:170., size:31., angle:2.0425143432617187e+002,
       response:5.7231070240959525e-004, octave:0 }
   - { x:93., y:172., size:31., angle:2.4259066772460937e+002,
       response:2.2829156368970871e-003, octave:0 }
   - { x:137., y:122., size:31., angle:3.4436114501953125e+002,
       response:6.5555237233638763e-004, octave:0 }
   - { x:140., y:122., size:31., angle:3.3835729980468750e+002,
       response:1.7250200035050511e-003, octave:0 }
   - { x:84., y:171., size:31., angle:3.3855386352539062e+002,
       response:8.1808789400383830e-004, octave:0 }
   - { x:121., y:171., size:31., angle:3.4784371948242187e+002,
       response:2.6219815481454134e-004, octave:0 }
   - { x:138., y:124., size:31., angle:3.4009378051757812e+002,
       response:5.3538248175755143e-004, octave:0 }
   - { x:78., y:126., size:31., angle:2.1012272644042969e+002,
       response:6.6620600409805775e-004, octave:0 }
   - { x:136., y:188., size:31., angle:3.3645706176757812e+002,
       response:3.5925608244724572e-004, octave:0 }
   - { x:146., y:126., size:31., angle:3.2882788085937500e+002,
       response:9.0103922411799431e-004, octave:0 }
   - { x:133., y:188., size:31., angle:3.5110809326171875e+002,
       response:4.9160455819219351e-004, octave:0 }
   - { x:91., y:188., size:31., angle:2.7150720214843750e+002,
       response:3.0937796691432595e-004, octave:0 }
   - { x:93., y:187., size:31., angle:2.4305712890625000e+002,
       response:3.9562984602525830e-004, octave:0 }
   - { x:95., y:185., size:31., angle:2.1772929382324219e+002,
       response:3.2818099134601653e-004, octave:0 }
   - { x:134., y:184., size:31., angle:1.3757807731628418e+001,
       response:7.8836909960955381e-004, octave:0 }
   - { x:130., y:184., size:31., angle:3.5905892944335937e+002,
       response:2.9192201327532530e-004, octave:0 }
   - { x:93., y:184., size:31., angle:2.3364743041992187e+002,
       response:5.2838510600849986e-004, octave:0 }
   - { x:136., y:182., size:31., angle:8.6362800598144531e+001,
       response:3.8011342985555530e-004, octave:0 }
   - { x:133., y:182., size:31., angle:2.4365526199340820e+001,
       response:4.5956647954881191e-004, octave:0 }
   - { x:132., y:177., size:31., angle:3.5528576660156250e+002,
       response:5.8184261433780193e-004, octave:0 }
   - { x:138., y:176., size:31., angle:1.8118504333496094e+002,
       response:5.5791047634556890e-004, octave:0 }
   - { x:129., y:176., size:31., angle:3.4409725952148437e+002,
       response:3.9766187546774745e-004, octave:0 }
   - { x:89., y:176., size:31., angle:3.1492346191406250e+002,
       response:6.1480660224333405e-004, octave:0 }
   - { x:131., y:174., size:31., angle:3.2681286621093750e+002,
       response:1.0532498126849532e-003, octave:0 }
   - { x:97., y:174., size:31., angle:2.0511764526367187e+002,
       response:6.6564907319843769e-004, octave:0 }
   - { x:93., y:174., size:31., angle:2.3969952392578125e+002,
       response:1.1003480758517981e-003, octave:0 }
   - { x:89., y:174., size:31., angle:3.0972567749023437e+002,
       response:8.9263339759781957e-004, octave:0 }
   - { x:86., y:174., size:31., angle:3.3423867797851562e+002,
       response:5.0637940876185894e-004, octave:0 }
   - { x:85., y:165., size:31., angle:3.4126119995117187e+002,
       response:2.5855962303467095e-004, octave:0 }
   - { x:137., y:165., size:31., angle:2.1040637207031250e+002,
       response:5.7042203843593597e-004, octave:0 }
   - { x:90., y:166., size:31., angle:3.0551516723632812e+002,
       response:1.3136914931237698e-003, octave:0 }
   - { x:96., y:166., size:31., angle:2.0972424316406250e+002,
       response:8.9810130884870887e-004, octave:0 }
   - { x:100., y:173., size:31., angle:1.9821475219726562e+002,
       response:3.9523633313365281e-004, octave:0 }
   - { x:139., y:171., size:31., angle:2.0323683166503906e+002,
       response:1.1537589598447084e-003, octave:0 }
   - { x:131., y:166., size:31., angle:3.2110830688476562e+002,
       response:6.5410631941631436e-004, octave:0 }
   - { x:136., y:172., size:31., angle:2.4334893798828125e+002,
       response:3.6373883485794067e-003, octave:0 }
   - { x:86., y:168., size:31., angle:3.3846475219726562e+002,
       response:1.2103784829378128e-003, octave:0 }
   - { x:96., y:120., size:31., angle:1.2987500000000000e+002,
       response:2.5585867115296423e-004, octave:0 }
   - { x:126., y:167., size:31., angle:3.4171002197265625e+002,
       response:1.9896004232577980e-004, octave:0 }
   - { x:88., y:186., size:31., angle:3.1822628784179687e+002,
       response:2.0082885748706758e-004, octave:0 }
   - { x:115., y:156., size:31., angle:3.3249630737304687e+002,
       response:1.1916032963199541e-004, octave:0 }
   - { x:99., y:112., size:31., angle:1.2016297912597656e+002,
       response:1.1630278459051624e-004, octave:0 }
   - { x:90., y:181., size:31., angle:3.2166033935546875e+002,
       response:1.2797256931662560e-004, octave:0 }
   - { x:123., y:176., size:31., angle:3.4907287597656250e+002,
       response:2.0803404913749546e-004, octave:0 }
