%YAML:1.0
KeyPoints:
   - { x:378., y:647., size:31., angle:2.6364001464843750e+002,
       response:3.1388022005558014e-002, octave:0 }
   - { x:328., y:661., size:31., angle:1.0262068939208984e+002,
       response:3.1206639483571053e-002, octave:0 }
   - { x:63., y:656., size:31., angle:2.2858660888671875e+002,
       response:3.4646939486265182e-002, octave:0 }
   - { x:302., y:739., size:31., angle:1.2352272033691406e+002,
       response:2.7494931593537331e-002, octave:0 }
   - { x:457., y:654., size:31., angle:3.7099395751953125e+001,
       response:3.9665702730417252e-002, octave:0 }
   - { x:523., y:663., size:31., angle:9.9331398010253906e+001,
       response:4.9185942858457565e-002, octave:0 }
   - { x:445., y:664., size:31., angle:7.4320312500000000e+001,
       response:5.0805296748876572e-002, octave:0 }
   - { x:284., y:720., size:31., angle:3.4133496093750000e+002,
       response:3.0819099396467209e-002, octave:0 }
   - { x:403., y:123., size:31., angle:2.4958312988281250e+002,
       response:2.8635594993829727e-002, octave:0 }
   - { x:279., y:720., size:31., angle:3.1112295532226562e+002,
       response:2.8453499078750610e-002, octave:0 }
   - { x:343., y:724., size:31., angle:3.3761282348632812e+002,
       response:5.3121194243431091e-002, octave:0 }
   - { x:320., y:717., size:31., angle:2.5355456542968750e+002,
       response:4.7323275357484818e-002, octave:0 }
   - { x:197., y:656., size:31., angle:2.2601091003417969e+002,
       response:3.3382646739482880e-002, octave:0 }
   - { x:299., y:654., size:31., angle:2.9713339233398437e+002,
       response:5.1354330033063889e-002, octave:0 }
   - { x:383., y:654., size:31., angle:2.2592635154724121e+000,
       response:3.9979513734579086e-002, octave:0 }
   - { x:543., y:646., size:31., angle:2.5859994506835937e+002,
       response:4.7785539180040359e-002, octave:0 }
   - { x:137., y:139., size:31., angle:2.1587536621093750e+002,
       response:3.2029010355472565e-002, octave:0 }
   - { x:526., y:666., size:31., angle:9.6619895935058594e+001,
       response:2.7953896671533585e-002, octave:0 }
   - { x:289., y:717., size:31., angle:3.3174111938476562e+002,
       response:2.7941463515162468e-002, octave:0 }
   - { x:198., y:646., size:31., angle:2.7299169921875000e+002,
       response:3.5259593278169632e-002, octave:0 }
   - { x:424., y:646., size:31., angle:2.6657391357421875e+002,
       response:3.7476327270269394e-002, octave:0 }
   - { x:340., y:729., size:31., angle:4.8797230720520020e+000,
       response:3.3460907638072968e-002, octave:0 }
   - { x:230., y:657., size:31., angle:2.2798799514770508e+001,
       response:3.7796471267938614e-002, octave:0 }
   - { x:54., y:96., size:31., angle:1.5235839843750000e+002,
       response:3.0529882758855820e-002, octave:0 }
   - { x:274., y:717., size:31., angle:2.7881509399414062e+002,
       response:2.8726484626531601e-002, octave:0 }
   - { x:259., y:56., size:31., angle:2.7490457153320312e+002,
       response:2.8034340590238571e-002, octave:0 }
   - { x:53., y:660., size:31., angle:7.6511962890625000e+001,
       response:2.6753893122076988e-002, octave:0 }
   - { x:251., y:727., size:31., angle:1.9088917541503906e+002,
       response:4.8121806234121323e-002, octave:0 }
   - { x:538., y:666., size:31., angle:1.0695135498046875e+002,
       response:3.2718323171138763e-002, octave:0 }
   - { x:33., y:648., size:31., angle:2.2621961975097656e+002,
       response:3.2201927155256271e-002, octave:0 }
   - { x:425., y:651., size:31., angle:2.7246066284179687e+002,
       response:3.7689287215471268e-002, octave:0 }
   - { x:535., y:643., size:31., angle:2.6245120239257812e+002,
       response:4.0935296565294266e-002, octave:0 }
   - { x:425., y:657., size:31., angle:3.9429767608642578e+001,
       response:3.4984234720468521e-002, octave:0 }
   - { x:548., y:645., size:31., angle:2.6348233032226562e+002,
       response:4.9461856484413147e-002, octave:0 }
   - { x:228., y:657., size:31., angle:1.5968293762207031e+002,
       response:3.9285007864236832e-002, octave:0 }
   - { x:138., y:647., size:31., angle:2.2140716552734375e+002,
       response:3.1477805227041245e-002, octave:0 }
   - { x:316., y:727., size:31., angle:1.8134506225585937e+002,
       response:2.8197282925248146e-002, octave:0 }
   - { x:313., y:727., size:31., angle:1.9223567199707031e+002,
       response:4.1722171008586884e-002, octave:0 }
   - { x:325., y:647., size:31., angle:2.5323010253906250e+002,
       response:2.8413459658622742e-002, octave:0 }
   - { x:63., y:651., size:31., angle:2.6676458740234375e+002,
       response:3.7424322217702866e-002, octave:0 }
   - { x:197., y:651., size:31., angle:2.6496511840820312e+002,
       response:3.7862453609704971e-002, octave:0 }
   - { x:326., y:651., size:31., angle:2.5900085449218750e+002,
       response:3.4783840179443359e-002, octave:0 }
   - { x:322., y:407., size:31., angle:1.6159128189086914e+001,
       response:3.2052747905254364e-002, octave:0 }
   - { x:236., y:660., size:31., angle:8.1701492309570313e+001,
       response:3.3162459731101990e-002, octave:0 }
   - { x:166., y:654., size:31., angle:3.0065402221679687e+002,
       response:5.2270036190748215e-002, octave:0 }
   - { x:322., y:654., size:31., angle:2.6327731323242187e+002,
       response:3.2929882407188416e-002, octave:0 }
   - { x:307., y:725., size:31., angle:2.2595233154296875e+002,
       response:2.9215108603239059e-002, octave:0 }
   - { x:347., y:723., size:31., angle:3.4323767089843750e+002,
       response:2.9919547960162163e-002, octave:0 }
   - { x:388., y:640., size:31., angle:3.1830471801757813e+002,
       response:2.6254506781697273e-002, octave:0 }
   - { x:508., y:651., size:31., angle:2.4385482788085937e+002,
       response:4.2742766439914703e-002, octave:0 }
   - { x:540., y:654., size:31., angle:1.2582768249511719e+002,
       response:2.9807455837726593e-002, octave:0 }
   - { x:505., y:651., size:31., angle:2.4893505859375000e+002,
       response:2.7796760201454163e-002, octave:0 }
   - { x:500., y:661., size:31., angle:1.0932921600341797e+002,
       response:2.7623463422060013e-002, octave:0 }
   - { x:338., y:648., size:31., angle:2.4493951416015625e+002,
       response:2.6767179369926453e-002, octave:0 }
   - { x:325., y:654., size:31., angle:2.2683599853515625e+002,
       response:5.2439562976360321e-002, octave:0 }
   - { x:87., y:661., size:31., angle:5.1293514251708984e+001,
       response:9.1285392642021179e-002, octave:0 }
   - { x:252., y:660., size:31., angle:1.1340293884277344e+002,
       response:4.3065819889307022e-002, octave:0 }
   - { x:543., y:642., size:31., angle:2.6622720336914062e+002,
       response:3.2431282103061676e-002, octave:0 }
   - { x:435., y:660., size:31., angle:7.7402534484863281e+001,
       response:3.6218762397766113e-002, octave:0 }
   - { x:194., y:130., size:31., angle:9.3384399414062500e+001,
       response:3.0443776398897171e-002, octave:0 }
   - { x:310., y:665., size:31., angle:9.1801437377929688e+001,
       response:3.3208683133125305e-002, octave:0 }
   - { x:82., y:640., size:31., angle:2.6054962158203125e+002,
       response:3.0937667936086655e-002, octave:0 }
   - { x:257., y:657., size:31., angle:3.9735591411590576e+000,
       response:3.6470528692007065e-002, octave:0 }
   - { x:74., y:660., size:31., angle:8.4245315551757812e+001,
       response:3.6063399165868759e-002, octave:0 }
   - { x:119., y:140., size:31., angle:1.5140325927734375e+002,
       response:3.1476721167564392e-002, octave:0 }
   - { x:208., y:660., size:31., angle:3.8022705078125000e+001,
       response:3.5176586359739304e-002, octave:0 }
   - { x:508., y:654., size:31., angle:2.0478207397460937e+002,
       response:5.3166288882493973e-002, octave:0 }
   - { x:511., y:661., size:31., angle:1.1760463714599609e+002,
       response:3.1406514346599579e-002, octave:0 }
   - { x:187., y:660., size:31., angle:8.5842559814453125e+001,
