%YAML:1.0
KeyPoints:
   - { x:223., y:422., size:31., angle:2.5355194091796875e+002,
       response:5.3956866031512618e-004, octave:0 }
   - { x:223., y:416., size:31., angle:2.4365289306640625e+002,
       response:5.7751551503315568e-004, octave:0 }
   - { x:87., y:498., size:31., angle:2.4993516540527344e+002,
       response:7.3718442581593990e-004, octave:0 }
   - { x:337., y:354., size:31., angle:7.3203811645507813e+001,
       response:6.4751313766464591e-004, octave:0 }
   - { x:256., y:384., size:31., angle:2.1467590332031250e+002,
       response:4.9444782780483365e-004, octave:0 }
   - { x:256., y:380., size:31., angle:2.1190933227539062e+002,
       response:3.7852264358662069e-004, octave:0 }
   - { x:83., y:281., size:31., angle:9.6665184020996094e+001,
       response:5.4365606047213078e-004, octave:0 }
   - { x:221., y:423., size:31., angle:2.5556918334960937e+002,
       response:6.4245524117723107e-004, octave:0 }
   - { x:92., y:517., size:31., angle:8.0540557861328125e+001,
       response:4.0814027306623757e-004, octave:0 }
   - { x:397., y:403., size:31., angle:1.7876777648925781e+002,
       response:5.4636824643239379e-004, octave:0 }
   - { x:391., y:403., size:31., angle:1.8727572631835937e+002,
       response:9.1376010095700622e-004, octave:0 }
   - { x:256., y:421., size:31., angle:2.1727603149414062e+002,
       response:9.1999606229364872e-004, octave:0 }
   - { x:224., y:419., size:31., angle:2.4667373657226562e+002,
       response:4.7460524365305901e-004, octave:0 }
   - { x:85., y:262., size:31., angle:2.9499035644531250e+002,
       response:4.2861024849116802e-004, octave:0 }
   - { x:198., y:431., size:31., angle:2.3269172668457031e+002,
       response:5.7618098799139261e-004, octave:0 }
   - { x:212., y:423., size:31., angle:2.4681701660156250e+002,
       response:6.7886122269555926e-004, octave:0 }
   - { x:90., y:493., size:31., angle:2.6301962280273437e+002,
       response:1.3973701279610395e-003, octave:0 }
   - { x:332., y:331., size:31., angle:2.5743887329101562e+002,
       response:4.7458882909268141e-004, octave:0 }
   - { x:340., y:401., size:31., angle:9.5117095947265625e+001,
       response:5.1247933879494667e-004, octave:0 }
   - { x:214., y:425., size:31., angle:2.4889349365234375e+002,
       response:4.2259268229827285e-004, octave:0 }
   - { x:335., y:354., size:31., angle:1.1684334564208984e+002,
       response:4.7428614925593138e-004, octave:0 }
   - { x:412., y:404., size:31., angle:3.2075976562500000e+002,
       response:5.5312580661848187e-004, octave:0 }
   - { x:335., y:356., size:31., angle:1.0683502197265625e+002,
       response:4.7338005970232189e-004, octave:0 }
   - { x:349., y:364., size:31., angle:1.5600599670410156e+002,
       response:6.3699379097670317e-004, octave:0 }
   - { x:389., y:403., size:31., angle:1.9737860107421875e+002,
       response:6.4215977909043431e-004, octave:0 }
   - { x:93., y:512., size:31., angle:4.6883632659912109e+001,
       response:8.7471609003841877e-004, octave:0 }
   - { x:257., y:435., size:31., angle:1.0746786499023437e+002,
       response:3.7586549296975136e-004, octave:0 }
   - { x:351., y:400., size:31., angle:8.2244537353515625e+001,
       response:3.2997727976180613e-004, octave:0 }
   - { x:255., y:433., size:31., angle:1.0689408111572266e+002,
       response:3.0405458528548479e-004, octave:0 }
   - { x:314., y:417., size:31., angle:1.1291921997070312e+002,
       response:3.1119398772716522e-004, octave:0 }
   - { x:219., y:423., size:31., angle:2.5307330322265625e+002,
       response:3.4970592241734266e-004, octave:0 }
   - { x:354., y:423., size:31., angle:1.2847259521484375e+002,
       response:3.0273298034444451e-004, octave:0 }
   - { x:258., y:424., size:31., angle:1.9783090209960937e+002,
       response:3.2828294206410646e-004, octave:0 }
   - { x:82., y:272., size:31., angle:4.1509258270263672e+001,
       response:3.2180856214836240e-004, octave:0 }
   - { x:282., y:422., size:31., angle:9.5390594482421875e+001,
       response:3.5769114037975669e-004, octave:0 }
   - { x:194., y:430., size:31., angle:2.4626824951171875e+002,
       response:3.1968302209861577e-004, octave:0 }
   - { x:351., y:332., size:31., angle:2.5123548889160156e+002,
       response:3.2038713106885552e-004, octave:0 }
   - { x:328., y:438., size:31., angle:8.8541374206542969e+001,
       response:3.2486836425960064e-004, octave:0 }
   - { x:385., y:431., size:31., angle:7.4216522216796875e+001,
       response:3.4942213096655905e-004, octave:0 }
   - { x:200., y:434., size:31., angle:1.3309017944335938e+002,
       response:3.5342291812412441e-004, octave:0 }
   - { x:339., y:351., size:31., angle:6.7597900390625000e+001,
       response:3.0703522497788072e-004, octave:0 }
   - { x:222., y:413., size:31., angle:2.4239102172851563e+002,
       response:3.1953281722962856e-004, octave:0 }
   - { x:385., y:435., size:31., angle:7.5835975646972656e+001,
       response:3.0474946834146976e-004, octave:0 }
   - { x:239., y:331., size:31., angle:2.7032009887695312e+002,
       response:3.5818651667796075e-004, octave:0 }
   - { x:333., y:357., size:31., angle:1.3539752197265625e+002,
       response:3.1284269061870873e-004, octave:0 }
   - { x:246., y:331., size:31., angle:2.8904681396484375e+002,
       response:3.7202017847448587e-004, octave:0 }
   - { x:285., y:331., size:31., angle:2.5576242065429688e+002,
       response:3.7312676431611180e-004, octave:0 }
   - { x:292., y:331., size:31., angle:2.8004821777343750e+002,
       response:3.3394945785403252e-004, octave:0 }
   - { x:269., y:426., size:31., angle:1.1544863891601562e+002,
       response:3.2390051637776196e-004, octave:0 }
   - { x:255., y:426., size:31., angle:1.7707843017578125e+002,
       response:3.7136790342628956e-004, octave:0 }
   - { x:422., y:405., size:31., angle:2.8365795898437500e+002,
       response:3.1865513301454484e-004, octave:0 }
   - { x:269., y:434., size:31., angle:9.9659225463867188e+001,
       response:2.9995158547535539e-004, octave:0 }
   - { x:222., y:438., size:31., angle:6.5630599975585938e+001,
       response:2.7632893761619925e-004, octave:0 }
   - { x:204., y:432., size:31., angle:3.3562997436523437e+002,
       response:2.9158324468880892e-004, octave:0 }
   - { x:212., y:437., size:31., angle:6.9555328369140625e+001,
       response:2.5503832148388028e-004, octave:0 }
   - { x:334., y:438., size:31., angle:6.6975708007812500e+001,
       response:2.7982375468127429e-004, octave:0 }
   - { x:316., y:418., size:31., angle:1.1703826141357422e+002,
       response:2.7575396234169602e-004, octave:0 }
   - { x:355., y:421., size:31., angle:1.2661093139648437e+002,
       response:2.8787276824004948e-004, octave:0 }
   - { x:386., y:428., size:31., angle:7.0085281372070313e+001,
       response:2.7463020524010062e-004, octave:0 }
   - { x:207., y:421., size:31., angle:2.5774847412109375e+002,
       response:2.5458057643845677e-004, octave:0 }
   - { x:200., y:427., size:31., angle:2.5307394409179687e+002,
       response:2.7383005362935364e-004, octave:0 }
   - { x:363., y:438., size:31., angle:7.8293853759765625e+001,
       response:2.6296277064830065e-004, octave:0 }
   - { x:372., y:376., size:31., angle:7.0883583068847656e+001,
       response:2.5862740585580468e-004, octave:0 }
   - { x:324., y:422., size:31., angle:1.3300845336914062e+002,
       response:2.7133180992677808e-004, octave:0 }
   - { x:406., y:431., size:31., angle:6.6568466186523438e+001,
       response:2.9931287281215191e-004, octave:0 }
   - { x:353., y:419., size:31., angle:1.4336581420898437e+002,
       response:2.7460715500637889e-004, octave:0 }
   - { x:404., y:436., size:31., angle:8.0485443115234375e+001,
       response:2.5722288410179317e-004, octave:0 }
   - { x:222., y:436., size:31., angle:6.3831413269042969e+001,
       response:2.7630332624539733e-004, octave:0 }
   - { x:317., y:438., size:31., angle:1.0975627899169922e+002,
