%YAML:1.0
KeyPoints:
   - { x:421., y:190., size:31., angle:3.1117913818359375e+002,
       response:2.6070297462865710e-004, octave:0 }
   - { x:421., y:192., size:31., angle:3.1905847167968750e+002,
       response:3.0790758319199085e-004, octave:0 }
   - { x:350., y:395., size:31., angle:2.4059495544433594e+002,
       response:3.2783916685730219e-004, octave:0 }
   - { x:361., y:408., size:31., angle:9.6108871459960938e+001,
       response:3.6313431337475777e-004, octave:0 }
   - { x:212., y:219., size:31., angle:1.9771920776367188e+002,
       response:2.2607056598644704e-004, octave:0 }
   - { x:269., y:396., size:31., angle:2.9706600952148437e+002,
       response:1.8395518418401480e-004, octave:0 }
   - { x:301., y:396., size:31., angle:2.4797994995117187e+002,
       response:2.7317812782712281e-004, octave:0 }
   - { x:324., y:292., size:31., angle:3.0507531738281250e+002,
       response:4.8004809650592506e-004, octave:0 }
   - { x:305., y:295., size:31., angle:2.2382408142089844e+002,
       response:2.9815317247994244e-004, octave:0 }
   - { x:305., y:408., size:31., angle:1.1274580383300781e+002,
       response:3.6070999340154231e-004, octave:0 }
   - { x:336., y:296., size:31., angle:3.1710260009765625e+002,
       response:3.4254218917340040e-004, octave:0 }
   - { x:308., y:344., size:31., angle:1.1427552795410156e+002,
       response:2.3462975514121354e-004, octave:0 }
   - { x:322., y:297., size:31., angle:2.9590560913085937e+002,
       response:2.7307023992761970e-004, octave:0 }
   - { x:282., y:408., size:31., angle:1.3370660400390625e+002,
       response:5.1038194214925170e-004, octave:0 }
   - { x:299., y:401., size:31., angle:2.9507183837890625e+002,
       response:1.9323844753671438e-004, octave:0 }
   - { x:337., y:399., size:31., angle:2.4647897338867187e+002,
       response:2.0887433493044227e-004, octave:0 }
   - { x:294., y:345., size:31., angle:1.3165393066406250e+002,
       response:2.6398009504191577e-004, octave:0 }
   - { x:301., y:455., size:31., angle:1.3227404785156250e+002,
       response:3.1242036493495107e-004, octave:0 }
   - { x:341., y:454., size:31., angle:4.9798336029052734e+001,
       response:2.5610357988625765e-004, octave:0 }
   - { x:324., y:454., size:31., angle:8.5193756103515625e+001,
       response:3.0669299303553998e-004, octave:0 }
   - { x:297., y:453., size:31., angle:1.4973870849609375e+002,
       response:3.6301233922131360e-004, octave:0 }
   - { x:289., y:399., size:31., angle:2.4997341918945312e+002,
       response:3.5427699913270772e-004, octave:0 }
   - { x:324., y:450., size:31., angle:4.8820228576660156e+001,
       response:3.7074118154123425e-004, octave:0 }
   - { x:317., y:364., size:31., angle:8.6166069030761719e+001,
       response:2.1745289268437773e-004, octave:0 }
   - { x:255., y:654., size:31., angle:1.3352163696289062e+002,
       response:1.5379639808088541e-003, octave:0 }
   - { x:331., y:441., size:31., angle:2.4485221862792969e+002,
       response:1.9520500791259110e-004, octave:0 }
   - { x:342., y:440., size:31., angle:3.1658792114257812e+002,
       response:2.8223788831382990e-004, octave:0 }
   - { x:330., y:439., size:31., angle:2.4334780883789062e+002,
       response:2.5564705720171332e-004, octave:0 }
   - { x:294., y:438., size:31., angle:1.9932330322265625e+002,
       response:2.4613927234895527e-004, octave:0 }
   - { x:298., y:436., size:31., angle:2.2297235107421875e+002,
       response:2.2011762484908104e-004, octave:0 }
   - { x:290., y:413., size:31., angle:9.9673187255859375e+001,
       response:3.9982955786399543e-004, octave:0 }
   - { x:310., y:435., size:31., angle:3.0330145263671875e+002,
       response:4.9736967775970697e-004, octave:0 }
   - { x:352., y:390., size:31., angle:2.4704270935058594e+002,
       response:2.1379168902058154e-004, octave:0 }
   - { x:370., y:390., size:31., angle:3.0340869140625000e+002,
       response:2.5658123195171356e-004, octave:0 }
   - { x:361., y:391., size:31., angle:2.5892468261718750e+002,
       response:7.1848643710836768e-004, octave:0 }
   - { x:294., y:434., size:31., angle:2.2734530639648437e+002,
       response:3.2586802262812853e-004, octave:0 }
   - { x:335., y:331., size:31., angle:3.5255606079101562e+002,
       response:1.8851686036214232e-004, octave:0 }
   - { x:347., y:393., size:31., angle:2.5408483886718750e+002,
       response:3.2889624708332121e-004, octave:0 }
   - { x:284., y:416., size:31., angle:9.8976867675781250e+001,
       response:2.1373250638134778e-004, octave:0 }
   - { x:266., y:416., size:31., angle:1.1494943237304687e+002,
       response:2.1896472026128322e-004, octave:0 }
   - { x:305., y:412., size:31., angle:1.0030168151855469e+002,
       response:2.6932454784400761e-004, octave:0 }
   - { x:282., y:412., size:31., angle:1.0680232238769531e+002,
       response:3.3639572211541235e-004, octave:0 }
   - { x:329., y:395., size:31., angle:2.9954504394531250e+002,
       response:3.4501423942856491e-004, octave:0 }
   - { x:347., y:409., size:31., angle:8.7257446289062500e+001,
       response:4.0113177965395153e-004, octave:0 }
   - { x:301., y:450., size:31., angle:1.5176242065429687e+002,
       response:1.8319215450901538e-004, octave:0 }
   - { x:337., y:338., size:31., angle:2.6066112518310547e+001,
       response:1.5997882292140275e-004, octave:0 }
   - { x:305., y:395., size:31., angle:2.2550341796875000e+002,
       response:4.5401357056107372e-005, octave:0 }
   - { x:223., y:220., size:31., angle:2.1921673583984375e+002,
       response:4.3988326069666073e-005, octave:0 }
   - { x:346., y:390., size:31., angle:2.6912213134765625e+002,
       response:1.7633168317843229e-004, octave:0 }
   - { x:291., y:296., size:31., angle:2.3495611572265625e+002,
       response:3.2479267247254029e-005, octave:0 }
   - { x:300., y:297., size:31., angle:2.2836923217773437e+002,
       response:1.1798426567111164e-004, octave:0 }
   - { x:325., y:297., size:31., angle:3.0107736206054687e+002,
       response:1.0804629710037261e-004, octave:0 }
   - { x:293., y:301., size:31., angle:2.1106037902832031e+002,
       response:1.4130077033769339e-004, octave:0 }
   - { x:317., y:413., size:31., angle:8.3188186645507813e+001,
       response:1.5077868010848761e-004, octave:0 }
   - { x:405., y:651., size:31., angle:6.1493736267089844e+001,
       response:1.3042917998973280e-004, octave:0 }
   - { x:308., y:313., size:31., angle:7.3854202270507813e+001,
       response:2.6747278752736747e-005, octave:0 }
   - { x:321., y:313., size:31., angle:1.0858796691894531e+002,
       response:7.5743664638139307e-005, octave:0 }
   - { x:404., y:646., size:31., angle:5.2534439086914063e+001,
       response:4.3105086660943925e-005, octave:0 }
   - { x:303., y:318., size:31., angle:1.5808781433105469e+002,
       response:2.9861894290661439e-005, octave:0 }
   - { x:322., y:319., size:31., angle:1.0799328613281250e+002,
       response:2.7149484594701789e-005, octave:0 }
   - { x:300., y:321., size:31., angle:1.7853651428222656e+002,
       response:1.7919865786097944e-004, octave:0 }
   - { x:421., y:196., size:31., angle:3.3726412963867187e+002,
       response:1.0589832527330145e-004, octave:0 }
   - { x:333., y:318., size:31., angle:1.0122597694396973e+001,
       response:1.7047587607521564e-004, octave:0 }
   - { x:329., y:324., size:31., angle:3.5604342651367187e+002,
       response:8.8669243268668652e-005, octave:0 }
   - { x:321., y:325., size:31., angle:2.8079736328125000e+002,
       response:7.0801070251036435e-005, octave:0 }
   - { x:332., y:325., size:31., angle:3.5005294799804687e+002,
       response:1.5473410894628614e-004, octave:0 }
   - { x:316., y:457., size:31., angle:9.0412818908691406e+001,
       response:8.4061968664173037e-005, octave:0 }
   - { x:310., y:326., size:31., angle:2.9244195556640625e+002,
       response:5.0887669203802943e-005, octave:0 }
   - { x:313., y:457., size:31., angle:7.5715080261230469e+001,
