%YAML:1.0
KeyPoints:
   - { x:198., y:354., size:31., angle:1.6088844299316406e+002,
       response:7.2040501981973648e-004, octave:0 }
   - { x:468., y:464., size:31., angle:3.1207757568359375e+002,
       response:7.0059543941169977e-004, octave:0 }
   - { x:250., y:410., size:31., angle:2.9323532104492187e+002,
       response:8.6657342035323381e-004, octave:0 }
   - { x:171., y:455., size:31., angle:1.8710487365722656e+002,
       response:1.4154193922877312e-003, octave:0 }
   - { x:472., y:484., size:31., angle:3.1284985351562500e+002,
       response:9.9694542586803436e-004, octave:0 }
   - { x:395., y:467., size:31., angle:1.8732826232910156e+002,
       response:2.6908738072961569e-003, octave:0 }
   - { x:361., y:150., size:31., angle:3.0412078857421875e+002,
       response:1.4540022239089012e-003, octave:0 }
   - { x:370., y:444., size:31., angle:4.5358364105224609e+001,
       response:1.1126905446872115e-003, octave:0 }
   - { x:401., y:480., size:31., angle:2.3269631958007812e+002,
       response:8.1257557030767202e-004, octave:0 }
   - { x:359., y:152., size:31., angle:3.0195074462890625e+002,
       response:1.2457802658900619e-003, octave:0 }
   - { x:391., y:440., size:31., angle:1.0014423370361328e+002,
       response:8.2655600272119045e-004, octave:0 }
   - { x:305., y:337., size:31., angle:4.6627937316894531e+001,
       response:2.5259985122829676e-003, octave:0 }
   - { x:233., y:457., size:31., angle:5.5865325927734375e+001,
       response:1.0097380727529526e-003, octave:0 }
   - { x:264., y:353., size:31., angle:6.8480148315429687e+001,
       response:7.4178772047162056e-004, octave:0 }
   - { x:212., y:529., size:31., angle:3.3836560058593750e+002,
       response:6.7506951745599508e-004, octave:0 }
   - { x:203., y:368., size:31., angle:2.0909375000000000e+002,
       response:1.0292788501828909e-003, octave:0 }
   - { x:136., y:165., size:31., angle:2.5457351684570312e+002,
       response:5.8886487968266010e-003, octave:0 }
   - { x:138., y:168., size:31., angle:2.5655853271484375e+002,
       response:6.4605160150676966e-004, octave:0 }
   - { x:323., y:338., size:31., angle:1.6040960693359375e+002,
       response:8.3110894775018096e-004, octave:0 }
   - { x:313., y:331., size:31., angle:7.6505256652832031e+001,
       response:1.5644880477339029e-003, octave:0 }
   - { x:270., y:499., size:31., angle:2.0657586669921875e+002,
       response:1.4088437892496586e-003, octave:0 }
   - { x:201., y:371., size:31., angle:2.2402992248535156e+002,
       response:7.4027874507009983e-004, octave:0 }
   - { x:133., y:173., size:31., angle:1.8853077697753906e+002,
       response:1.9230345496907830e-003, octave:0 }
   - { x:147., y:173., size:31., angle:3.0323559570312500e+002,
       response:5.3617014782503247e-004, octave:0 }
   - { x:273., y:496., size:31., angle:2.0416534423828125e+002,
       response:1.7832882003858685e-003, octave:0 }
   - { x:133., y:175., size:31., angle:1.7261326599121094e+002,
       response:1.3978393981233239e-003, octave:0 }
   - { x:185., y:232., size:31., angle:1.1727566528320313e+002,
       response:5.5136601440608501e-004, octave:0 }
   - { x:315., y:328., size:31., angle:4.9527706146240234e+001,
       response:1.5754279447719455e-003, octave:0 }
   - { x:388., y:439., size:31., angle:1.0745584106445312e+002,
       response:6.7766290158033371e-004, octave:0 }
   - { x:206., y:376., size:31., angle:2.4663914489746094e+002,
       response:1.1706250952556729e-003, octave:0 }
   - { x:383., y:435., size:31., angle:1.0313759613037109e+002,
       response:7.6561101013794541e-004, octave:0 }
   - { x:252., y:427., size:31., angle:2.6995025634765625e+001,
       response:7.4322603177279234e-004, octave:0 }
   - { x:374., y:432., size:31., angle:1.1184963226318359e+002,
       response:6.0394062893465161e-004, octave:0 }
   - { x:157., y:179., size:31., angle:2.7447711181640625e+002,
       response:6.5717700636014342e-004, octave:0 }
   - { x:210., y:342., size:31., angle:2.5230827331542969e+002,
       response:6.4047827618196607e-004, octave:0 }
   - { x:284., y:409., size:31., angle:1.9302317810058594e+002,
       response:1.4058231608942151e-003, octave:0 }
   - { x:212., y:343., size:31., angle:2.5201492309570312e+002,
       response:1.2338440865278244e-003, octave:0 }
   - { x:214., y:343., size:31., angle:2.5248904418945312e+002,
       response:8.0793671077117324e-004, octave:0 }
   - { x:171., y:449., size:31., angle:1.5609085083007812e+002,
       response:9.5223938114941120e-004, octave:0 }
   - { x:395., y:461., size:31., angle:1.7435769653320312e+002,
       response:1.2169945985078812e-003, octave:0 }
   - { x:313., y:404., size:31., angle:1.8045683288574219e+002,
       response:9.5587794203311205e-004, octave:0 }
   - { x:269., y:466., size:31., angle:1.2208077239990234e+002,
       response:5.3386017680168152e-004, octave:0 }
   - { x:259., y:405., size:31., angle:3.1593298339843750e+002,
       response:2.0158577244728804e-003, octave:0 }
   - { x:145., y:466., size:31., angle:1.8954490125179291e-001,
       response:1.0570904705673456e-003, octave:0 }
   - { x:186., y:379., size:31., angle:2.3421601867675781e+002,
       response:6.0457095969468355e-004, octave:0 }
   - { x:276., y:486., size:31., angle:2.0495098876953125e+002,
       response:7.6810014434158802e-004, octave:0 }
   - { x:144., y:472., size:31., angle:3.4979620361328125e+002,
       response:1.7785506788641214e-003, octave:0 }
   - { x:442., y:465., size:31., angle:3.0420950317382812e+002,
       response:5.7337305042892694e-004, octave:0 }
   - { x:181., y:472., size:31., angle:1.8619744873046875e+002,
       response:9.0684945462271571e-004, octave:0 }
   - { x:526., y:485., size:31., angle:1.7036550521850586e+001,
       response:7.7441148459911346e-004, octave:0 }
   - { x:369., y:450., size:31., angle:3.2403668212890625e+002,
       response:2.9951792676001787e-003, octave:0 }
   - { x:530., y:484., size:31., angle:3.8655136108398438e+001,
       response:8.5779017535969615e-004, octave:0 }
   - { x:398., y:481., size:31., angle:2.3732373046875000e+002,
       response:5.3150887833908200e-004, octave:0 }
   - { x:387., y:291., size:31., angle:2.5557960510253906e+002,
       response:4.4446479296311736e-004, octave:0 }
   - { x:398., y:447., size:31., angle:1.6431951904296875e+002,
       response:4.2436446528881788e-004, octave:0 }
   - { x:192., y:397., size:31., angle:1.4269949340820312e+002,
       response:4.8683525528758764e-004, octave:0 }
   - { x:190., y:397., size:31., angle:1.3307919311523437e+002,
       response:4.3112513958476484e-004, octave:0 }
   - { x:285., y:399., size:31., angle:2.1758317565917969e+002,
       response:5.2364199655130506e-004, octave:0 }
   - { x:456., y:291., size:31., angle:3.1101721191406250e+002,
       response:3.9733681478537619e-004, octave:0 }
   - { x:217., y:340., size:31., angle:2.4890611267089844e+002,
       response:4.9026589840650558e-004, octave:0 }
   - { x:351., y:451., size:31., angle:3.2906024932861328e+001,
       response:4.0621595690026879e-004, octave:0 }
   - { x:350., y:455., size:31., angle:6.0453777313232422e+001,
       response:4.2293156730011106e-004, octave:0 }
   - { x:214., y:451., size:31., angle:7.2139297485351563e+001,
       response:4.8389262519776821e-004, octave:0 }
   - { x:183., y:381., size:31., angle:2.3158950805664062e+002,
       response:5.0223484868183732e-004, octave:0 }
   - { x:380., y:434., size:31., angle:1.0521290588378906e+002,
       response:4.2233659769408405e-004, octave:0 }
   - { x:397., y:436., size:31., angle:5.4597305297851562e+001,
       response:4.7938540228642523e-004, octave:0 }
   - { x:404., y:430., size:31., angle:1.3861177062988281e+002,
       response:4.1753740515559912e-004, octave:0 }
   - { x:362., y:154., size:31., angle:3.2405200195312500e+002,
       response:4.5540696009993553e-004, octave:0 }
   - { x:340., y:438., size:31., angle:1.3458056640625000e+002,
