%YAML:1.0
KeyPoints:
   - { x:171., y:198., size:31., angle:2.9121765136718750e+002,
       response:1.7702128970995545e-003, octave:0 }
   - { x:283., y:162., size:31., angle:2.7652291870117187e+002,
       response:2.0877055358141661e-003, octave:0 }
   - { x:295., y:162., size:31., angle:2.5256790161132812e+002,
       response:1.9407171057537198e-003, octave:0 }
   - { x:281., y:163., size:31., angle:2.8568048095703125e+002,
       response:2.3044296540319920e-003, octave:0 }
   - { x:142., y:578., size:31., angle:1.3959959411621094e+002,
       response:1.3454752042889595e-003, octave:0 }
   - { x:173., y:290., size:31., angle:2.1182836914062500e+002,
       response:3.1568313715979457e-004, octave:0 }
   - { x:169., y:201., size:31., angle:2.9761730957031250e+002,
       response:2.0558545365929604e-003, octave:0 }
   - { x:185., y:377., size:31., angle:1.0213386535644531e+002,
       response:3.4835276892408729e-004, octave:0 }
   - { x:172., y:602., size:31., angle:1.3918469238281250e+002,
       response:8.4598094690591097e-004, octave:0 }
   - { x:350., y:631., size:31., angle:4.9838901519775391e+001,
       response:2.3164652520790696e-004, octave:0 }
   - { x:144., y:580., size:31., angle:1.4294921875000000e+002,
       response:1.6351626254618168e-003, octave:0 }
   - { x:197., y:183., size:31., angle:2.2639541625976562e+002,
       response:8.9567090617492795e-004, octave:0 }
   - { x:274., y:313., size:31., angle:2.5563031005859375e+002,
       response:3.9351565646938980e-004, octave:0 }
   - { x:166., y:583., size:31., angle:2.1690322875976562e+002,
       response:8.6423946777358651e-004, octave:0 }
   - { x:182., y:451., size:31., angle:2.6301248168945312e+002,
       response:3.3132432145066559e-004, octave:0 }
   - { x:318., y:262., size:31., angle:1.8049752807617187e+002,
       response:3.6823246045969427e-004, octave:0 }
   - { x:90., y:294., size:31., angle:2.2652282714843750e+002,
       response:1.3677151873707771e-003, octave:0 }
   - { x:391., y:188., size:31., angle:3.5299737548828125e+002,
       response:2.7107170317322016e-003, octave:0 }
   - { x:183., y:455., size:31., angle:2.6931137084960937e+002,
       response:3.0463820439763367e-004, octave:0 }
   - { x:105., y:272., size:31., angle:1.5033309936523437e+002,
       response:1.0167921427637339e-003, octave:0 }
   - { x:421., y:208., size:31., angle:2.8885006713867187e+002,
       response:3.9123438182286918e-004, octave:0 }
   - { x:280., y:299., size:31., angle:1.5715093994140625e+002,
       response:3.6057483521290123e-004, octave:0 }
   - { x:251., y:323., size:31., angle:2.4544012451171875e+002,
       response:2.5231091422028840e-004, octave:0 }
   - { x:485., y:511., size:31., angle:3.7606849670410156e+001,
       response:1.1305490043014288e-003, octave:0 }
   - { x:102., y:271., size:31., angle:1.5928384399414062e+002,
       response:3.5486235283315182e-003, octave:0 }
   - { x:301., y:266., size:31., angle:2.6866818237304687e+002,
       response:2.9874561005271971e-004, octave:0 }
   - { x:483., y:379., size:31., angle:3.4648214721679687e+002,
       response:2.5140107027254999e-004, octave:0 }
   - { x:499., y:344., size:31., angle:6.1445053100585937e+001,
       response:2.7732123271562159e-004, octave:0 }
   - { x:119., y:555., size:31., angle:1.2609553527832031e+002,
       response:2.9032933525741100e-004, octave:0 }
   - { x:140., y:561., size:31., angle:5.0312026977539063e+001,
       response:3.7611820152960718e-004, octave:0 }
   - { x:188., y:268., size:31., angle:1.4485763549804687e+002,
       response:4.1456450708210468e-004, octave:0 }
   - { x:163., y:565., size:31., angle:1.3599884033203125e+002,
       response:5.4241699399426579e-004, octave:0 }
   - { x:510., y:389., size:31., angle:3.0570065307617187e+002,
       response:2.1174745052121580e-004, octave:0 }
   - { x:310., y:635., size:31., angle:7.4014472961425781e+001,
       response:1.5082395111676306e-004, octave:0 }
   - { x:384., y:634., size:31., angle:3.4658468627929687e+002,
       response:5.9477850300027058e-005, octave:0 }
   - { x:278., y:311., size:31., angle:2.5371517944335938e+002,
       response:1.1882633407367393e-004, octave:0 }
   - { x:389., y:631., size:31., angle:3.4065707397460937e+002,
       response:1.0152518370887265e-004, octave:0 }
   - { x:356., y:326., size:31., angle:3.0887057495117187e+002,
       response:9.1258472821209580e-005, octave:0 }
   - { x:291., y:167., size:31., angle:2.3591848754882812e+002,
       response:4.4200121919857338e-005, octave:0 }
   - { x:472., y:541., size:31., angle:4.5406055450439453e+001,
       response:1.1916872608708218e-004, octave:0 }
   - { x:280., y:559., size:31., angle:1.9508697509765625e+002,
       response:9.0220695710740983e-005, octave:0 }
   - { x:307., y:230., size:31., angle:8.3354705810546875e+001,
       response:9.3934868345968425e-005, octave:0 }
   - { x:345., y:629., size:31., angle:6.7561798095703125e+001,
       response:1.1361314682289958e-004, octave:0 }
   - { x:158., y:294., size:31., angle:3.4123440551757812e+002,
       response:8.2237325841560960e-005, octave:0 }
   - { x:190., y:272., size:31., angle:1.4750422668457031e+002,
       response:9.6001363999675959e-005, octave:0 }
   - { x:436., y:418., size:31., angle:7.3946960449218750e+001,
       response:3.9253911381820217e-005, octave:0 }
   - { x:207., y:616., size:31., angle:1.1206501770019531e+002,
       response:4.5542117732111365e-005, octave:0 }
   - { x:210., y:388., size:31., angle:1.6899154663085937e+002,
       response:1.1323747457936406e-004, octave:0 }
   - { x:107., y:271., size:31., angle:1.4034963989257812e+002,
       response:1.9645247084554285e-004, octave:0 }
   - { x:473., y:534., size:31., angle:1.9363943099975586e+001,
       response:1.0086163092637435e-004, octave:0 }
   - { x:265., y:270., size:31., angle:7.9436897277832031e+001,
       response:1.8433654622640461e-004, octave:0 }
   - { x:213., y:619., size:31., angle:1.1135476684570312e+002,
       response:5.7293527788715437e-005, octave:0 }
   - { x:307., y:269., size:31., angle:2.8586273193359375e+002,
       response:1.1728503159247339e-004, octave:0 }
   - { x:110., y:534., size:31., angle:1.4640782165527344e+002,
       response:6.2988096033222973e-005, octave:0 }
   - { x:433., y:467., size:31., angle:2.9686169433593750e+002,
       response:8.0716585216578096e-005, octave:0 }
   - { x:191., y:267., size:31., angle:1.3721759033203125e+002,
       response:1.0393546108389273e-004, octave:0 }
   - { x:316., y:266., size:31., angle:1.9146183776855469e+002,
       response:1.6512114962097257e-004, octave:0 }
   - { x:199., y:179., size:31., angle:2.3545272827148437e+002,
       response:8.7914268078748137e-005, octave:0 }
   - { x:473., y:257., size:31., angle:3.2282235717773437e+002,
       response:8.7179672846104950e-005, octave:0 }
   - { x:343., y:629., size:31., angle:8.0405242919921875e+001,
       response:8.0466408689972013e-005, octave:0 }
   - { x:178., y:604., size:31., angle:1.2291079711914062e+002,
       response:4.5344455429585651e-005, octave:0 }
   - { x:181., y:283., size:31., angle:2.4694512939453125e+002,
       response:2.1159375319257379e-004, octave:0 }
   - { x:171., y:294., size:31., angle:1.9776292419433594e+002,
       response:2.0395987667143345e-004, octave:0 }
   - { x:186., y:280., size:31., angle:2.5297772216796875e+002,
       response:1.6248677275143564e-004, octave:0 }
   - { x:173., y:203., size:31., angle:3.0195806884765625e+002,
       response:3.7659079680452123e-005, octave:0 }
   - { x:201., y:449., size:31., angle:1.9126448059082031e+002,
       response:5.2173807489452884e-005, octave:0 }
   - { x:379., y:614., size:31., angle:6.4739952087402344e+001,
       response:6.2372666434384882e-005, octave:0 }
   - { x:512., y:358., size:31., angle:3.8253456115722656e+001,
       response:9.1896872618235648e-005, octave:0 }
   - { x:483., y:367., size:31., angle:9.0513725280761719e+000,
