%YAML:1.0
KeyPoints:
   - { x:314., y:252., size:31., angle:1.7289071655273437e+002,
       response:1.3659382238984108e-003, octave:0 }
   - { x:153., y:307., size:31., angle:3.0914666748046875e+002,
       response:3.3663734211586416e-004, octave:0 }
   - { x:329., y:338., size:31., angle:2.1515316772460938e+002,
       response:2.4749066215008497e-003, octave:0 }
   - { x:328., y:302., size:31., angle:1.6300090026855469e+002,
       response:3.7055643042549491e-004, octave:0 }
   - { x:300., y:301., size:31., angle:1.7311245727539062e+002,
       response:7.7415606938302517e-004, octave:0 }
   - { x:153., y:357., size:31., angle:3.4646777343750000e+002,
       response:4.4214626541361213e-004, octave:0 }
   - { x:371., y:337., size:31., angle:9.2046875000000000e+001,
       response:1.2059973087161779e-003, octave:0 }
   - { x:64., y:373., size:31., angle:1.8133154296875000e+002,
       response:4.6915738494135439e-004, octave:0 }
   - { x:171., y:292., size:31., angle:1.6432522583007812e+002,
       response:4.0746864397078753e-004, octave:0 }
   - { x:328., y:361., size:31., angle:1.5511828613281250e+002,
       response:9.8185776732861996e-004, octave:0 }
   - { x:346., y:371., size:31., angle:2.2735131835937500e+002,
       response:3.5304951597936451e-004, octave:0 }
   - { x:77., y:364., size:31., angle:3.3112773895263672e+001,
       response:4.1962284012697637e-004, octave:0 }
   - { x:385., y:337., size:31., angle:1.0544451141357422e+002,
       response:3.2491437741555274e-004, octave:0 }
   - { x:152., y:370., size:31., angle:5.0331386566162109e+001,
       response:4.6368900802917778e-004, octave:0 }
   - { x:331., y:282., size:31., angle:2.6631561279296875e+002,
       response:2.1488375496119261e-003, octave:0 }
   - { x:364., y:289., size:31., angle:2.4588241577148437e+002,
       response:6.9937808439135551e-004, octave:0 }
   - { x:139., y:366., size:31., angle:1.1033499145507812e+002,
       response:3.9990412187762558e-004, octave:0 }
   - { x:349., y:306., size:31., angle:2.8381359863281250e+002,
       response:1.0370855452492833e-003, octave:0 }
   - { x:275., y:650., size:31., angle:9.0269104003906250e+001,
       response:3.5572433262132108e-004, octave:0 }
   - { x:391., y:335., size:31., angle:7.3003051757812500e+001,
       response:6.2330468790605664e-004, octave:0 }
   - { x:430., y:192., size:31., angle:2.9735577392578125e+002,
       response:5.1222217734903097e-004, octave:0 }
   - { x:174., y:332., size:31., angle:7.4513839721679688e+001,
       response:3.4812150988727808e-004, octave:0 }
   - { x:388., y:334., size:31., angle:8.4787628173828125e+001,
       response:9.2352763749659061e-004, octave:0 }
   - { x:171., y:198., size:31., angle:2.4921185302734375e+002,
       response:1.0232443455606699e-003, octave:0 }
   - { x:175., y:198., size:31., angle:2.5047195434570312e+002,
       response:3.6951212678104639e-004, octave:0 }
   - { x:172., y:333., size:31., angle:8.5378753662109375e+001,
       response:4.2552113882265985e-004, octave:0 }
   - { x:172., y:200., size:31., angle:2.5026226806640625e+002,
       response:6.4859358826652169e-004, octave:0 }
   - { x:169., y:201., size:31., angle:2.4868960571289062e+002,
       response:6.9311447441577911e-004, octave:0 }
   - { x:169., y:333., size:31., angle:1.0137503051757812e+002,
       response:3.8582703564316034e-004, octave:0 }
   - { x:332., y:344., size:31., angle:2.0382701110839844e+002,
       response:4.3277960503473878e-004, octave:0 }
   - { x:192., y:417., size:31., angle:1.7073966979980469e+002,
       response:3.9356702473014593e-004, octave:0 }
   - { x:382., y:344., size:31., angle:1.1589799499511719e+002,
       response:1.1656511342152953e-003, octave:0 }
   - { x:167., y:332., size:31., angle:1.0979487609863281e+002,
       response:4.1145680006593466e-004, octave:0 }
   - { x:347., y:331., size:31., angle:2.0507490539550781e+002,
       response:2.2493228316307068e-003, octave:0 }
   - { x:403., y:330., size:31., angle:7.2901016235351563e+001,
       response:7.5623125303536654e-004, octave:0 }
   - { x:405., y:345., size:31., angle:8.0948867797851562e+001,
       response:4.9980031326413155e-004, octave:0 }
   - { x:355., y:305., size:31., angle:2.5206427001953125e+002,
       response:8.9223962277173996e-004, octave:0 }
   - { x:347., y:305., size:31., angle:2.9322479248046875e+002,
       response:1.5398751711472869e-003, octave:0 }
   - { x:147., y:348., size:31., angle:3.4310983276367187e+002,
       response:3.3165622153319418e-004, octave:0 }
   - { x:166., y:324., size:31., angle:1.3943615722656250e+002,
       response:7.0434558438137174e-004, octave:0 }
   - { x:180., y:322., size:31., angle:7.2786972045898438e+001,
       response:4.5891472836956382e-004, octave:0 }
   - { x:182., y:321., size:31., angle:7.4228370666503906e+001,
       response:5.2549270913004875e-004, octave:0 }
   - { x:86., y:321., size:31., angle:2.7557454109191895e+000,
       response:6.4883969025686383e-004, octave:0 }
   - { x:311., y:305., size:31., angle:1.2790766906738281e+002,
       response:5.4348574485629797e-004, octave:0 }
   - { x:342., y:320., size:31., angle:1.4002792358398437e+002,
       response:4.0655577322468162e-004, octave:0 }
   - { x:101., y:319., size:31., angle:8.2444297790527344e+001,
       response:1.1001173406839371e-003, octave:0 }
   - { x:88., y:318., size:31., angle:5.8818077087402344e+001,
       response:3.8270931690931320e-004, octave:0 }
   - { x:170., y:317., size:31., angle:2.0232138061523438e+002,
       response:7.0624129148200154e-004, octave:0 }
   - { x:115., y:248., size:31., angle:2.1459042358398437e+002,
       response:3.4733815118670464e-004, octave:0 }
   - { x:384., y:342., size:31., angle:1.1207164001464844e+002,
       response:8.8586506899446249e-004, octave:0 }
   - { x:184., y:367., size:31., angle:1.9549765014648437e+002,
       response:6.1866466421633959e-004, octave:0 }
   - { x:106., y:317., size:31., angle:6.6701957702636719e+001,
       response:5.1535735838115215e-004, octave:0 }
   - { x:349., y:251., size:31., angle:1.9599572753906250e+002,
       response:3.9467684109695256e-004, octave:0 }
   - { x:135., y:316., size:31., angle:1.8158782958984375e+002,
       response:3.2615760574117303e-004, octave:0 }
   - { x:389., y:351., size:31., angle:2.0104693603515625e+002,
       response:5.4291542619466782e-004, octave:0 }
   - { x:330., y:252., size:31., angle:3.3399511718750000e+002,
       response:4.6224560355767608e-004, octave:0 }
   - { x:330., y:255., size:31., angle:3.4071551513671875e+002,
       response:7.3742511449381709e-004, octave:0 }
   - { x:133., y:305., size:31., angle:2.2589993286132812e+002,
       response:4.6162708895280957e-004, octave:0 }
   - { x:329., y:257., size:31., angle:3.5286599731445312e+002,
       response:5.1502411952242255e-004, octave:0 }
   - { x:331., y:313., size:31., angle:1.3292977905273437e+002,
       response:1.3941152719780803e-003, octave:0 }
   - { x:372., y:340., size:31., angle:9.0268905639648437e+001,
       response:1.0020650224760175e-003, octave:0 }
   - { x:351., y:261., size:31., angle:1.3942245483398437e+002,
       response:3.1221966492012143e-004, octave:0 }
   - { x:312., y:311., size:31., angle:1.0298154449462891e+002,
       response:7.0559332380071282e-004, octave:0 }
   - { x:309., y:303., size:31., angle:1.5276107788085937e+002,
       response:4.5699081965722144e-004, octave:0 }
   - { x:78., y:340., size:31., angle:1.7139823913574219e+001,
       response:4.3211752199567854e-004, octave:0 }
   - { x:364., y:285., size:31., angle:2.4172790527343750e+002,
       response:3.5801570629701018e-004, octave:0 }
   - { x:156., y:307., size:31., angle:3.0556408691406250e+002,
       response:4.7065192484296858e-004, octave:0 }
   - { x:123., y:358., size:31., angle:1.2793132019042969e+002,
       response:3.3837833325378597e-004, octave:0 }
   - { x:178., y:296., size:31., angle:1.7438803100585937e+002,
