%YAML:1.0
KeyPoints:
   - { x:303., y:311., size:31., angle:1.4793289184570312e+002,
       response:1.2964899651706219e-002, octave:0 }
   - { x:243., y:126., size:31., angle:3.0081509399414062e+002,
       response:2.1527556702494621e-002, octave:0 }
   - { x:276., y:220., size:31., angle:4.8536577224731445e+000,
       response:1.4145874418318272e-002, octave:0 }
   - { x:239., y:126., size:31., angle:3.2826171875000000e+002,
       response:1.6535326838493347e-002, octave:0 }
   - { x:241., y:130., size:31., angle:3.2124765014648437e+002,
       response:1.9626945257186890e-002, octave:0 }
   - { x:293., y:313., size:31., angle:2.1490617752075195e+001,
       response:1.5791485086083412e-002, octave:0 }
   - { x:245., y:129., size:31., angle:2.7284817504882812e+002,
       response:2.4018317461013794e-002, octave:0 }
   - { x:219., y:199., size:31., angle:1.0130911254882812e+002,
       response:1.3193256221711636e-002, octave:0 }
   - { x:304., y:242., size:31., angle:2.4522866821289062e+002,
       response:1.7190422862768173e-002, octave:0 }
   - { x:275., y:193., size:31., angle:3.7206642150878906e+001,
       response:1.5334440395236015e-002, octave:0 }
   - { x:224., y:236., size:31., angle:2.2175587463378906e+002,
       response:1.1555827222764492e-002, octave:0 }
   - { x:204., y:229., size:31., angle:9.0431846618652344e+001,
       response:1.1212070472538471e-002, octave:0 }
   - { x:218., y:217., size:31., angle:1.5954507446289062e+002,
       response:1.2490966357290745e-002, octave:0 }
   - { x:277., y:192., size:31., angle:4.3494880676269531e+001,
       response:1.5268029645085335e-002, octave:0 }
   - { x:364., y:191., size:31., angle:3.0207031250000000e+002,
       response:1.0560657829046249e-002, octave:0 }
   - { x:306., y:191., size:31., angle:8.1649101257324219e+001,
       response:2.6558138430118561e-002, octave:0 }
   - { x:338., y:117., size:31., angle:1.8812605285644531e+002,
       response:2.0565496757626534e-002, octave:0 }
   - { x:210., y:216., size:31., angle:3.4797744750976562e+000,
       response:1.4513735659420490e-002, octave:0 }
   - { x:327., y:113., size:31., angle:2.3558004379272461e+001,
       response:1.4227191917598248e-002, octave:0 }
   - { x:298., y:242., size:31., angle:2.6166360473632812e+002,
       response:1.2867980636656284e-002, octave:0 }
   - { x:378., y:189., size:31., angle:3.2356323242187500e+002,
       response:1.2327994219958782e-002, octave:0 }
   - { x:300., y:241., size:31., angle:2.5215155029296875e+002,
       response:1.1374991387128830e-002, octave:0 }
   - { x:219., y:224., size:31., angle:1.7808248901367187e+002,
       response:1.0942148044705391e-002, octave:0 }
   - { x:308., y:240., size:31., angle:2.4212086486816406e+002,
       response:1.6021784394979477e-002, octave:0 }
   - { x:310., y:188., size:31., angle:9.4276367187500000e+001,
       response:1.2120302766561508e-002, octave:0 }
   - { x:211., y:236., size:31., angle:2.0784515380859375e+002,
       response:1.7000729218125343e-002, octave:0 }
   - { x:219., y:232., size:31., angle:2.3602441406250000e+002,
       response:1.3431392610073090e-002, octave:0 }
   - { x:275., y:198., size:31., angle:2.6458204269409180e+001,
       response:1.3258029706776142e-002, octave:0 }
   - { x:252., y:128., size:31., angle:1.9125698852539062e+002,
       response:2.2302486002445221e-002, octave:0 }
   - { x:239., y:128., size:31., angle:3.3219622802734375e+002,
       response:1.7873242497444153e-002, octave:0 }
   - { x:297., y:215., size:31., angle:2.8034667968750000e+002,
       response:1.2132392264902592e-002, octave:0 }
   - { x:218., y:214., size:31., angle:1.3498274230957031e+002,
       response:1.2931550852954388e-002, octave:0 }
   - { x:370., y:157., size:31., angle:6.3085464477539062e+001,
       response:1.1538774706423283e-002, octave:0 }
   - { x:210., y:205., size:31., angle:3.7312953948974609e+001,
       response:1.8648488447070122e-002, octave:0 }
   - { x:276., y:126., size:31., angle:3.3546951293945312e+002,
       response:2.1886004135012627e-002, octave:0 }
   - { x:247., y:131., size:31., angle:2.4597149658203125e+002,
       response:1.0556437075138092e-002, octave:0 }
   - { x:209., y:170., size:31., angle:1.9307199096679687e+002,
       response:1.3207160867750645e-002, octave:0 }
   - { x:365., y:157., size:31., angle:3.9814765930175781e+001,
       response:1.1019245721399784e-002, octave:0 }
   - { x:220., y:214., size:31., angle:1.6912889099121094e+002,
       response:1.4128407463431358e-002, octave:0 }
   - { x:315., y:193., size:31., angle:1.3858325195312500e+002,
       response:1.3724711723625660e-002, octave:0 }
   - { x:252., y:125., size:31., angle:1.8996157836914062e+002,
       response:1.5528137795627117e-002, octave:0 }
   - { x:248., y:125., size:31., angle:2.1050695800781250e+002,
       response:1.2120093218982220e-002, octave:0 }
   - { x:209., y:164., size:31., angle:1.6523135375976562e+002,
       response:1.3653469271957874e-002, octave:0 }
   - { x:215., y:170., size:31., angle:2.1567214965820312e+002,
       response:1.2644951231777668e-002, octave:0 }
   - { x:373., y:170., size:31., angle:6.5044464111328125e+001,
       response:1.4957030303776264e-002, octave:0 }
   - { x:275., y:123., size:31., angle:3.5261703491210937e+002,
       response:1.4205181039869785e-002, octave:0 }
   - { x:241., y:123., size:31., angle:3.1002813720703125e+002,
       response:1.4795083552598953e-002, octave:0 }
   - { x:291., y:317., size:31., angle:3.4807296752929688e+002,
       response:1.2248849496245384e-002, octave:0 }
   - { x:301., y:197., size:31., angle:8.5667526245117187e+001,
       response:1.5301258303225040e-002, octave:0 }
   - { x:356., y:155., size:31., angle:3.0575103759765625e+001,
       response:1.2242395430803299e-002, octave:0 }
   - { x:323., y:122., size:31., angle:3.1041937255859375e+002,
       response:1.3928201049566269e-002, octave:0 }
   - { x:302., y:195., size:31., angle:8.3584518432617188e+001,
       response:1.1729029938578606e-002, octave:0 }
   - { x:321., y:224., size:31., angle:1.6968501281738281e+002,
       response:1.2985683046281338e-002, octave:0 }
   - { x:374., y:148., size:31., angle:5.8437549591064453e+001,
       response:1.4033677056431770e-002, octave:0 }
   - { x:379., y:147., size:31., angle:2.7732408523559570e+001,
       response:1.0625694878399372e-002, octave:0 }
   - { x:352., y:175., size:31., angle:1.5045531272888184e+001,
       response:1.2802432291209698e-002, octave:0 }
   - { x:293., y:315., size:31., angle:3.1057822704315186e-001,
       response:2.3856265470385551e-002, octave:0 }
   - { x:291., y:313., size:31., angle:1.4408392906188965e+001,
       response:1.2352608144283295e-002, octave:0 }
   - { x:338., y:114., size:31., angle:1.6978807067871094e+002,
       response:2.3033352568745613e-002, octave:0 }
   - { x:344., y:114., size:31., angle:1.7785423278808594e+002,
       response:1.1078399606049061e-002, octave:0 }
   - { x:329., y:115., size:31., angle:1.8893239974975586e+001,
       response:1.0928470641374588e-002, octave:0 }
   - { x:288., y:212., size:31., angle:2.6552203369140625e+002,
       response:1.0914467275142670e-002, octave:0 }
   - { x:278., y:121., size:31., angle:9.9215835332870483e-001,
       response:1.4457500539720058e-002, octave:0 }
   - { x:353., y:180., size:31., angle:1.1589682579040527e+001,
       response:1.5525375492870808e-002, octave:0 }
   - { x:356., y:179., size:31., angle:1.0210905075073242e+001,
       response:2.2309107705950737e-002, octave:0 }
   - { x:303., y:315., size:31., angle:1.7387255859375000e+002,
       response:1.7296701669692993e-002, octave:0 }
   - { x:336., y:120., size:31., angle:2.1586479187011719e+002,
       response:1.3972369022667408e-002, octave:0 }
   - { x:278., y:118., size:31., angle:1.2556771278381348e+001,
       response:1.1476335115730762e-002, octave:0 }
   - { x:210., y:210., size:31., angle:7.2020225524902344e+000,
