%YAML:1.0
KeyPoints:
   - { x:78., y:761., size:31., angle:1.6937934875488281e+002,
       response:3.1872927211225033e-003, octave:0 }
   - { x:277., y:64., size:31., angle:2.5200643920898437e+002,
       response:4.7015566378831863e-003, octave:0 }
   - { x:109., y:762., size:31., angle:2.7920284271240234e+001,
       response:2.8110349085181952e-003, octave:0 }
   - { x:274., y:65., size:31., angle:2.2214715576171875e+002,
       response:7.6273619197309017e-003, octave:0 }
   - { x:310., y:319., size:31., angle:6.6846557617187500e+001,
       response:1.3187846634536982e-003, octave:0 }
   - { x:273., y:67., size:31., angle:2.0134594726562500e+002,
       response:1.0441255755722523e-002, octave:0 }
   - { x:283., y:67., size:31., angle:3.3197940063476562e+002,
       response:1.6226845327764750e-003, octave:0 }
   - { x:67., y:762., size:31., angle:2.3329553222656250e+002,
       response:1.1425222037360072e-003, octave:0 }
   - { x:275., y:72., size:31., angle:1.4399360656738281e+002,
       response:3.8113985210657120e-003, octave:0 }
   - { x:278., y:72., size:31., angle:1.0519017791748047e+002,
       response:1.6567481216043234e-003, octave:0 }
   - { x:284., y:73., size:31., angle:3.5380279541015625e+001,
       response:1.3886435888707638e-002, octave:0 }
   - { x:278., y:74., size:31., angle:9.8686485290527344e+001,
       response:1.6329268692061305e-003, octave:0 }
   - { x:240., y:75., size:31., angle:2.6438922119140625e+002,
       response:1.5249415300786495e-003, octave:0 }
   - { x:243., y:75., size:31., angle:2.9806506347656250e+002,
       response:8.8304430246353149e-003, octave:0 }
   - { x:245., y:76., size:31., angle:3.2365664672851562e+002,
       response:8.4400456398725510e-003, octave:0 }
   - { x:48., y:761., size:31., angle:1.3173837661743164e+001,
       response:2.2084510419517756e-003, octave:0 }
   - { x:246., y:78., size:31., angle:3.4172482299804687e+002,
       response:9.2325760051608086e-003, octave:0 }
   - { x:234., y:80., size:31., angle:1.9041801452636719e+002,
       response:2.0363447256386280e-003, octave:0 }
   - { x:241., y:84., size:31., angle:7.3326896667480469e+001,
       response:2.0643016323447227e-003, octave:0 }
   - { x:327., y:263., size:31., angle:2.4689497947692871e+000,
       response:3.3636076841503382e-004, octave:0 }
   - { x:236., y:86., size:31., angle:1.2284755706787109e+002,
       response:1.0409490205347538e-002, octave:0 }
   - { x:240., y:86., size:31., angle:9.5573890686035156e+001,
       response:2.0607968326658010e-003, octave:0 }
   - { x:538., y:761., size:31., angle:5.9557975769042969e+001,
       response:6.0351437423378229e-004, octave:0 }
   - { x:328., y:261., size:31., angle:6.6126222610473633e+000,
       response:4.8523655277676880e-004, octave:0 }
   - { x:97., y:756., size:31., angle:1.9689298629760742e+001,
       response:1.1183002498000860e-003, octave:0 }
   - { x:49., y:764., size:31., angle:2.8868569946289062e+002,
       response:1.7873567994683981e-003, octave:0 }
   - { x:104., y:761., size:31., angle:6.3274478912353516e+001,
       response:3.6283233202993870e-003, octave:0 }
   - { x:46., y:764., size:31., angle:3.0813674926757812e+002,
       response:1.7365914536640048e-003, octave:0 }
   - { x:54., y:761., size:31., angle:1.9267662048339844e+002,
       response:3.1146551482379436e-003, octave:0 }
   - { x:55., y:764., size:31., angle:2.6503558349609375e+002,
       response:1.8668557750061154e-003, octave:0 }
   - { x:236., y:77., size:31., angle:2.2497277832031250e+002,
       response:1.4545462327077985e-003, octave:0 }
   - { x:306., y:133., size:31., angle:3.5215826416015625e+002,
       response:5.7595100952312350e-004, octave:0 }
   - { x:308., y:133., size:31., angle:3.5441558837890625e+002,
       response:3.5992008633911610e-004, octave:0 }
   - { x:332., y:251., size:31., angle:6.2875846862792969e+001,
       response:4.8749995767138898e-004, octave:0 }
   - { x:67., y:760., size:31., angle:9.8223213195800781e+001,
       response:1.8039089627563953e-003, octave:0 }
   - { x:101., y:759., size:31., angle:9.5444335937500000e+001,
       response:2.1111883688718081e-003, octave:0 }
   - { x:335., y:249., size:31., angle:7.6444007873535156e+001,
       response:8.0510927364230156e-004, octave:0 }
   - { x:73., y:757., size:31., angle:1.3765176391601562e+002,
       response:1.0738674318417907e-003, octave:0 }
   - { x:61., y:764., size:31., angle:2.7778692626953125e+002,
       response:1.1136264074593782e-003, octave:0 }
   - { x:113., y:764., size:31., angle:3.0829724121093750e+002,
       response:5.0930434372276068e-004, octave:0 }
   - { x:109., y:764., size:31., angle:3.1074841308593750e+002,
       response:1.2859781272709370e-003, octave:0 }
   - { x:51., y:759., size:31., angle:3.8148521423339844e+001,
       response:2.2933115251362324e-003, octave:0 }
   - { x:48., y:759., size:31., angle:1.4551259994506836e+001,
       response:2.4019291158765554e-003, octave:0 }
   - { x:104., y:764., size:31., angle:2.9439260864257813e+002,
       response:2.2567159030586481e-003, octave:0 }
   - { x:97., y:764., size:31., angle:2.8965234375000000e+002,
       response:3.8582476554438472e-004, octave:0 }
   - { x:91., y:764., size:31., angle:2.7976901245117187e+002,
       response:2.0242829341441393e-003, octave:0 }
   - { x:91., y:756., size:31., angle:3.5814370727539063e+002,
       response:7.2692136745899916e-004, octave:0 }
   - { x:111., y:758., size:31., angle:3.6770153045654297e+001,
       response:1.9426505314186215e-003, octave:0 }
   - { x:246., y:185., size:31., angle:1.0120471954345703e+002,
       response:4.4650392374023795e-004, octave:0 }
   - { x:105., y:758., size:31., angle:6.4544250488281250e+001,
       response:1.2877306435257196e-003, octave:0 }
   - { x:83., y:764., size:31., angle:2.6992324829101562e+002,
       response:1.4994449447840452e-003, octave:0 }
   - { x:97., y:758., size:31., angle:7.7670898437500000e+001,
       response:1.8106661736965179e-003, octave:0 }
   - { x:83., y:758., size:31., angle:9.9387397766113281e+001,
       response:8.7682751473039389e-004, octave:0 }
   - { x:77., y:764., size:31., angle:2.5108206176757812e+002,
       response:1.8966576317325234e-003, octave:0 }
   - { x:73., y:764., size:31., angle:2.5764739990234375e+002,
       response:6.1780191026628017e-004, octave:0 }
   - { x:77., y:758., size:31., angle:1.1884307861328125e+002,
       response:1.6257849056273699e-003, octave:0 }
   - { x:69., y:758., size:31., angle:1.0537419891357422e+002,
       response:1.4839364448562264e-003, octave:0 }
   - { x:55., y:758., size:31., angle:1.1916291046142578e+002,
       response:1.1801127111539245e-003, octave:0 }
   - { x:63., y:764., size:31., angle:2.7359841918945312e+002,
       response:1.0561281815171242e-003, octave:0 }
   - { x:538., y:766., size:31., angle:1.1998970985412598e+001,
       response:3.5084594856016338e-004, octave:0 }
   - { x:67., y:764., size:31., angle:2.6773706054687500e+002,
       response:5.2338623208925128e-004, octave:0 }
   - { x:396., y:749., size:31., angle:2.7173660278320313e+002,
       response:5.0270050996914506e-004, octave:0 }
   - { x:49., y:756., size:31., angle:1.1480457305908203e+001,
       response:2.0691358949989080e-003, octave:0 }
   - { x:47., y:756., size:31., angle:3.5980935668945312e+002,
       response:2.6239955332130194e-003, octave:0 }
   - { x:211., y:301., size:31., angle:1.3139448547363281e+002,
       response:1.0171823669224977e-003, octave:0 }
   - { x:471., y:297., size:31., angle:9.3422231674194336e+000,
       response:3.4039403544738889e-004, octave:0 }
   - { x:249., y:399., size:31., angle:3.2984397888183594e+001,
       response:2.4010345805436373e-003, octave:0 }
   - { x:533., y:761., size:31., angle:6.3750297546386719e+001,
       response:4.8114551464095712e-004, octave:0 }
   - { x:535., y:762., size:31., angle:5.8830116271972656e+001,
       response:6.3938274979591370e-004, octave:0 }
