%YAML:1.0
KeyPoints:
   - { x:124., y:151., size:31., angle:1.2817100524902344e+002,
       response:6.1272219754755497e-003, octave:0 }
   - { x:235., y:181., size:31., angle:2.9585583496093750e+002,
       response:6.6842762753367424e-003, octave:0 }
   - { x:41., y:186., size:31., angle:3.0605596923828125e+002,
       response:9.2644281685352325e-003, octave:0 }
   - { x:163., y:101., size:31., angle:3.0923510742187500e+002,
       response:7.4984375387430191e-003, octave:0 }
   - { x:454., y:181., size:31., angle:2.4647508239746094e+002,
       response:7.3003177531063557e-003, octave:0 }
   - { x:455., y:75., size:31., angle:1.2169712066650391e+002,
       response:5.0206095911562443e-003, octave:0 }
   - { x:249., y:76., size:31., angle:1.3029663085937500e+002,
       response:7.7620283700525761e-003, octave:0 }
   - { x:343., y:76., size:31., angle:1.3106866455078125e+002,
       response:8.1073371693491936e-003, octave:0 }
   - { x:440., y:76., size:31., angle:4.7837467193603516e+001,
       response:5.9212893247604370e-003, octave:0 }
   - { x:458., y:76., size:31., angle:1.3395437622070313e+002,
       response:6.1021852307021618e-003, octave:0 }
   - { x:540., y:100., size:31., angle:3.2062554931640625e+002,
       response:6.4973710104823112e-003, octave:0 }
   - { x:172., y:80., size:31., angle:7.3776969909667969e+001,
       response:5.2898549474775791e-003, octave:0 }
   - { x:441., y:177., size:31., angle:3.0944635009765625e+002,
       response:5.0982995890080929e-003, octave:0 }
   - { x:549., y:66., size:31., angle:6.4209243774414063e+001,
       response:6.2974141910672188e-003, octave:0 }
   - { x:161., y:247., size:31., angle:5.0673904418945313e+001,
       response:5.6184479035437107e-003, octave:0 }
   - { x:540., y:152., size:31., angle:4.5390499114990234e+001,
       response:1.4283812604844570e-002, octave:0 }
   - { x:547., y:186., size:31., angle:3.1380148315429687e+002,
       response:6.2320563010871410e-003, octave:0 }
   - { x:468., y:248., size:31., angle:5.1531303405761719e+001,
       response:6.3143321312963963e-003, octave:0 }
   - { x:549., y:186., size:31., angle:3.0774829101562500e+002,
       response:8.9236116036772728e-003, octave:0 }
   - { x:465., y:252., size:31., angle:6.1972965240478516e+001,
       response:5.6547815911471844e-003, octave:0 }
   - { x:565., y:186., size:31., angle:2.3795474243164062e+002,
       response:5.5032675154507160e-003, octave:0 }
   - { x:538., y:247., size:31., angle:1.2970945739746094e+002,
       response:6.5336152911186218e-003, octave:0 }
   - { x:442., y:247., size:31., angle:1.1554921722412109e+002,
       response:6.5405191853642464e-003, octave:0 }
   - { x:381., y:247., size:31., angle:4.5750514984130859e+001,
       response:1.0110894218087196e-002, octave:0 }
   - { x:314., y:247., size:31., angle:1.3248295593261719e+002,
       response:6.2642642296850681e-003, octave:0 }
   - { x:257., y:247., size:31., angle:5.0514026641845703e+001,
       response:1.0046348907053471e-002, octave:0 }
   - { x:67., y:247., size:31., angle:5.0928848266601563e+001,
       response:6.5644946880638599e-003, octave:0 }
   - { x:535., y:243., size:31., angle:1.3775596618652344e+002,
       response:6.2730922363698483e-003, octave:0 }
   - { x:472., y:243., size:31., angle:4.0514663696289063e+001,
       response:4.9420171417295933e-003, octave:0 }
   - { x:311., y:243., size:31., angle:1.4162539672851563e+002,
       response:5.6715491227805614e-003, octave:0 }
   - { x:221., y:243., size:31., angle:1.3710670471191406e+002,
       response:6.0358191840350628e-003, octave:0 }
   - { x:224., y:247., size:31., angle:1.2924240112304688e+002,
       response:6.4990632236003876e-003, octave:0 }
   - { x:108., y:238., size:31., angle:1.3950878906250000e+002,
       response:5.0979666411876678e-003, octave:0 }
   - { x:105., y:237., size:31., angle:1.4496893310546875e+002,
       response:7.8147668391466141e-003, octave:0 }
   - { x:351., y:231., size:31., angle:9.1954544067382812e+001,
       response:1.1147176846861839e-002, octave:0 }
   - { x:234., y:75., size:31., angle:5.4224269866943359e+001,
       response:6.6245151683688164e-003, octave:0 }
   - { x:60., y:182., size:31., angle:2.3567700195312500e+002,
       response:7.7934940345585346e-003, octave:0 }
   - { x:341., y:181., size:31., angle:2.4338858032226562e+002,
       response:5.3619882091879845e-003, octave:0 }
   - { x:328., y:75., size:31., angle:5.3760810852050781e+001,
       response:6.7447889596223831e-003, octave:0 }
   - { x:329., y:181., size:31., angle:2.9735906982421875e+002,
       response:6.2686763703823090e-003, octave:0 }
   - { x:89., y:151., size:31., angle:4.7014652252197266e+001,
       response:1.1857635341584682e-002, octave:0 }
   - { x:121., y:147., size:31., angle:1.3572656250000000e+002,
       response:6.6118226386606693e-003, octave:0 }
   - { x:124., y:186., size:31., angle:3.0531448364257813e+002,
       response:4.8754685558378696e-003, octave:0 }
   - { x:444., y:181., size:31., angle:2.9086730957031250e+002,
       response:4.6145231463015079e-003, octave:0 }
   - { x:149., y:191., size:31., angle:2.3652523803710937e+002,
       response:4.6904417686164379e-003, octave:0 }
   - { x:568., y:182., size:31., angle:2.3346243286132812e+002,
       response:4.6415603719651699e-003, octave:0 }
   - { x:567., y:186., size:31., angle:2.3324371337890625e+002,
       response:4.8230169340968132e-003, octave:0 }
   - { x:532., y:242., size:31., angle:1.4089318847656250e+002,
       response:4.3545728549361229e-003, octave:0 }
   - { x:218., y:242., size:31., angle:1.4046917724609375e+002,
       response:4.5888298191130161e-003, octave:0 }
   - { x:50., y:66., size:31., angle:1.1227293395996094e+002,
       response:4.7263554297387600e-003, octave:0 }
   - { x:234., y:177., size:31., angle:3.0754394531250000e+002,
       response:4.2183408513665199e-003, octave:0 }
   - { x:111., y:242., size:31., angle:1.3035342407226562e+002,
       response:4.3780128471553326e-003, octave:0 }
   - { x:317., y:248., size:31., angle:1.2605521392822266e+002,
       response:4.1715693660080433e-003, octave:0 }
   - { x:58., y:182., size:31., angle:2.3076535034179687e+002,
       response:4.4070947915315628e-003, octave:0 }
   - { x:73., y:238., size:31., angle:3.9157665252685547e+001,
       response:4.6424972824752331e-003, octave:0 }
   - { x:245., y:181., size:31., angle:2.5078637695312500e+002,
       response:4.6600466594099998e-003, octave:0 }
   - { x:247., y:181., size:31., angle:2.4287686157226562e+002,
       response:4.6322476118803024e-003, octave:0 }
   - { x:231., y:252., size:31., angle:1.1414371490478516e+002,
       response:4.7300783917307854e-003, octave:0 }
   - { x:548., y:70., size:31., angle:5.2419128417968750e+001,
       response:4.4602905400097370e-003, octave:0 }
   - { x:536., y:247., size:31., angle:1.3257878112792969e+002,
       response:4.1852327995002270e-003, octave:0 }
   - { x:471., y:247., size:31., angle:4.6066631317138672e+001,
       response:4.7369278036057949e-003, octave:0 }
   - { x:440., y:247., size:31., angle:1.0463471984863281e+002,
       response:4.3579083867371082e-003, octave:0 }
   - { x:312., y:247., size:31., angle:1.3569581604003906e+002,
       response:4.2627155780792236e-003, octave:0 }
   - { x:222., y:247., size:31., angle:1.3175909423828125e+002,
       response:4.2839306406676769e-003, octave:0 }
   - { x:342., y:177., size:31., angle:2.3274139404296875e+002,
       response:4.3447772040963173e-003, octave:0 }
   - { x:343., y:247., size:31., angle:5.4575355529785156e+001,
       response:4.8410212621092796e-003, octave:0 }
   - { x:65., y:247., size:31., angle:5.3171600341796875e+001,
       response:4.5288060791790485e-003, octave:0 }
   - { x:328., y:177., size:31., angle:3.0858267211914062e+002,
       response:4.2112516239285469e-003, octave:0 }
   - { x:248., y:177., size:31., angle:2.3290911865234375e+002,
