%YAML:1.0
KeyPoints:
   - { x:187., y:322., size:31., angle:2.3507000732421875e+002,
       response:2.5834150146692991e-003, octave:0 }
   - { x:299., y:343., size:31., angle:3.1560129165649414e+001,
       response:2.1183439530432224e-003, octave:0 }
   - { x:244., y:404., size:31., angle:7.0111312866210937e+001,
       response:3.4108187537640333e-003, octave:0 }
   - { x:455., y:473., size:31., angle:1.3354974365234375e+002,
       response:2.5432852562516928e-003, octave:0 }
   - { x:217., y:268., size:31., angle:2.3814749145507812e+002,
       response:2.3686839267611504e-003, octave:0 }
   - { x:330., y:329., size:31., angle:5.6324741363525391e+001,
       response:4.3224641121923923e-003, octave:0 }
   - { x:248., y:407., size:31., angle:6.3107620239257813e+001,
       response:1.5190362464636564e-003, octave:0 }
   - { x:341., y:465., size:31., angle:1.9005731201171875e+002,
       response:1.2624853989109397e-003, octave:0 }
   - { x:275., y:335., size:31., angle:2.4739758300781250e+002,
       response:2.4748190771788359e-003, octave:0 }
   - { x:288., y:462., size:31., angle:4.9464233398437500e+001,
       response:2.5788573548197746e-003, octave:0 }
   - { x:236., y:294., size:31., angle:1.9911065673828125e+002,
       response:1.5706825070083141e-003, octave:0 }
   - { x:320., y:323., size:31., angle:7.2710357666015625e+001,
       response:3.7551203276962042e-003, octave:0 }
   - { x:184., y:323., size:31., angle:2.2318692016601562e+002,
       response:3.1024008058011532e-003, octave:0 }
   - { x:382., y:502., size:31., angle:1.5259346008300781e+002,
       response:1.1361661599949002e-003, octave:0 }
   - { x:286., y:463., size:31., angle:7.6162719726562500e+001,
       response:2.5121513754129410e-003, octave:0 }
   - { x:477., y:502., size:31., angle:2.4455535888671875e+002,
       response:4.0015862323343754e-003, octave:0 }
   - { x:186., y:320., size:31., angle:2.3035939025878906e+002,
       response:1.9948312547057867e-003, octave:0 }
   - { x:406., y:479., size:31., angle:7.8244262695312500e+001,
       response:1.3428106904029846e-003, octave:0 }
   - { x:351., y:478., size:31., angle:1.7226904296875000e+002,
       response:1.3988339342176914e-003, octave:0 }
   - { x:310., y:337., size:31., angle:7.8335285186767578e+000,
       response:1.5117899747565389e-003, octave:0 }
   - { x:232., y:316., size:31., angle:1.9363182067871094e+002,
       response:1.6497331671416759e-003, octave:0 }
   - { x:223., y:274., size:31., angle:3.3720874023437500e+002,
       response:2.6620253920555115e-003, octave:0 }
   - { x:402., y:438., size:31., angle:2.5307771301269531e+002,
       response:1.6791363013908267e-003, octave:0 }
   - { x:238., y:338., size:31., angle:7.6144668579101563e+001,
       response:1.7687691142782569e-003, octave:0 }
   - { x:213., y:273., size:31., angle:2.1598843383789062e+002,
       response:1.2629191624000669e-003, octave:0 }
   - { x:284., y:438., size:31., angle:2.5365863037109375e+002,
       response:1.5559366438537836e-003, octave:0 }
   - { x:247., y:405., size:31., angle:5.0221138000488281e+001,
       response:3.9570145308971405e-003, octave:0 }
   - { x:268., y:256., size:31., angle:2.1832667541503906e+002,
       response:1.5046801418066025e-003, octave:0 }
   - { x:246., y:402., size:31., angle:4.4624607086181641e+001,
       response:2.9450391884893179e-003, octave:0 }
   - { x:327., y:330., size:31., angle:5.8135219573974609e+001,
       response:4.8590642400085926e-003, octave:0 }
   - { x:314., y:346., size:31., angle:6.2358484268188477e+000,
       response:3.3788469154387712e-003, octave:0 }
   - { x:202., y:311., size:31., angle:8.9591621398925781e+001,
       response:1.9370027584955096e-003, octave:0 }
   - { x:285., y:361., size:31., angle:2.9798149108886719e+001,
       response:2.6904647238552570e-003, octave:0 }
   - { x:312., y:452., size:31., angle:6.4076934814453125e+001,
       response:1.7219991423189640e-003, octave:0 }
   - { x:432., y:393., size:31., angle:2.0386273193359375e+002,
       response:2.1110230591148138e-003, octave:0 }
   - { x:237., y:290., size:31., angle:2.2199569702148437e+002,
       response:1.3532164739444852e-003, octave:0 }
   - { x:309., y:334., size:31., angle:3.5937048339843750e+002,
       response:4.4113160111010075e-003, octave:0 }
   - { x:329., y:453., size:31., angle:2.0892953491210937e+002,
       response:1.4360863715410233e-003, octave:0 }
   - { x:328., y:332., size:31., angle:6.4617149353027344e+001,
       response:4.4851489365100861e-003, octave:0 }
   - { x:492., y:497., size:31., angle:2.4175393676757813e+002,
       response:1.2129562674090266e-003, octave:0 }
   - { x:511., y:483., size:31., angle:2.3188493347167969e+002,
       response:3.7821624428033829e-003, octave:0 }
   - { x:281., y:382., size:31., angle:9.6863967895507813e+001,
       response:1.6976475017145276e-003, octave:0 }
   - { x:372., y:332., size:31., angle:2.1711456298828125e+002,
       response:2.3447454441338778e-003, octave:0 }
   - { x:218., y:287., size:31., angle:7.1111129760742187e+001,
       response:3.0358929652720690e-003, octave:0 }
   - { x:295., y:343., size:31., angle:2.3444781303405762e+000,
       response:1.5523991314694285e-003, octave:0 }
   - { x:475., y:505., size:31., angle:2.4245970153808594e+002,
       response:1.2076455168426037e-003, octave:0 }
   - { x:280., y:365., size:31., angle:5.3712402343750000e+001,
       response:1.7096021911129355e-003, octave:0 }
   - { x:368., y:428., size:31., angle:2.4196655273437500e+002,
       response:2.4691319558769464e-003, octave:0 }
   - { x:215., y:333., size:31., angle:2.7259524536132812e+002,
       response:1.6029556281864643e-003, octave:0 }
   - { x:294., y:415., size:31., angle:2.3735638427734375e+002,
       response:1.4353765873238444e-003, octave:0 }
   - { x:352., y:476., size:31., angle:1.7519960021972656e+002,
       response:1.3297423720359802e-003, octave:0 }
   - { x:362., y:487., size:31., angle:1.4752905273437500e+002,
       response:1.3439732138067484e-003, octave:0 }
   - { x:296., y:418., size:31., angle:2.1746166992187500e+002,
       response:2.5364204775542021e-003, octave:0 }
   - { x:285., y:460., size:31., angle:8.1451797485351563e+001,
       response:1.6456951852887869e-003, octave:0 }
   - { x:212., y:334., size:31., angle:2.4608589172363281e+002,
       response:2.9717835132032633e-003, octave:0 }
   - { x:230., y:313., size:31., angle:2.0371568298339844e+002,
       response:1.4391168951988220e-003, octave:0 }
   - { x:232., y:313., size:31., angle:2.1552748107910156e+002,
       response:2.1618269383907318e-003, octave:0 }
   - { x:203., y:300., size:31., angle:2.5631985473632812e+002,
       response:1.4178486308082938e-003, octave:0 }
   - { x:372., y:496., size:31., angle:1.5144798278808594e+002,
       response:1.2904502218589187e-003, octave:0 }
   - { x:344., y:318., size:31., angle:6.0204879760742188e+001,
       response:2.0433107856661081e-003, octave:0 }
   - { x:346., y:318., size:31., angle:5.6337627410888672e+001,
       response:1.5937178395688534e-003, octave:0 }
   - { x:481., y:506., size:31., angle:2.4309661865234375e+002,
       response:1.1844841064885259e-003, octave:0 }
   - { x:515., y:484., size:31., angle:2.3416407775878906e+002,
       response:2.2950489073991776e-003, octave:0 }
   - { x:396., y:352., size:31., angle:3.0343399047851562e+002,
       response:2.3461950477212667e-003, octave:0 }
   - { x:334., y:312., size:31., angle:4.4884117126464844e+001,
       response:1.5566673828288913e-003, octave:0 }
   - { x:303., y:361., size:31., angle:1.0842076873779297e+002,
       response:1.9844488706439734e-003, octave:0 }
   - { x:258., y:237., size:31., angle:1.1785971069335937e+002,
       response:2.4062106385827065e-003, octave:0 }
   - { x:337., y:350., size:31., angle:2.2379354858398437e+002,
       response:1.5752915060147643e-003, octave:0 }
   - { x:307., y:358., size:31., angle:6.5555007934570312e+001,
