%YAML:1.0
KeyPoints:
   - { x:99., y:285., size:31., angle:3.1525259399414062e+002,
       response:6.0597114497795701e-005, octave:0 }
   - { x:495., y:545., size:31., angle:2.2304889678955078e+001,
       response:2.0348317775642499e-005, octave:0 }
   - { x:299., y:545., size:31., angle:2.8662567138671875e+002,
       response:1.7785621457733214e-004, octave:0 }
   - { x:292., y:541., size:31., angle:2.8545886230468750e+002,
       response:6.4419023692607880e-004, octave:0 }
   - { x:95., y:269., size:31., angle:2.2497824096679687e+002,
       response:4.1448172851232812e-005, octave:0 }
   - { x:75., y:271., size:31., angle:2.6412457275390625e+002,
       response:1.8909549908130430e-005, octave:0 }
   - { x:167., y:271., size:31., angle:2.9834106445312500e+002,
       response:1.8235987226944417e-005, octave:0 }
   - { x:277., y:539., size:31., angle:2.8250973510742187e+002,
       response:9.8357486422173679e-005, octave:0 }
   - { x:99., y:273., size:31., angle:2.8270233154296875e+002,
       response:2.0506486180238426e-004, octave:0 }
   - { x:369., y:538., size:31., angle:1.2583921813964844e+002,
       response:3.0005807275301777e-005, octave:0 }
   - { x:273., y:538., size:31., angle:2.8507434082031250e+002,
       response:2.5522299110889435e-003, octave:0 }
   - { x:96., y:277., size:31., angle:2.9608676147460937e+002,
       response:3.5721817403100431e-004, octave:0 }
   - { x:89., y:279., size:31., angle:2.6472027587890625e+002,
       response:3.0404067365452647e-004, octave:0 }
   - { x:269., y:538., size:31., angle:2.8942175292968750e+002,
       response:4.0392504888586700e-004, octave:0 }
   - { x:263., y:538., size:31., angle:2.9017864990234375e+002,
       response:6.8667228333652020e-004, octave:0 }
   - { x:97., y:282., size:31., angle:3.0954058837890625e+002,
       response:4.8840043746167794e-005, octave:0 }
   - { x:280., y:537., size:31., angle:2.8338159179687500e+002,
       response:7.8101489634718746e-005, octave:0 }
   - { x:273., y:282., size:31., angle:2.4962651062011719e+002,
       response:5.7403081882512197e-005, octave:0 }
   - { x:261., y:537., size:31., angle:2.9161523437500000e+002,
       response:7.8845547977834940e-004, octave:0 }
   - { x:92., y:284., size:31., angle:2.7592956542968750e+002,
       response:3.1413906981470063e-005, octave:0 }
   - { x:128., y:284., size:31., angle:1.7738256835937500e+002,
       response:2.1758636285085231e-004, octave:0 }
   - { x:392., y:536., size:31., angle:2.4536061096191406e+002,
       response:3.8542759284609929e-005, octave:0 }
   - { x:32., y:743., size:31., angle:2.0507756042480469e+002,
       response:2.6523217456997372e-005, octave:0 }
   - { x:262., y:535., size:31., angle:2.9191369628906250e+002,
       response:7.4562197551131248e-004, octave:0 }
   - { x:97., y:288., size:31., angle:3.0477301025390625e+002,
       response:2.4163851776393130e-005, octave:0 }
   - { x:366., y:533., size:31., angle:1.0855433654785156e+002,
       response:2.4187937015085481e-005, octave:0 }
   - { x:262., y:533., size:31., angle:2.9369967651367187e+002,
       response:1.0086988186230883e-004, octave:0 }
   - { x:257., y:533., size:31., angle:3.0489147949218750e+002,
       response:1.6047649551182985e-003, octave:0 }
   - { x:124., y:305., size:31., angle:2.2039102172851562e+002,
       response:3.8804701762273908e-004, octave:0 }
   - { x:252., y:530., size:31., angle:3.1670272827148437e+002,
       response:3.4570868592709303e-004, octave:0 }
   - { x:335., y:308., size:31., angle:2.8695446777343750e+002,
       response:3.3894342777784914e-005, octave:0 }
   - { x:249., y:530., size:31., angle:3.1429757690429688e+002,
       response:2.8043298516422510e-004, octave:0 }
   - { x:386., y:309., size:31., angle:2.8371484375000000e+002,
       response:3.0930536013329402e-005, octave:0 }
   - { x:254., y:529., size:31., angle:3.1905877685546875e+002,
       response:1.2624051305465400e-004, octave:0 }
   - { x:348., y:310., size:31., angle:2.7971713256835937e+002,
       response:4.8757909098640084e-005, octave:0 }
   - { x:265., y:311., size:31., angle:6.0259063720703125e+001,
       response:1.7431955711799674e-005, octave:0 }
   - { x:295., y:523., size:31., angle:1.0132593536376953e+002,
       response:8.8211541878990829e-005, octave:0 }
   - { x:324., y:314., size:31., angle:1.6336465454101562e+002,
       response:2.6685705961426720e-005, octave:0 }
   - { x:248., y:315., size:31., angle:1.4550167083740234e+001,
       response:1.5439284034073353e-003, octave:0 }
   - { x:248., y:317., size:31., angle:6.2329582214355469e+001,
       response:1.6702779103070498e-003, octave:0 }
   - { x:290., y:523., size:31., angle:9.9197471618652344e+001,
       response:3.0078595955274068e-005, octave:0 }
   - { x:253., y:319., size:31., angle:3.2381111145019531e+001,
       response:5.9186004364164546e-005, octave:0 }
   - { x:548., y:324., size:31., angle:3.1909878540039062e+002,
       response:1.8453221855452284e-005, octave:0 }
   - { x:275., y:520., size:31., angle:9.2098777770996094e+001,
       response:3.7076930311741307e-005, octave:0 }
   - { x:264., y:516., size:31., angle:8.7940589904785156e+001,
       response:2.6334231733926572e-005, octave:0 }
   - { x:518., y:485., size:31., angle:4.6860706329345703e+001,
       response:7.0593559939879924e-005, octave:0 }
   - { x:162., y:343., size:31., angle:3.4346862792968750e+001,
       response:4.8229943786282092e-005, octave:0 }
   - { x:439., y:343., size:31., angle:1.6018162536621094e+002,
       response:6.4632022986188531e-004, octave:0 }
   - { x:540., y:467., size:31., angle:2.0170030593872070e+001,
       response:2.2671943952445872e-005, octave:0 }
   - { x:154., y:344., size:31., angle:9.9032348632812500e+001,
       response:2.3316071747103706e-005, octave:0 }
   - { x:165., y:344., size:31., angle:2.0099128723144531e+001,
       response:8.2306476542726159e-005, octave:0 }
   - { x:442., y:344., size:31., angle:1.3502363586425781e+002,
       response:1.3720886781811714e-003, octave:0 }
   - { x:447., y:345., size:31., angle:1.1072082519531250e+002,
       response:9.8001815786119550e-005, octave:0 }
   - { x:173., y:346., size:31., angle:3.5123678588867187e+002,
       response:3.4813521779142320e-005, octave:0 }
   - { x:166., y:347., size:31., angle:2.6704435348510742e+001,
       response:1.0456067684572190e-004, octave:0 }
   - { x:111., y:446., size:31., angle:1.8039685058593750e+002,
       response:1.8127766452380456e-005, octave:0 }
   - { x:171., y:348., size:31., angle:7.9877142906188965e+000,
       response:1.3423257041722536e-004, octave:0 }
   - { x:181., y:349., size:31., angle:3.2618728637695312e+002,
       response:2.3280197638086975e-005, octave:0 }
   - { x:437., y:349., size:31., angle:1.2757351684570312e+002,
       response:7.7651202445849776e-005, octave:0 }
   - { x:173., y:350., size:31., angle:8.7957782745361328e+000,
       response:9.0747249487321824e-005, octave:0 }
   - { x:298., y:443., size:31., angle:2.5938619995117187e+002,
       response:1.8280064978171140e-005, octave:0 }
   - { x:103., y:430., size:31., angle:1.2145176696777344e+002,
       response:7.4883144407067448e-005, octave:0 }
   - { x:96., y:426., size:31., angle:1.1175292205810547e+002,
       response:5.5498454457847401e-005, octave:0 }
   - { x:75., y:418., size:31., angle:1.3711734008789062e+002,
       response:2.8059628675691783e-005, octave:0 }
   - { x:171., y:351., size:31., angle:2.3462261199951172e+001,
       response:6.5230764448642731e-005, octave:0 }
   - { x:564., y:351., size:31., angle:3.5006973266601562e+002,
       response:2.9938630177639425e-005, octave:0 }
   - { x:437., y:352., size:31., angle:1.1755195617675781e+002,
       response:4.0767386963125318e-005, octave:0 }
   - { x:174., y:353., size:31., angle:1.7819824218750000e+001,
       response:9.7802272648550570e-005, octave:0 }
   - { x:179., y:353., size:31., angle:3.4382513427734375e+002,
