%YAML:1.0
KeyPoints:
   - { x:228., y:658., size:31., angle:1.8014236450195312e+002,
       response:6.4642140641808510e-003, octave:0 }
   - { x:113., y:482., size:31., angle:3.4954904174804687e+002,
       response:1.2053616344928741e-002, octave:0 }
   - { x:397., y:663., size:31., angle:1.0260108947753906e+001,
       response:7.9071046784520149e-003, octave:0 }
   - { x:202., y:663., size:31., angle:1.7023980712890625e+002,
       response:6.8997838534414768e-003, octave:0 }
   - { x:46., y:117., size:31., angle:1.5525360107421875e+002,
       response:1.2692905962467194e-002, octave:0 }
   - { x:553., y:117., size:31., angle:2.4951446533203125e+001,
       response:1.3305775821208954e-002, octave:0 }
   - { x:442., y:406., size:31., angle:6.4490943908691406e+001,
       response:6.5300082787871361e-003, octave:0 }
   - { x:110., y:482., size:31., angle:3.4193405151367187e+002,
       response:1.2652033939957619e-002, octave:0 }
   - { x:469., y:661., size:31., angle:2.3381612777709961e+001,
       response:5.5613680742681026e-003, octave:0 }
   - { x:151., y:451., size:31., angle:1.7032579040527344e+002,
       response:1.7483973875641823e-002, octave:0 }
   - { x:114., y:624., size:31., angle:1.5156552124023437e+002,
       response:2.0742429420351982e-002, octave:0 }
   - { x:127., y:390., size:31., angle:2.1717735290527344e+002,
       response:6.9204638712108135e-003, octave:0 }
   - { x:108., y:129., size:31., angle:4.7333885192871094e+001,
       response:1.6076102852821350e-002, octave:0 }
   - { x:491., y:129., size:31., angle:1.3184111022949219e+002,
       response:1.7981033772230148e-002, octave:0 }
   - { x:477., y:588., size:31., angle:2.0972962951660156e+002,
       response:1.4284027740359306e-002, octave:0 }
   - { x:216., y:552., size:31., angle:1.0565692138671875e+002,
       response:5.4980535060167313e-003, octave:0 }
   - { x:395., y:478., size:31., angle:3.0692044067382812e+002,
       response:1.4005688019096851e-002, octave:0 }
   - { x:223., y:478., size:31., angle:2.9587704467773437e+002,
       response:1.3578808866441250e-002, octave:0 }
   - { x:397., y:477., size:31., angle:3.1489782714843750e+002,
       response:7.3368144221603870e-003, octave:0 }
   - { x:145., y:334., size:31., angle:2.9448168945312500e+002,
       response:5.1351222209632397e-003, octave:0 }
   - { x:131., y:661., size:31., angle:1.5595486450195312e+002,
       response:6.1748079024255276e-003, octave:0 }
   - { x:221., y:461., size:31., angle:8.1230369567871094e+001,
       response:1.1704024858772755e-002, octave:0 }
   - { x:223., y:461., size:31., angle:9.5670875549316406e+001,
       response:1.3471581973135471e-002, octave:0 }
   - { x:97., y:504., size:31., angle:1.7308737182617187e+002,
       response:7.5144460424780846e-003, octave:0 }
   - { x:473., y:388., size:31., angle:3.1682476806640625e+002,
       response:5.0093038007616997e-003, octave:0 }
   - { x:225., y:477., size:31., angle:2.8173458862304688e+002,
       response:7.0519051514565945e-003, octave:0 }
   - { x:398., y:446., size:31., angle:3.5513759613037109e+001,
       response:1.0447456501424313e-002, octave:0 }
   - { x:240., y:371., size:31., angle:2.9244482421875000e+002,
       response:7.8577082604169846e-003, octave:0 }
   - { x:489., y:625., size:31., angle:3.1080865859985352e+001,
       response:1.2448592111468315e-002, octave:0 }
   - { x:360., y:371., size:31., angle:2.5605358886718750e+002,
       response:8.1869093701243401e-003, octave:0 }
   - { x:156., y:377., size:31., angle:1.6948159790039062e+002,
       response:1.3390856795012951e-002, octave:0 }
   - { x:89., y:229., size:31., angle:2.0949552917480469e+002,
       response:5.6890575215220451e-003, octave:0 }
   - { x:371., y:657., size:31., angle:3.4482824707031250e+002,
       response:6.1695501208305359e-003, octave:0 }
   - { x:393., y:461., size:31., angle:3.9818672180175781e+001,
       response:1.1303881183266640e-002, octave:0 }
   - { x:104., y:240., size:31., angle:2.0025709533691406e+002,
       response:6.9658379070460796e-003, octave:0 }
   - { x:361., y:388., size:31., angle:2.1222730636596680e+001,
       response:5.7961232960224152e-003, octave:0 }
   - { x:395., y:461., size:31., angle:3.0586591720581055e+001,
       response:1.3428003527224064e-002, octave:0 }
   - { x:117., y:595., size:31., angle:2.9250360107421875e+002,
       response:5.2759940735995770e-003, octave:0 }
   - { x:495., y:240., size:31., angle:3.3946228027343750e+002,
       response:6.7426860332489014e-003, octave:0 }
   - { x:472., y:390., size:31., angle:3.2413919067382812e+002,
       response:7.2542671114206314e-003, octave:0 }
   - { x:225., y:462., size:31., angle:1.1113986968994141e+002,
       response:7.2657479904592037e-003, octave:0 }
   - { x:123., y:588., size:31., angle:3.3097048950195313e+002,
       response:1.3358348980545998e-002, octave:0 }
   - { x:300., y:766., size:31., angle:8.9130081176757813e+001,
       response:1.9604293629527092e-002, octave:0 }
   - { x:444., y:378., size:31., angle:6.2677597999572754e+000,
       response:1.9393436610698700e-002, octave:0 }
   - { x:487., y:529., size:31., angle:1.9401316833496094e+002,
       response:1.2935535982251167e-002, octave:0 }
   - { x:299., y:529., size:31., angle:2.6037203979492187e+002,
       response:2.0015479996800423e-002, octave:0 }
   - { x:300., y:488., size:31., angle:2.6919546508789062e+002,
       response:8.5043152794241905e-003, octave:0 }
   - { x:110., y:626., size:31., angle:1.4870939636230469e+002,
       response:1.0344102978706360e-002, octave:0 }
   - { x:148., y:634., size:31., angle:3.1543267822265625e+002,
       response:8.3482638001441956e-003, octave:0 }
   - { x:300., y:470., size:31., angle:9.4483245849609375e+001,
       response:1.8084809184074402e-002, octave:0 }
   - { x:452., y:634., size:31., angle:2.2411859130859375e+002,
       response:8.9650768786668777e-003, octave:0 }
   - { x:457., y:645., size:31., angle:2.2830249023437500e+002,
       response:5.6504136882722378e-003, octave:0 }
   - { x:101., y:577., size:31., angle:1.5750326538085937e+002,
       response:5.4792938753962517e-003, octave:0 }
   - { x:112., y:529., size:31., angle:3.4516125488281250e+002,
       response:1.4585839584469795e-002, octave:0 }
   - { x:502., y:504., size:31., angle:7.2896857261657715e+000,
       response:6.7914212122559547e-003, octave:0 }
   - { x:491., y:284., size:31., angle:3.4064611816406250e+002,
       response:8.9575005695223808e-003, octave:0 }
   - { x:108., y:284., size:31., angle:1.9907957458496094e+002,
       response:9.3404324725270271e-003, octave:0 }
   - { x:97., y:283., size:31., angle:1.9776374816894531e+002,
       response:1.3365323655307293e-002, octave:0 }
   - { x:300., y:519., size:31., angle:9.0501464843750000e+001,
       response:1.0987197048962116e-002, octave:0 }
   - { x:157., y:406., size:31., angle:1.1628627014160156e+002,
       response:6.8474756553769112e-003, octave:0 }
   - { x:503., y:282., size:31., angle:3.4122412109375000e+002,
       response:9.1590145602822304e-003, octave:0 }
   - { x:448., y:451., size:31., angle:9.7638673782348633e+000,
       response:1.7451956868171692e-002, octave:0 }
   - { x:454., y:334., size:31., angle:2.4379832458496094e+002,
       response:5.2480883896350861e-003, octave:0 }
   - { x:300., y:336., size:31., angle:8.9354309082031250e+001,
       response:2.0749418064951897e-002, octave:0 }
   - { x:102., y:501., size:31., angle:1.6233670043945312e+002,
       response:5.2764597348868847e-003, octave:0 }
   - { x:487., y:482., size:31., angle:1.9115834045410156e+002,
       response:1.7026007175445557e-002, octave:0 }
   - { x:490., y:482., size:31., angle:1.9979316711425781e+002,
       response:1.0716062970459461e-002, octave:0 }
   - { x:128., y:669., size:31., angle:1.4317724609375000e+002,
       response:1.2981744483113289e-002, octave:0 }
   - { x:472., y:669., size:31., angle:3.5957000732421875e+001,
