%YAML:1.0
KeyPoints:
   - { x:425., y:123., size:31., angle:1.4007191467285156e+002,
       response:1.4227438718080521e-002, octave:0 }
   - { x:167., y:115., size:31., angle:2.1852738952636719e+002,
       response:1.3312821276485920e-002, octave:0 }
   - { x:476., y:338., size:31., angle:2.8815002441406250e+002,
       response:1.3761329464614391e-002, octave:0 }
   - { x:87., y:303., size:31., angle:1.4441458129882812e+002,
       response:1.1875818483531475e-002, octave:0 }
   - { x:409., y:543., size:31., angle:2.0953877258300781e+002,
       response:1.4082060195505619e-002, octave:0 }
   - { x:52., y:577., size:31., angle:1.4467619323730469e+002,
       response:1.7736401408910751e-002, octave:0 }
   - { x:428., y:114., size:31., angle:3.2012954711914062e+002,
       response:1.6697429120540619e-002, octave:0 }
   - { x:493., y:86., size:31., angle:3.4094973754882812e+002,
       response:1.2426169589161873e-002, octave:0 }
   - { x:547., y:577., size:31., angle:3.5323802947998047e+001,
       response:1.7736401408910751e-002, octave:0 }
   - { x:200., y:460., size:31., angle:3.3286285400390625e+001,
       response:1.3229497708380222e-002, octave:0 }
   - { x:53., y:579., size:31., angle:1.4554598999023437e+002,
       response:1.6806233674287796e-002, octave:0 }
   - { x:311., y:114., size:31., angle:2.1403894042968750e+002,
       response:1.6207577660679817e-002, octave:0 }
   - { x:285., y:114., size:31., angle:3.2165945434570312e+002,
       response:1.3767324388027191e-002, octave:0 }
   - { x:420., y:339., size:31., angle:2.2330694580078125e+002,
       response:1.1730968020856380e-002, octave:0 }
   - { x:432., y:338., size:31., angle:3.4151435852050781e+001,
       response:1.3348625041544437e-002, octave:0 }
   - { x:201., y:458., size:31., angle:4.0643859863281250e+001,
       response:1.6399135813117027e-002, octave:0 }
   - { x:512., y:303., size:31., angle:3.2431468963623047e+001,
       response:1.3797452673316002e-002, octave:0 }
   - { x:436., y:125., size:31., angle:3.2828320312500000e+002,
       response:1.5171661041676998e-002, octave:0 }
   - { x:546., y:579., size:31., angle:3.4454010009765625e+001,
       response:1.6806233674287796e-002, octave:0 }
   - { x:385., y:404., size:31., angle:3.1942300415039063e+002,
       response:1.4343950897455215e-002, octave:0 }
   - { x:475., y:350., size:31., angle:1.7096493530273437e+002,
       response:1.1619306169450283e-002, octave:0 }
   - { x:108., y:375., size:31., angle:1.3113957214355469e+002,
       response:1.6258247196674347e-002, octave:0 }
   - { x:427., y:331., size:31., angle:2.1752430725097656e+002,
       response:1.2793957255780697e-002, octave:0 }
   - { x:84., y:334., size:31., angle:4.1248283386230469e+000,
       response:1.3037022203207016e-002, octave:0 }
   - { x:510., y:341., size:31., angle:1.3581657409667969e+002,
       response:1.2568201869726181e-002, octave:0 }
   - { x:436., y:332., size:31., angle:3.3582626342773438e+001,
       response:1.3933875598013401e-002, octave:0 }
   - { x:407., y:449., size:31., angle:3.1862359619140625e+002,
       response:1.3831440359354019e-002, octave:0 }
   - { x:406., y:447., size:31., angle:3.1957290649414063e+002,
       response:1.6096835955977440e-002, octave:0 }
   - { x:68., y:584., size:31., angle:3.2014843750000000e+002,
       response:1.2300642207264900e-002, octave:0 }
   - { x:198., y:447., size:31., angle:2.2236555480957031e+002,
       response:1.2427825480699539e-002, octave:0 }
   - { x:531., y:584., size:31., angle:2.1985154724121094e+002,
       response:1.2300642207264900e-002, octave:0 }
   - { x:514., y:306., size:31., angle:3.5740850830078125e+002,
       response:1.3611149042844772e-002, octave:0 }
   - { x:295., y:404., size:31., angle:1.1499609375000000e+002,
       response:1.4932560734450817e-002, octave:0 }
   - { x:219., y:404., size:31., angle:2.1978045654296875e+002,
       response:1.1829160153865814e-002, octave:0 }
   - { x:168., y:342., size:31., angle:1.4200732421875000e+002,
       response:1.2982716783881187e-002, octave:0 }
   - { x:132., y:94., size:31., angle:5.0491268157958984e+001,
       response:1.4124421402812004e-002, octave:0 }
   - { x:304., y:404., size:31., angle:6.3419174194335938e+001,
       response:1.7603050917387009e-002, octave:0 }
   - { x:426., y:111., size:31., angle:3.2130096435546875e+002,
       response:1.1839992366731167e-002, octave:0 }
   - { x:312., y:112., size:31., angle:2.0981385803222656e+002,
       response:1.2064645066857338e-002, octave:0 }
   - { x:515., y:334., size:31., angle:1.7898669433593750e+002,
       response:1.5200737863779068e-002, octave:0 }
   - { x:538., y:576., size:31., angle:2.1569694519042969e+002,
       response:1.2059656903147697e-002, octave:0 }
   - { x:190., y:601., size:31., angle:3.1052389526367187e+002,
       response:1.2738334015011787e-002, octave:0 }
   - { x:320., y:313., size:31., angle:3.2391403198242187e+002,
       response:1.1929563246667385e-002, octave:0 }
   - { x:61., y:576., size:31., angle:3.2430303955078125e+002,
       response:1.2059656903147697e-002, octave:0 }
   - { x:478., y:341., size:31., angle:2.5630120849609375e+002,
       response:1.5465172939002514e-002, octave:0 }
   - { x:173., y:122., size:31., angle:3.8858341217041016e+001,
       response:1.1942524462938309e-002, octave:0 }
   - { x:430., y:341., size:31., angle:3.6082710266113281e+001,
       response:1.4910292811691761e-002, octave:0 }
   - { x:171., y:332., size:31., angle:3.2092584228515625e+002,
       response:1.3672204688191414e-002, octave:0 }
   - { x:90., y:314., size:31., angle:2.9002471923828125e+002,
       response:1.4423226937651634e-002, octave:0 }
   - { x:272., y:314., size:31., angle:2.1360333251953125e+002,
       response:1.3484981842339039e-002, octave:0 }
   - { x:533., y:597., size:31., angle:4.0070495605468750e+001,
       response:1.7012141644954681e-002, octave:0 }
   - { x:66., y:597., size:31., angle:1.3992950439453125e+002,
       response:1.7012141644954681e-002, octave:0 }
   - { x:534., y:595., size:31., angle:4.0370918273925781e+001,
       response:1.6964742913842201e-002, octave:0 }
   - { x:509., y:314., size:31., angle:2.5312414550781250e+002,
       response:1.9123535603284836e-002, octave:0 }
   - { x:161., y:123., size:31., angle:2.1155253601074219e+002,
       response:1.1774864047765732e-002, octave:0 }
   - { x:288., y:395., size:31., angle:1.5690505981445312e+002,
       response:1.3039705343544483e-002, octave:0 }
   - { x:89., y:316., size:31., angle:2.6208337402343750e+002,
       response:1.5248876996338367e-002, octave:0 }
   - { x:304., y:123., size:31., angle:2.5894601440429687e+002,
       response:1.1704313568770885e-002, octave:0 }
   - { x:89., y:341., size:31., angle:4.7584232330322266e+001,
       response:1.4389191754162312e-002, octave:0 }
   - { x:277., y:323., size:31., angle:3.8801269531250000e+001,
       response:1.5397287905216217e-002, octave:0 }
   - { x:435., y:123., size:31., angle:3.2924880981445312e+002,
       response:1.7353454604744911e-002, octave:0 }
   - { x:317., y:323., size:31., angle:1.4066453552246094e+002,
       response:1.4146658591926098e-002, octave:0 }
   - { x:435., y:334., size:31., angle:3.2078063964843750e+001,
       response:1.6224434599280357e-002, octave:0 }
   - { x:171., y:125., size:31., angle:3.8491596221923828e+001,
       response:1.4093901030719280e-002, octave:0 }
   - { x:510., y:316., size:31., angle:2.8002746582031250e+002,
       response:2.0739706233143806e-002, octave:0 }
   - { x:425., y:334., size:31., angle:2.1985429382324219e+002,
       response:1.4227438718080521e-002, octave:0 }
   - { x:256., y:216., size:31., angle:1.0669715881347656e+002,
       response:1.1570559814572334e-002, octave:0 }
   - { x:287., y:393., size:31., angle:1.5493339538574219e+002,
       response:1.4414482749998569e-002, octave:0 }
   - { x:166., y:339., size:31., angle:1.4465565490722656e+002,
