%YAML:1.0
KeyPoints:
   - { x:478., y:302., size:31., angle:3.2447747802734375e+002,
       response:1.4038383029401302e-002, octave:0 }
   - { x:31., y:241., size:31., angle:1.9634690856933594e+002,
       response:9.3359831953421235e-004, octave:0 }
   - { x:139., y:373., size:31., angle:1.7740162658691406e+002,
       response:5.1321261562407017e-003, octave:0 }
   - { x:504., y:320., size:31., angle:5.8514038085937500e+001,
       response:3.5826937528327107e-004, octave:0 }
   - { x:469., y:310., size:31., angle:5.9196506500244141e+001,
       response:1.2925102375447750e-002, octave:0 }
   - { x:472., y:401., size:31., angle:3.8869171142578125e+001,
       response:6.9538486422970891e-004, octave:0 }
   - { x:325., y:683., size:31., angle:2.8815921020507812e+002,
       response:1.1537862941622734e-002, octave:0 }
   - { x:237., y:634., size:31., angle:1.7179475402832031e+002,
       response:1.0630124015733600e-003, octave:0 }
   - { x:130., y:310., size:31., angle:1.2136189270019531e+002,
       response:1.2869718484580517e-002, octave:0 }
   - { x:344., y:621., size:31., angle:1.8034027099609375e+002,
       response:1.6951127327047288e-004, octave:0 }
   - { x:501., y:322., size:31., angle:5.8254516601562500e+001,
       response:3.8530869642272592e-004, octave:0 }
   - { x:255., y:620., size:31., angle:3.5815960693359375e+002,
       response:1.5114460256882012e-004, octave:0 }
   - { x:312., y:493., size:31., angle:1.6752439880371094e+002,
       response:7.6371724717319012e-003, octave:0 }
   - { x:127., y:401., size:31., angle:1.4576982116699219e+002,
       response:7.0772197796031833e-004, octave:0 }
   - { x:300., y:459., size:31., angle:9.1935020446777344e+001,
       response:1.3836209662258625e-002, octave:0 }
   - { x:275., y:683., size:31., angle:2.6384793090820312e+002,
       response:1.0984999127686024e-002, octave:0 }
   - { x:85., y:465., size:31., angle:1.5896330261230469e+002,
       response:3.2288555521517992e-003, octave:0 }
   - { x:514., y:465., size:31., angle:2.3953470230102539e+001,
       response:3.2387031242251396e-003, octave:0 }
   - { x:312., y:487., size:31., angle:1.6281266784667969e+002,
       response:1.4592696912586689e-002, octave:0 }
   - { x:287., y:493., size:31., angle:1.2665349960327148e+001,
       response:7.6399017125368118e-003, octave:0 }
   - { x:287., y:487., size:31., angle:1.7282054901123047e+001,
       response:1.4615473337471485e-002, octave:0 }
   - { x:534., y:307., size:31., angle:8.9785049438476563e+001,
       response:1.2203500606119633e-002, octave:0 }
   - { x:60., y:269., size:31., angle:2.9725579833984375e+002,
       response:9.8684905096888542e-003, octave:0 }
   - { x:539., y:269., size:31., angle:2.4258717346191406e+002,
       response:9.8695438355207443e-003, octave:0 }
   - { x:127., y:559., size:31., angle:2.7632284545898437e+002,
       response:3.8033685996197164e-004, octave:0 }
   - { x:186., y:406., size:31., angle:8.4878318786621094e+001,
       response:8.2568796351552010e-003, octave:0 }
   - { x:413., y:406., size:31., angle:9.5013961791992188e+001,
       response:8.2791177555918694e-003, octave:0 }
   - { x:66., y:307., size:31., angle:9.1405326843261719e+001,
       response:9.6899857744574547e-003, octave:0 }
   - { x:288., y:490., size:31., angle:9.3306646347045898e+000,
       response:9.5396032556891441e-003, octave:0 }
   - { x:520., y:440., size:31., angle:1.6434213638305664e+001,
       response:2.4424010189250112e-004, octave:0 }
   - { x:300., y:422., size:31., angle:2.7244116210937500e+002,
       response:1.8827484920620918e-002, octave:0 }
   - { x:568., y:240., size:31., angle:3.2663552856445312e+002,
       response:3.5704125184565783e-004, octave:0 }
   - { x:117., y:408., size:31., angle:1.3775122070312500e+002,
       response:2.0955775398761034e-003, octave:0 }
   - { x:482., y:408., size:31., angle:4.4452079772949219e+001,
       response:2.2858516313135624e-003, octave:0 }
   - { x:127., y:316., size:31., angle:9.2278945922851563e+001,
       response:1.9432912813499570e-004, octave:0 }
   - { x:516., y:408., size:31., angle:3.4351651000976563e+002,
       response:9.8689517471939325e-004, octave:0 }
   - { x:472., y:559., size:31., angle:2.6471835327148437e+002,
       response:3.7444671033881605e-004, octave:0 }
   - { x:311., y:490., size:31., angle:1.7085388183593750e+002,
       response:9.5438053831458092e-003, octave:0 }
   - { x:109., y:409., size:31., angle:2.0189254760742187e+002,
       response:2.1478603594005108e-003, octave:0 }
   - { x:117., y:283., size:31., angle:2.3732685852050781e+002,
       response:5.1359273493289948e-003, octave:0 }
   - { x:560., y:400., size:31., angle:2.8855894088745117e+001,
       response:8.2142808241769671e-004, octave:0 }
   - { x:336., y:650., size:31., angle:1.4900216674804687e+002,
       response:7.5715291313827038e-004, octave:0 }
   - { x:482., y:283., size:31., angle:3.0266650390625000e+002,
       response:5.1314425654709339e-003, octave:0 }
   - { x:529., y:417., size:31., angle:2.4181794738769531e+002,
       response:2.6209841016680002e-003, octave:0 }
   - { x:70., y:417., size:31., angle:2.9843099975585938e+002,
       response:2.5892578996717930e-003, octave:0 }
   - { x:107., y:410., size:31., angle:2.0396296691894531e+002,
       response:1.2885392643511295e-003, octave:0 }
   - { x:263., y:650., size:31., angle:3.1307733535766602e+001,
       response:1.0513797169551253e-003, octave:0 }
   - { x:469., y:305., size:31., angle:1.1439294433593750e+002,
       response:5.2950596436858177e-003, octave:0 }
   - { x:492., y:410., size:31., angle:3.3910800170898437e+002,
       response:9.9283305462449789e-004, octave:0 }
   - { x:130., y:305., size:31., angle:6.5155471801757813e+001,
       response:5.3801243193447590e-003, octave:0 }
   - { x:136., y:587., size:31., angle:1.2952984619140625e+002,
       response:1.3149799779057503e-003, octave:0 }
   - { x:463., y:587., size:31., angle:5.0203517913818359e+001,
       response:1.3496559113264084e-003, octave:0 }
   - { x:289., y:497., size:31., angle:1.7918840408325195e+001,
       response:3.7222658284008503e-004, octave:0 }
   - { x:67., y:292., size:31., angle:9.6167480468750000e+001,
       response:8.3325412124395370e-003, octave:0 }
   - { x:83., y:408., size:31., angle:1.9718434143066406e+002,
       response:1.0356222046539187e-003, octave:0 }
   - { x:458., y:314., size:31., angle:6.7468139648437500e+001,
       response:1.1740674264729023e-002, octave:0 }
   - { x:121., y:302., size:31., angle:2.1564480590820312e+002,
       response:1.4038383029401302e-002, octave:0 }
   - { x:39., y:400., size:31., angle:1.5136529541015625e+002,
       response:8.2142889732494950e-004, octave:0 }
   - { x:310., y:497., size:31., angle:1.6211502075195312e+002,
       response:3.7169718416407704e-004, octave:0 }
   - { x:141., y:314., size:31., angle:1.1216299438476562e+002,
       response:1.1631367728114128e-002, octave:0 }
   - { x:532., y:292., size:31., angle:8.4021446228027344e+001,
       response:8.3371242508292198e-003, octave:0 }
   - { x:204., y:575., size:31., angle:1.0937457275390625e+002,
       response:1.5394625370390713e-004, octave:0 }
   - { x:138., y:608., size:31., angle:1.3712370300292969e+002,
       response:5.9644051361829042e-004, octave:0 }
   - { x:461., y:608., size:31., angle:4.2891071319580078e+001,
       response:6.0579541604965925e-004, octave:0 }
   - { x:321., y:706., size:31., angle:1.2586102294921875e+002,
       response:1.5189468860626221e-002, octave:0 }
   - { x:278., y:706., size:31., angle:5.4475772857666016e+001,
       response:1.5191253274679184e-002, octave:0 }
   - { x:530., y:415., size:31., angle:2.3887222290039062e+002,
       response:2.7636887971311808e-003, octave:0 }
   - { x:538., y:296., size:31., angle:5.9643135070800781e+001,
       response:8.6552565917372704e-003, octave:0 }
   - { x:279., y:695., size:31., angle:3.1882363891601562e+002,
