%YAML:1.0
KeyPoints:
   - { x:555., y:167., size:31., angle:2.9045233154296875e+002,
       response:7.3829647153615952e-003, octave:0 }
   - { x:452., y:398., size:31., angle:1.1537316131591797e+002,
       response:6.0263206250965595e-003, octave:0 }
   - { x:301., y:533., size:31., angle:2.8382788085937500e+002,
       response:5.5264616385102272e-003, octave:0 }
   - { x:474., y:596., size:31., angle:2.8323605346679687e+002,
       response:6.7006321623921394e-003, octave:0 }
   - { x:469., y:212., size:31., angle:8.4848777770996094e+001,
       response:6.2342616729438305e-003, octave:0 }
   - { x:235., y:325., size:31., angle:3.4450405120849609e+001,
       response:6.7301490344107151e-003, octave:0 }
   - { x:408., y:444., size:31., angle:3.4219625854492187e+002,
       response:6.0699898749589920e-003, octave:0 }
   - { x:298., y:223., size:31., angle:1.7965229034423828e+001,
       response:5.4815188050270081e-003, octave:0 }
   - { x:514., y:648., size:31., angle:2.6731665039062500e+002,
       response:6.0769808478653431e-003, octave:0 }
   - { x:551., y:151., size:31., angle:6.7326904296875000e+001,
       response:5.3061619400978088e-003, octave:0 }
   - { x:180., y:327., size:31., angle:3.2644515991210937e+002,
       response:5.7888887822628021e-003, octave:0 }
   - { x:422., y:314., size:31., angle:2.8923800659179687e+002,
       response:7.1691065095365047e-003, octave:0 }
   - { x:203., y:356., size:31., angle:2.2835681152343750e+002,
       response:6.9632306694984436e-003, octave:0 }
   - { x:411., y:695., size:31., angle:5.5522018432617188e+001,
       response:5.6224251165986061e-003, octave:0 }
   - { x:466., y:514., size:31., angle:1.2456013488769531e+002,
       response:6.4824153669178486e-003, octave:0 }
   - { x:536., y:759., size:31., angle:1.4995634460449219e+002,
       response:5.2404548041522503e-003, octave:0 }
   - { x:552., y:61., size:31., angle:2.5637603759765625e+002,
       response:6.0592843219637871e-003, octave:0 }
   - { x:136., y:390., size:31., angle:7.4624862670898437e+000,
       response:5.8341110125184059e-003, octave:0 }
   - { x:403., y:443., size:31., angle:3.4858239746093750e+002,
       response:7.5944131240248680e-003, octave:0 }
   - { x:497., y:530., size:31., angle:2.2679753112792969e+002,
       response:6.1196330934762955e-003, octave:0 }
   - { x:298., y:536., size:31., angle:2.8941076660156250e+002,
       response:6.7508919164538383e-003, octave:0 }
   - { x:105., y:342., size:31., angle:3.3907376098632812e+002,
       response:5.9880479238927364e-003, octave:0 }
   - { x:255., y:197., size:31., angle:1.4047236633300781e+002,
       response:6.8803038448095322e-003, octave:0 }
   - { x:367., y:243., size:31., angle:2.3923130798339844e+002,
       response:6.7269555293023586e-003, octave:0 }
   - { x:525., y:308., size:31., angle:1.1071841430664062e+002,
       response:7.4345283210277557e-003, octave:0 }
   - { x:510., y:640., size:31., angle:2.6823345947265625e+002,
       response:6.6578472033143044e-003, octave:0 }
   - { x:198., y:474., size:31., angle:7.9900215148925781e+001,
       response:6.4317197538912296e-003, octave:0 }
   - { x:249., y:262., size:31., angle:7.2708900451660156e+001,
       response:5.3836838342249393e-003, octave:0 }
   - { x:378., y:708., size:31., angle:1.9538012695312500e+002,
       response:5.9992005117237568e-003, octave:0 }
   - { x:196., y:486., size:31., angle:3.5041452026367188e+002,
       response:5.6318612769246101e-003, octave:0 }
   - { x:228., y:510., size:31., angle:3.0776171875000000e+002,
       response:7.0659243501722813e-003, octave:0 }
   - { x:296., y:706., size:31., angle:1.1793389892578125e+002,
       response:5.7967216707766056e-003, octave:0 }
   - { x:249., y:415., size:31., angle:1.2311021423339844e+002,
       response:5.2224695682525635e-003, octave:0 }
   - { x:209., y:527., size:31., angle:1.5735534667968750e+002,
       response:5.3691854700446129e-003, octave:0 }
   - { x:60., y:316., size:31., angle:7.7799278259277344e+001,
       response:5.4512945935130119e-003, octave:0 }
   - { x:63., y:374., size:31., angle:1.6209815979003906e+002,
       response:5.3153419867157936e-003, octave:0 }
   - { x:563., y:689., size:31., angle:5.5708721160888672e+001,
       response:6.9506182335317135e-003, octave:0 }
   - { x:163., y:404., size:31., angle:2.8440405273437500e+002,
       response:5.4742661304771900e-003, octave:0 }
   - { x:423., y:316., size:31., angle:3.0436962890625000e+002,
       response:7.5334226712584496e-003, octave:0 }
   - { x:416., y:279., size:31., angle:3.0476855468750000e+002,
       response:6.4710755832493305e-003, octave:0 }
   - { x:393., y:649., size:31., angle:2.2176313781738281e+002,
       response:6.6380659118294716e-003, octave:0 }
   - { x:72., y:382., size:31., angle:6.1711559295654297e+001,
       response:5.6176856160163879e-003, octave:0 }
   - { x:379., y:732., size:31., angle:1.1873878479003906e+002,
       response:5.4984316229820251e-003, octave:0 }
   - { x:402., y:741., size:31., angle:8.5884536743164063e+001,
       response:5.6037395261228085e-003, octave:0 }
   - { x:350., y:243., size:31., angle:4.6777843475341797e+001,
       response:5.6637385860085487e-003, octave:0 }
   - { x:142., y:357., size:31., angle:1.7920972824096680e+001,
       response:5.9160934761166573e-003, octave:0 }
   - { x:289., y:663., size:31., angle:2.5216601562500000e+002,
       response:5.7337917387485504e-003, octave:0 }
   - { x:209., y:378., size:31., angle:1.7453442382812500e+002,
       response:7.8984797000885010e-003, octave:0 }
   - { x:344., y:199., size:31., angle:9.6087432861328125e+001,
       response:5.8949929662048817e-003, octave:0 }
   - { x:526., y:418., size:31., angle:3.0814260864257812e+002,
       response:8.4877377375960350e-003, octave:0 }
   - { x:550., y:90., size:31., angle:1.9170848083496094e+002,
       response:7.4604866094887257e-003, octave:0 }
   - { x:526., y:580., size:31., angle:1.9166642761230469e+002,
       response:5.9383097104728222e-003, octave:0 }
   - { x:539., y:580., size:31., angle:1.8764024353027344e+002,
       response:5.6344689801335335e-003, octave:0 }
   - { x:226., y:432., size:31., angle:2.6637585449218750e+002,
       response:7.3679685592651367e-003, octave:0 }
   - { x:432., y:243., size:31., angle:1.9127760314941406e+002,
       response:5.5761141702532768e-003, octave:0 }
   - { x:264., y:196., size:31., angle:1.2886239624023437e+002,
       response:7.2989696636795998e-003, octave:0 }
   - { x:249., y:196., size:31., angle:1.7979618835449219e+002,
       response:6.3620316796004772e-003, octave:0 }
   - { x:269., y:484., size:31., angle:3.0448037719726562e+002,
       response:7.0080743171274662e-003, octave:0 }
   - { x:221., y:256., size:31., angle:2.7535559082031250e+002,
       response:7.1880919858813286e-003, octave:0 }
   - { x:534., y:104., size:31., angle:1.9442147827148437e+002,
       response:7.0081460289657116e-003, octave:0 }
   - { x:211., y:335., size:31., angle:2.2144174194335937e+002,
       response:7.0156371220946312e-003, octave:0 }
   - { x:362., y:546., size:31., angle:1.1433123779296875e+002,
       response:5.7634748518466949e-003, octave:0 }
   - { x:526., y:497., size:31., angle:2.5963986206054687e+002,
       response:6.8036136217415333e-003, octave:0 }
   - { x:318., y:567., size:31., angle:6.0507919311523438e+001,
       response:5.6549455039203167e-003, octave:0 }
   - { x:143., y:395., size:31., angle:7.9966454505920410e+000,
       response:5.8602499775588512e-003, octave:0 }
   - { x:410., y:298., size:31., angle:1.0740415954589844e+002,
       response:6.7802355624735355e-003, octave:0 }
   - { x:306., y:272., size:31., angle:8.5352569580078125e+001,
       response:5.2715819329023361e-003, octave:0 }
   - { x:215., y:645., size:31., angle:5.3811111450195313e+001,
       response:8.2881357520818710e-003, octave:0 }
   - { x:341., y:583., size:31., angle:2.7439593505859375e+002,
