%YAML:1.0
KeyPoints:
   - { x:348., y:739., size:31., angle:5.1802894592285156e+001,
       response:1.2534139677882195e-002, octave:0 }
   - { x:551., y:115., size:31., angle:5.8797813415527344e+001,
       response:1.6396194696426392e-002, octave:0 }
   - { x:59., y:33., size:31., angle:1.5072319030761719e+002,
       response:1.4215465635061264e-002, octave:0 }
   - { x:517., y:397., size:31., angle:5.9178283691406250e+001,
       response:1.5689557418227196e-002, octave:0 }
   - { x:336., y:516., size:31., angle:2.1034616088867187e+002,
       response:1.1852175928652287e-002, octave:0 }
   - { x:351., y:606., size:31., angle:2.7226348876953125e+002,
       response:1.4322481118142605e-002, octave:0 }
   - { x:349., y:384., size:31., angle:1.6365997314453125e+002,
       response:1.0285108350217342e-002, octave:0 }
   - { x:363., y:492., size:31., angle:2.1272113037109375e+002,
       response:9.1956648975610733e-003, octave:0 }
   - { x:85., y:36., size:31., angle:3.0528067016601562e+002,
       response:9.1564292088150978e-003, octave:0 }
   - { x:275., y:522., size:31., angle:2.6086163330078125e+002,
       response:9.4893602654337883e-003, octave:0 }
   - { x:304., y:595., size:31., angle:1.8936929702758789e+001,
       response:1.3238061219453812e-002, octave:0 }
   - { x:227., y:380., size:31., angle:3.3991299438476562e+002,
       response:1.1434338055551052e-002, octave:0 }
   - { x:539., y:123., size:31., angle:4.3658664703369141e+001,
       response:1.0711836628615856e-002, octave:0 }
   - { x:352., y:379., size:31., angle:2.0599111938476562e+002,
       response:1.3523095287382603e-002, octave:0 }
   - { x:536., y:124., size:31., angle:3.3804367065429688e+001,
       response:8.6173890158534050e-003, octave:0 }
   - { x:318., y:483., size:31., angle:3.5336206054687500e+002,
       response:1.1208185926079750e-002, octave:0 }
   - { x:547., y:315., size:31., angle:3.8809387207031250e+001,
       response:9.3052256852388382e-003, octave:0 }
   - { x:226., y:378., size:31., angle:3.3602288818359375e+002,
       response:1.5085708349943161e-002, octave:0 }
   - { x:223., y:365., size:31., angle:3.5407366943359375e+002,
       response:9.4215916469693184e-003, octave:0 }
   - { x:215., y:639., size:31., angle:2.3913275146484375e+002,
       response:2.5731449946761131e-002, octave:0 }
   - { x:323., y:589., size:31., angle:6.3165695190429688e+001,
       response:1.0243886150419712e-002, octave:0 }
   - { x:223., y:373., size:31., angle:3.3327694702148437e+002,
       response:1.3492152094841003e-002, octave:0 }
   - { x:227., y:372., size:31., angle:3.4017529296875000e+002,
       response:1.0359559208154678e-002, octave:0 }
   - { x:348., y:741., size:31., angle:4.7594532012939453e+001,
       response:8.8268825784325600e-003, octave:0 }
   - { x:257., y:635., size:31., angle:3.1337253570556641e+001,
       response:1.7819825559854507e-002, octave:0 }
   - { x:241., y:635., size:31., angle:1.6118551635742187e+002,
       response:1.7223805189132690e-002, octave:0 }
   - { x:353., y:375., size:31., angle:2.3913917541503906e+002,
       response:1.2920809909701347e-002, octave:0 }
   - { x:261., y:579., size:31., angle:1.6135031127929687e+002,
       response:8.7645882740616798e-003, octave:0 }
   - { x:318., y:450., size:31., angle:1.4627630615234375e+002,
       response:1.0206786915659904e-002, octave:0 }
   - { x:369., y:311., size:31., angle:2.0293879699707031e+002,
       response:9.4312960281968117e-003, octave:0 }
   - { x:285., y:402., size:31., angle:1.4140298461914062e+002,
       response:9.2533389106392860e-003, octave:0 }
   - { x:228., y:737., size:31., angle:9.4580673217773438e+001,
       response:9.4813993200659752e-003, octave:0 }
   - { x:357., y:619., size:31., angle:5.6380405426025391e+001,
       response:1.6990615054965019e-002, octave:0 }
   - { x:39., y:148., size:31., angle:1.3337585449218750e+002,
       response:1.2712294235825539e-002, octave:0 }
   - { x:233., y:620., size:31., angle:1.5561026000976562e+002,
       response:1.1942565441131592e-002, octave:0 }
   - { x:366., y:333., size:31., angle:6.7325538635253906e+001,
       response:1.2206253595650196e-002, octave:0 }
   - { x:360., y:493., size:31., angle:2.1717835998535156e+002,
       response:1.0352259501814842e-002, octave:0 }
   - { x:353., y:444., size:31., angle:1.4151509284973145e+001,
       response:1.1267500929534435e-002, octave:0 }
   - { x:343., y:568., size:31., angle:1.0155455017089844e+002,
       response:1.8830651417374611e-002, octave:0 }
   - { x:44., y:90., size:31., angle:1.4171258544921875e+002,
       response:1.0536685585975647e-002, octave:0 }
   - { x:356., y:621., size:31., angle:4.3000904083251953e+001,
       response:8.9971460402011871e-003, octave:0 }
   - { x:39., y:162., size:31., angle:2.2759567260742187e+002,
       response:8.5673350840806961e-003, octave:0 }
   - { x:327., y:569., size:31., angle:3.8355381011962891e+001,
       response:1.5061555430293083e-002, octave:0 }
   - { x:156., y:571., size:31., angle:1.3963818359375000e+002,
       response:8.5629001259803772e-003, octave:0 }
   - { x:46., y:347., size:31., angle:1.2864643859863281e+002,
       response:9.0372562408447266e-003, octave:0 }
   - { x:218., y:492., size:31., angle:3.2774069213867187e+002,
       response:8.6325099691748619e-003, octave:0 }
   - { x:327., y:613., size:31., angle:2.5152372741699219e+002,
       response:8.7024318054318428e-003, octave:0 }
   - { x:59., y:344., size:31., angle:1.3347402954101562e+002,
       response:1.1105394922196865e-002, octave:0 }
   - { x:363., y:330., size:31., angle:5.5368484497070313e+001,
       response:1.1487836018204689e-002, octave:0 }
   - { x:43., y:87., size:31., angle:1.4206005859375000e+002,
       response:1.1610227636992931e-002, octave:0 }
   - { x:218., y:490., size:31., angle:3.2965740966796875e+002,
       response:1.1237052269279957e-002, octave:0 }
   - { x:372., y:629., size:31., angle:1.2581141662597656e+002,
       response:1.1219602078199387e-002, octave:0 }
   - { x:363., y:490., size:31., angle:2.1302926635742187e+002,
       response:1.0382624343037605e-002, octave:0 }
   - { x:320., y:583., size:31., angle:6.5897872924804687e+001,
       response:9.9721299484372139e-003, octave:0 }
   - { x:559., y:277., size:31., angle:3.4130282592773437e+002,
       response:9.8998481407761574e-003, octave:0 }
   - { x:321., y:488., size:31., angle:1.4012964248657227e+001,
       response:1.1166431009769440e-002, octave:0 }
   - { x:479., y:54., size:31., angle:2.0639912414550781e+002,
       response:8.8797053322196007e-003, octave:0 }
   - { x:365., y:326., size:31., angle:7.2181625366210937e+001,
       response:1.0579903610050678e-002, octave:0 }
   - { x:347., y:626., size:31., angle:2.1589130401611328e+001,
       response:8.7916115298867226e-003, octave:0 }
   - { x:32., y:261., size:31., angle:1.9067044067382812e+002,
       response:8.8622523471713066e-003, octave:0 }
   - { x:39., y:86., size:31., angle:1.4004931640625000e+002,
       response:1.2075976468622684e-002, octave:0 }
   - { x:279., y:587., size:31., angle:1.4005337524414062e+002,
       response:1.2192046269774437e-002, octave:0 }
   - { x:333., y:415., size:31., angle:2.8392176628112793e+000,
       response:1.4157468453049660e-002, octave:0 }
   - { x:217., y:333., size:31., angle:3.3118218994140625e+002,
       response:1.4428205788135529e-002, octave:0 }
   - { x:197., y:257., size:31., angle:3.5715704345703125e+002,
       response:1.0258122347295284e-002, octave:0 }
   - { x:34., y:78., size:31., angle:1.3706854248046875e+002,
       response:9.0140281245112419e-003, octave:0 }
   - { x:218., y:335., size:31., angle:3.0929241943359375e+002,
       response:1.2611759826540947e-002, octave:0 }
   - { x:279., y:595., size:31., angle:1.6302775573730469e+002,
       response:1.0383993387222290e-002, octave:0 }
   - { x:360., y:495., size:31., angle:2.0929313659667969e+002,
