%YAML:1.0
KeyPoints:
   - { x:160., y:254., size:31., angle:2.4948812866210937e+002,
       response:1.1677514761686325e-002, octave:0 }
   - { x:211., y:260., size:31., angle:3.5380657196044922e+001,
       response:7.2116381488740444e-003, octave:0 }
   - { x:157., y:259., size:31., angle:2.0466743469238281e+002,
       response:8.6124492809176445e-003, octave:0 }
   - { x:211., y:258., size:31., angle:2.9987289428710937e+001,
       response:8.0276448279619217e-003, octave:0 }
   - { x:214., y:259., size:31., angle:3.0840982437133789e+001,
       response:9.3102902173995972e-003, octave:0 }
   - { x:452., y:234., size:31., angle:3.3325183105468750e+002,
       response:8.7448572739958763e-003, octave:0 }
   - { x:396., y:234., size:31., angle:1.9344839477539062e+002,
       response:7.7380421571433544e-003, octave:0 }
   - { x:326., y:204., size:31., angle:3.2005789184570312e+002,
       response:7.9910904169082642e-003, octave:0 }
   - { x:446., y:550., size:31., angle:3.2979248046875000e+002,
       response:1.0176721028983593e-002, octave:0 }
   - { x:216., y:249., size:31., angle:3.4112301635742187e+002,
       response:6.3312598504126072e-003, octave:0 }
   - { x:398., y:550., size:31., angle:2.1137829589843750e+002,
       response:7.6354071497917175e-003, octave:0 }
   - { x:520., y:204., size:31., angle:2.1913351440429687e+002,
       response:8.0311633646488190e-003, octave:0 }
   - { x:399., y:562., size:31., angle:1.4604891967773437e+002,
       response:7.2129997424781322e-003, octave:0 }
   - { x:397., y:562., size:31., angle:1.4985351562500000e+002,
       response:6.4840731211006641e-003, octave:0 }
   - { x:446., y:561., size:31., angle:2.3720678329467773e+001,
       response:6.3403351232409477e-003, octave:0 }
   - { x:395., y:557., size:31., angle:1.5537017822265625e+002,
       response:5.8935498818755150e-003, octave:0 }
   - { x:450., y:556., size:31., angle:2.5046112060546875e+001,
       response:7.3097054846584797e-003, octave:0 }
   - { x:200., y:556., size:31., angle:1.4405847549438477e+001,
       response:8.1752277910709381e-003, octave:0 }
   - { x:215., y:256., size:31., angle:2.6002098083496094e+001,
       response:6.9324364885687828e-003, octave:0 }
   - { x:130., y:555., size:31., angle:1.7676823425292969e+002,
       response:6.7369537428021431e-003, octave:0 }
   - { x:446., y:243., size:31., angle:3.4430091857910156e+001,
       response:8.7466314435005188e-003, octave:0 }
   - { x:216., y:252., size:31., angle:3.4901110839843750e+002,
       response:6.5589682199060917e-003, octave:0 }
   - { x:160., y:250., size:31., angle:2.4925996398925781e+002,
       response:6.5084188245236874e-003, octave:0 }
   - { x:565., y:188., size:31., angle:3.4360052490234375e+002,
       response:6.7902677692472935e-003, octave:0 }
   - { x:278., y:189., size:31., angle:1.8990567016601562e+002,
       response:5.8859921991825104e-003, octave:0 }
   - { x:398., y:545., size:31., angle:2.2148036193847656e+002,
       response:5.4026180878281593e-003, octave:0 }
   - { x:321., y:212., size:31., angle:6.0154541015625000e+001,
       response:7.9020811244845390e-003, octave:0 }
   - { x:519., y:207., size:31., angle:2.0048806762695312e+002,
       response:8.2078808918595314e-003, octave:0 }
   - { x:525., y:212., size:31., angle:1.2064530944824219e+002,
       response:7.5624384917318821e-003, octave:0 }
   - { x:389., y:242., size:31., angle:1.9497474670410156e+002,
       response:7.3350351303815842e-003, octave:0 }
   - { x:136., y:545., size:31., angle:2.0642964172363281e+002,
       response:7.1579166688024998e-003, octave:0 }
   - { x:449., y:553., size:31., angle:3.5133407592773437e+002,
       response:6.7288894206285477e-003, octave:0 }
   - { x:195., y:544., size:31., angle:3.3512860107421875e+002,
       response:5.5798874236643314e-003, octave:0 }
   - { x:448., y:241., size:31., angle:5.9176027774810791e-001,
       response:7.6492419466376305e-003, octave:0 }
   - { x:392., y:241., size:31., angle:2.0700263977050781e+002,
       response:6.8348213098943233e-003, octave:0 }
   - { x:100., y:485., size:31., angle:3.1682669067382812e+002,
       response:5.1476447843015194e-003, octave:0 }
   - { x:117., y:47., size:31., angle:3.0304266357421875e+002,
       response:2.9371408745646477e-003, octave:0 }
   - { x:109., y:63., size:31., angle:4.5481448173522949e+000,
       response:3.6513793747872114e-003, octave:0 }
   - { x:193., y:564., size:31., angle:9.7310089111328125e+001,
       response:2.8899570461362600e-003, octave:0 }
   - { x:138., y:564., size:31., angle:8.4270179748535156e+001,
       response:3.0291406437754631e-003, octave:0 }
   - { x:244., y:122., size:31., angle:2.6470889282226562e+002,
       response:2.4270708672702312e-003, octave:0 }
   - { x:219., y:267., size:31., angle:3.8473022460937500e+001,
       response:2.6093851774930954e-003, octave:0 }
   - { x:135., y:564., size:31., angle:1.2469798278808594e+002,
       response:2.7364427223801613e-003, octave:0 }
   - { x:245., y:140., size:31., angle:2.7036166381835938e+002,
       response:4.7002322971820831e-003, octave:0 }
   - { x:216., y:268., size:31., angle:3.5095058441162109e+001,
       response:4.3037100695073605e-003, octave:0 }
   - { x:216., y:245., size:31., angle:3.3160586547851562e+002,
       response:1.5581670450046659e-003, octave:0 }
   - { x:166., y:586., size:31., angle:1.9532459259033203e+001,
       response:1.2903939932584763e-003, octave:0 }
   - { x:401., y:562., size:31., angle:1.5041659545898437e+002,
       response:2.8918734751641750e-003, octave:0 }
   - { x:209., y:585., size:31., angle:1.2712406921386719e+002,
       response:1.4700964093208313e-003, octave:0 }
   - { x:197., y:554., size:31., angle:3.5675280761718750e+002,
       response:4.7308923676609993e-003, octave:0 }
   - { x:391., y:251., size:31., angle:9.7899185180664063e+001,
       response:2.3865015245974064e-003, octave:0 }
   - { x:122., y:585., size:31., angle:5.4351364135742187e+001,
       response:1.1261226609349251e-003, octave:0 }
   - { x:295., y:192., size:31., angle:1.9773435974121094e+002,
       response:4.5332130976021290e-003, octave:0 }
   - { x:551., y:192., size:31., angle:1.2847874164581299e+000,
       response:4.4798892922699451e-003, octave:0 }
   - { x:398., y:576., size:31., angle:1.3532116699218750e+002,
       response:1.2887580087408423e-003, octave:0 }
   - { x:396., y:542., size:31., angle:2.1442634582519531e+002,
       response:2.0047109574079514e-003, octave:0 }
   - { x:400., y:542., size:31., angle:2.0571311950683594e+002,
       response:2.0305886864662170e-003, octave:0 }
   - { x:445., y:542., size:31., angle:3.3208526611328125e+002,
       response:1.8669340061023831e-003, octave:0 }
   - { x:443., y:553., size:31., angle:1.4295817375183105e+001,
       response:1.9532775040715933e-003, octave:0 }
   - { x:403., y:208., size:31., angle:3.1468679809570312e+002,
       response:1.8511374946683645e-003, octave:0 }
   - { x:140., y:545., size:31., angle:2.0457385253906250e+002,
       response:2.7907532639801502e-003, octave:0 }
   - { x:402., y:553., size:31., angle:1.6661238098144531e+002,
       response:1.6492753056809306e-003, octave:0 }
   - { x:396., y:553., size:31., angle:1.8873442077636719e+002,
       response:5.0966124981641769e-003, octave:0 }
   - { x:160., y:273., size:31., angle:7.7698600769042969e+001,
       response:1.5604782383888960e-003, octave:0 }
   - { x:135., y:551., size:31., angle:1.9455882263183594e+002,
       response:3.9933244697749615e-003, octave:0 }
   - { x:445., y:576., size:31., angle:3.9227493286132812e+001,
       response:1.2154002906754613e-003, octave:0 }
   - { x:196., y:564., size:31., angle:5.1433917999267578e+001,
       response:2.8172591701149940e-003, octave:0 }
   - { x:400., y:545., size:31., angle:2.1522781372070312e+002,
       response:4.8533412627875805e-003, octave:0 }
   - { x:162., y:274., size:31., angle:6.4083137512207031e+001,
