%YAML:1.0
KeyPoints:
   - { x:393., y:58., size:31., angle:2.1286335754394531e+002,
       response:-1.8479768186807632e-003, octave:0 }
   - { x:554., y:58., size:31., angle:3.2719863891601562e+002,
       response:-1.7539079999551177e-003, octave:0 }
   - { x:390., y:63., size:31., angle:2.1162458801269531e+002,
       response:-1.8758649239316583e-003, octave:0 }
   - { x:248., y:121., size:31., angle:3.4293231201171875e+002,
       response:-1.9569990690797567e-003, octave:0 }
   - { x:256., y:279., size:31., angle:1.9695635986328125e+002,
       response:-1.8925811164081097e-003, octave:0 }
   - { x:255., y:282., size:31., angle:1.9571115112304687e+002,
       response:-1.9699016120284796e-003, octave:0 }
   - { x:360., y:322., size:31., angle:1.8893421936035156e+002,
       response:4.4469501858657168e-007, octave:0 }
   - { x:519., y:352., size:31., angle:1.4551100158691406e+002,
       response:6.8134443154121982e-007, octave:0 }
   - { x:270., y:394., size:31., angle:1.6260261535644531e+002,
       response:-1.6220184043049812e-003, octave:0 }
   - { x:284., y:405., size:31., angle:3.3954180908203125e+002,
       response:-1.9920708145946264e-003, octave:0 }
   - { x:325., y:405., size:31., angle:1.9807391357421875e+002,
       response:-1.5483695315197110e-003, octave:0 }
   - { x:493., y:437., size:31., angle:6.7547653198242188e+001,
       response:6.1018943142698845e-007, octave:0 }
   - { x:285., y:450., size:31., angle:1.8414082336425781e+002,
       response:-1.4213414397090673e-003, octave:0 }
   - { x:374., y:453., size:31., angle:1.0006583213806152e+001,
       response:2.9285030223036301e-007, octave:0 }
   - { x:281., y:465., size:31., angle:2.3530458068847656e+002,
       response:3.9014052599668503e-003, octave:0 }
   - { x:278., y:468., size:31., angle:2.3106105041503906e+002,
       response:-4.3792088399641216e-004, octave:0 }
   - { x:316., y:468., size:31., angle:1.5534040832519531e+002,
       response:-1.4764695661142468e-003, octave:0 }
   - { x:275., y:469., size:31., angle:2.2665832519531250e+002,
       response:-2.3715701536275446e-004, octave:0 }
   - { x:270., y:471., size:31., angle:2.2010118103027344e+002,
       response:2.7427589520812035e-004, octave:0 }
   - { x:290., y:475., size:31., angle:1.9671167373657227e+001,
       response:-1.9102647202089429e-003, octave:0 }
   - { x:320., y:475., size:31., angle:1.3601959228515625e+002,
       response:1.9162363605573773e-003, octave:0 }
   - { x:267., y:477., size:31., angle:2.0229638671875000e+002,
       response:-8.9480646420270205e-004, octave:0 }
   - { x:323., y:477., size:31., angle:1.3294012451171875e+002,
       response:5.6624674471095204e-004, octave:0 }
   - { x:327., y:478., size:31., angle:1.3486558532714844e+002,
       response:-3.7328104372136295e-004, octave:0 }
   - { x:331., y:481., size:31., angle:1.4364297485351562e+002,
       response:3.1225762795656919e-003, octave:0 }
   - { x:333., y:483., size:31., angle:1.5119940185546875e+002,
       response:1.9322937587276101e-003, octave:0 }
   - { x:285., y:485., size:31., angle:4.2484668731689453e+001,
       response:3.0237733153626323e-004, octave:0 }
   - { x:281., y:488., size:31., angle:4.0089401245117188e+001,
       response:-2.2117047046776861e-004, octave:0 }
   - { x:275., y:491., size:31., angle:5.8266075134277344e+001,
       response:9.8989801481366158e-003, octave:0 }
   - { x:269., y:526., size:31., angle:1.8288693237304687e+002,
       response:-1.5582221094518900e-003, octave:0 }
   - { x:266., y:544., size:31., angle:1.8198831176757813e+002,
       response:3.7785535096190870e-004, octave:0 }
   - { x:332., y:544., size:31., angle:1.7680586242675781e+002,
       response:3.8465255056507885e-004, octave:0 }
   - { x:276., y:546., size:31., angle:6.5250310897827148e+000,
       response:-8.6086854571476579e-004, octave:0 }
   - { x:268., y:555., size:31., angle:1.8288562011718750e+002,
       response:-1.7746490193530917e-003, octave:0 }
   - { x:338., y:583., size:31., angle:1.6360421752929687e+002,
       response:-1.9331614021211863e-003, octave:0 }
   - { x:268., y:589., size:31., angle:2.3033969879150391e+001,
       response:-1.8312975298613310e-003, octave:0 }
   - { x:198., y:686., size:31., angle:2.5283801269531250e+002,
       response:-2.4441588902845979e-004, octave:0 }
   - { x:206., y:686., size:31., angle:2.7618869018554687e+002,
       response:-8.0054369755089283e-004, octave:0 }
   - { x:202., y:687., size:31., angle:2.6475952148437500e+002,
       response:-5.1123322919011116e-004, octave:0 }
   - { x:209., y:689., size:31., angle:2.8224890136718750e+002,
       response:-9.7931071650236845e-004, octave:0 }
   - { x:193., y:690., size:31., angle:2.3110163879394531e+002,
       response:-4.1961672832258046e-004, octave:0 }
   - { x:247., y:690., size:31., angle:2.4011618041992187e+002,
       response:8.8477105600759387e-004, octave:0 }
   - { x:216., y:691., size:31., angle:2.8642895507812500e+002,
       response:-1.0347447823733091e-003, octave:0 }
   - { x:243., y:693., size:31., angle:2.4570968627929687e+002,
       response:-1.3261529966257513e-004, octave:0 }
   - { x:401., y:696., size:31., angle:9.5867317199707031e+001,
       response:-5.8220274513587356e-004, octave:0 }
   - { x:396., y:697., size:31., angle:8.2265991210937500e+001,
       response:-9.0790237300097942e-004, octave:0 }
   - { x:405., y:697., size:31., angle:1.1014051818847656e+002,
       response:4.4339511077851057e-004, octave:0 }
   - { x:398., y:698., size:31., angle:8.7647247314453125e+001,
       response:-6.3671974930912256e-004, octave:0 }
   - { x:355., y:700., size:31., angle:1.3037686157226562e+002,
       response:9.6902485893224366e-006, octave:0 }
   - { x:389., y:700., size:31., angle:7.3427230834960937e+001,
       response:-9.0378522872924805e-004, octave:0 }
   - { x:408., y:700., size:31., angle:1.2575946044921875e+002,
       response:2.4185316578950733e-004, octave:0 }
   - { x:360., y:702., size:31., angle:1.1520310211181641e+002,
       response:-6.4424501033499837e-004, octave:0 }
   - { x:362., y:704., size:31., angle:1.0800288391113281e+002,
       response:-8.4822601638734341e-004, octave:0 }
   - { x:202., y:707., size:31., angle:8.0109153747558594e+001,
       response:2.5284176808781922e-004, octave:0 }
   - { x:196., y:709., size:31., angle:7.4206840515136719e+001,
       response:1.1397707276046276e-003, octave:0 }
   - { x:199., y:709., size:31., angle:6.8964279174804688e+001,
       response:1.2021414004266262e-003, octave:0 }
   - { x:206., y:709., size:31., angle:9.2146308898925781e+001,
       response:-8.1444799434393644e-004, octave:0 }
   - { x:250., y:709., size:31., angle:4.8223926544189453e+001,
       response:-4.8150258953683078e-004, octave:0 }
   - { x:215., y:711., size:31., angle:1.0621238708496094e+002,
       response:-8.9157745242118835e-004, octave:0 }
   - { x:243., y:713., size:31., angle:6.9154144287109375e+001,
       response:-7.4643339030444622e-004, octave:0 }
   - { x:234., y:714., size:31., angle:8.7886535644531250e+001,
       response:-7.2461739182472229e-004, octave:0 }
   - { x:193., y:716., size:31., angle:4.2222805023193359e+001,
       response:-1.7198304412886500e-003, octave:0 }
   - { x:4.0680001831054687e+002, y:3.8400001525878906e+001,
       size:3.7200000762939453e+001, angle:2.2470549011230469e+002,
       response:-1.9619783852249384e-003, octave:1 }
   - { x:66., y:48., size:3.7200000762939453e+001,
       angle:4.6042282104492188e+001, response:-1.6885137883946300e-003,
       octave:1 }
   - { x:2.4000001525878906e+002, y:1.3080000305175781e+002,
       size:3.7200000762939453e+001, angle:1.5696109008789062e+002,
       response:-1.7510424368083477e-003, octave:1 }
   - { x:2.5080000305175781e+002, y:306., size:3.7200000762939453e+001,
       angle:1.7866650390625000e+002, response:-1.7355672316625714e-003,
       octave:1 }
   - { x:3.2520001220703125e+002, y:4.0440002441406250e+002,
