%YAML:1.0
KeyPoints:
   - { x:212., y:584., size:31., angle:3.4983145141601562e+002,
       response:9.8748188465833664e-003, octave:0 }
   - { x:335., y:540., size:31., angle:2.2516043090820313e+002,
       response:1.1030463501811028e-002, octave:0 }
   - { x:237., y:593., size:31., angle:8.5174316406250000e+001,
       response:9.8645808175206184e-003, octave:0 }
   - { x:228., y:283., size:31., angle:9.1702430725097656e+001,
       response:8.9407078921794891e-003, octave:0 }
   - { x:355., y:251., size:31., angle:9.6462409973144531e+001,
       response:9.9905943498015404e-003, octave:0 }
   - { x:310., y:223., size:31., angle:1.6743737792968750e+002,
       response:9.1916341334581375e-003, octave:0 }
   - { x:293., y:219., size:31., angle:1.0458914184570312e+002,
       response:8.6798900738358498e-003, octave:0 }
   - { x:163., y:593., size:31., angle:1.1250251770019531e+002,
       response:8.9269373565912247e-003, octave:0 }
   - { x:460., y:593., size:31., angle:6.5879768371582031e+001,
       response:9.0883513912558556e-003, octave:0 }
   - { x:169., y:593., size:31., angle:8.2906005859375000e+001,
       response:9.6696745604276657e-003, octave:0 }
   - { x:224., y:561., size:31., angle:3.1815045166015625e+002,
       response:8.2290675491094589e-003, octave:0 }
   - { x:213., y:560., size:31., angle:3.3821273803710937e+002,
       response:1.0274341329932213e-002, octave:0 }
   - { x:229., y:174., size:31., angle:9.0466049194335937e+001,
       response:9.9547561258077621e-003, octave:0 }
   - { x:346., y:565., size:31., angle:3.2912948608398437e+002,
       response:9.1680074110627174e-003, octave:0 }
   - { x:455., y:593., size:31., angle:1.0293135070800781e+002,
       response:1.1464338749647141e-002, octave:0 }
   - { x:260., y:568., size:31., angle:2.9139605712890625e+002,
       response:9.9697764962911606e-003, octave:0 }
   - { x:83., y:538., size:31., angle:2.3938200378417969e+002,
       response:8.0362176522612572e-003, octave:0 }
   - { x:91., y:538., size:31., angle:2.9863775634765625e+002,
       response:8.4695750847458839e-003, octave:0 }
   - { x:478., y:568., size:31., angle:3.0043817138671875e+002,
       response:9.4281546771526337e-003, octave:0 }
   - { x:355., y:174., size:31., angle:9.1766181945800781e+001,
       response:9.5568886026740074e-003, octave:0 }
   - { x:162., y:538., size:31., angle:2.2589237976074219e+002,
       response:8.9570637792348862e-003, octave:0 }
   - { x:203., y:538., size:31., angle:2.2669015502929687e+002,
       response:1.0047145187854767e-002, octave:0 }
   - { x:243., y:593., size:31., angle:6.5353355407714844e+001,
       response:8.9048920199275017e-003, octave:0 }
   - { x:260., y:586., size:31., angle:9.1027549743652344e+001,
       response:9.8180044442415237e-003, octave:0 }
   - { x:236., y:538., size:31., angle:2.6933068847656250e+002,
       response:8.3194756880402565e-003, octave:0 }
   - { x:336., y:593., size:31., angle:1.0998843383789062e+002,
       response:8.1068640574812889e-003, octave:0 }
   - { x:322., y:593., size:31., angle:6.9813537597656250e+001,
       response:8.3729317411780357e-003, octave:0 }
   - { x:355., y:162., size:31., angle:2.8062463378906250e+002,
       response:9.7772451117634773e-003, octave:0 }
   - { x:282., y:538., size:31., angle:2.9268280029296875e+002,
       response:8.1652756780385971e-003, octave:0 }
   - { x:313., y:538., size:31., angle:2.3782000732421875e+002,
       response:8.4414714947342873e-003, octave:0 }
   - { x:321., y:538., size:31., angle:2.8875149536132812e+002,
       response:8.1372549757361412e-003, octave:0 }
   - { x:314., y:593., size:31., angle:1.1665168762207031e+002,
       response:8.6918119341135025e-003, octave:0 }
   - { x:173., y:575., size:31., angle:8.1280647277832031e+001,
       response:9.8468903452157974e-003, octave:0 }
   - { x:229., y:151., size:31., angle:2.4230206298828125e+002,
       response:9.2089688405394554e-003, octave:0 }
   - { x:355., y:151., size:31., angle:3.1204067993164062e+002,
       response:9.3386406078934669e-003, octave:0 }
   - { x:283., y:593., size:31., angle:6.1543392181396484e+001,
       response:9.0151745826005936e-003, octave:0 }
   - { x:477., y:586., size:31., angle:9.1581466674804687e+001,
       response:1.0098979808390141e-002, octave:0 }
   - { x:406., y:538., size:31., angle:2.6456805419921875e+002,
       response:8.3372052758932114e-003, octave:0 }
   - { x:413., y:538., size:31., angle:2.9697467041015625e+002,
       response:8.2386713474988937e-003, octave:0 }
   - { x:435., y:538., size:31., angle:2.4682852172851562e+002,
       response:9.3615772202610970e-003, octave:0 }
   - { x:204., y:593., size:31., angle:1.1358100891113281e+002,
       response:9.4385165721178055e-003, octave:0 }
   - { x:453., y:538., size:31., angle:2.6332641601562500e+002,
       response:8.0585321411490440e-003, octave:0 }
   - { x:85., y:593., size:31., angle:1.3005160522460937e+002,
       response:9.8144346848130226e-003, octave:0 }
   - { x:229., y:162., size:31., angle:2.5743402099609375e+002,
       response:9.3086706474423409e-003, octave:0 }
   - { x:105., y:593., size:31., angle:5.0294261932373047e+001,
       response:1.1104145087301731e-002, octave:0 }
   - { x:229., y:181., size:31., angle:7.1009689331054687e+001,
       response:1.0126185603439808e-002, octave:0 }
   - { x:499., y:538., size:31., angle:2.9216821289062500e+002,
       response:9.0304668992757797e-003, octave:0 }
   - { x:354., y:181., size:31., angle:7.2148765563964844e+001,
       response:9.8174083977937698e-003, octave:0 }
   - { x:277., y:593., size:31., angle:1.0574014282226562e+002,
       response:1.2555399909615517e-002, octave:0 }
   - { x:83., y:540., size:31., angle:2.3502456665039062e+002,
       response:1.3076689094305038e-002, octave:0 }
   - { x:345., y:547., size:31., angle:2.0371322631835937e+002,
       response:9.5677226781845093e-003, octave:0 }
   - { x:226., y:538., size:31., angle:2.9021563720703125e+002,
       response:8.0247204750776291e-003, octave:0 }
   - { x:393., y:548., size:31., angle:7.2611167907714844e+001,
       response:7.6882247813045979e-003, octave:0 }
   - { x:493., y:593., size:31., angle:1.1366057586669922e+002,
       response:4.9204793758690357e-003, octave:0 }
   - { x:500., y:593., size:31., angle:6.2380546569824219e+001,
       response:5.2326223812997341e-003, octave:0 }
   - { x:274., y:223., size:31., angle:9.4626579284667969e+000,
       response:7.9887881875038147e-003, octave:0 }
   - { x:394., y:216., size:31., angle:2.9012496948242187e+002,
       response:5.1030595786869526e-003, octave:0 }
   - { x:315., y:216., size:31., angle:2.3705618286132812e+002,
       response:4.8614330589771271e-003, octave:0 }
   - { x:269., y:216., size:31., angle:2.9340347290039062e+002,
       response:4.8736860044300556e-003, octave:0 }
   - { x:190., y:216., size:31., angle:2.6591845703125000e+002,
       response:4.7890837304294109e-003, octave:0 }
   - { x:292., y:474., size:31., angle:9.0091789245605469e+001,
       response:6.2847048975527287e-003, octave:0 }
   - { x:223., y:568., size:31., angle:2.6851203918457031e+001,
       response:5.9185395948588848e-003, octave:0 }
   - { x:212., y:570., size:31., angle:3.9889499664306641e+001,
       response:7.6321121305227280e-003, octave:0 }
   - { x:183., y:572., size:31., angle:3.9552030563354492e+000,
       response:6.6543105058372021e-003, octave:0 }
   - { x:241., y:538., size:31., angle:2.7606759643554687e+002,
       response:6.0073765926063061e-003, octave:0 }
   - { x:278., y:538., size:31., angle:2.6780157470703125e+002,
       response:5.6924726814031601e-003, octave:0 }
   - { x:335., y:538., size:31., angle:2.3039947509765625e+002,
       response:7.2515248320996761e-003, octave:0 }
   - { x:326., y:213., size:31., angle:8.0147178649902344e+001,
       response:5.0280638970434666e-003, octave:0 }
   - { x:345., y:575., size:31., angle:4.7752376556396484e+001,
