%YAML:1.0
KeyPoints:
   - { x:416., y:151., size:31., angle:2.8713662719726562e+002,
       response:1.4065552502870560e-002, octave:0 }
   - { x:280., y:572., size:31., angle:2.6141107177734375e+002,
       response:1.4265325851738453e-002, octave:0 }
   - { x:417., y:366., size:31., angle:3.2547351074218750e+002,
       response:1.4680094085633755e-002, octave:0 }
   - { x:145., y:378., size:31., angle:1.6663394165039062e+002,
       response:1.4666231349110603e-002, octave:0 }
   - { x:392., y:197., size:31., angle:2.3728082275390625e+002,
       response:1.6844173893332481e-002, octave:0 }
   - { x:481., y:316., size:31., angle:7.6084945678710938e+001,
       response:1.4407367445528507e-002, octave:0 }
   - { x:413., y:240., size:31., angle:4.7126163482666016e+001,
       response:2.0772961899638176e-002, octave:0 }
   - { x:398., y:248., size:31., angle:1.1053823089599609e+002,
       response:1.5873631462454796e-002, octave:0 }
   - { x:420., y:242., size:31., angle:5.1770210266113281e+001,
       response:1.4278884045779705e-002, octave:0 }
   - { x:408., y:189., size:31., angle:1.1272897338867188e+002,
       response:1.3848789036273956e-002, octave:0 }
   - { x:389., y:199., size:31., angle:2.4284576416015625e+002,
       response:1.8113519996404648e-002, octave:0 }
   - { x:410., y:241., size:31., angle:6.4916053771972656e+001,
       response:2.6296237483620644e-002, octave:0 }
   - { x:372., y:211., size:31., angle:3.6505512237548828e+001,
       response:1.6991948708891869e-002, octave:0 }
   - { x:388., y:210., size:31., angle:6.8251617431640625e+001,
       response:1.9475020468235016e-002, octave:0 }
   - { x:431., y:208., size:31., angle:1.1580513763427734e+002,
       response:1.7271406948566437e-002, octave:0 }
   - { x:341., y:204., size:31., angle:1.2600785827636719e+002,
       response:1.4570352621376514e-002, octave:0 }
   - { x:468., y:151., size:31., angle:2.7098480224609375e+002,
       response:1.8241142854094505e-002, octave:0 }
   - { x:415., y:287., size:31., angle:3.0066772460937500e+002,
       response:1.5821000561118126e-002, octave:0 }
   - { x:426., y:208., size:31., angle:5.5609504699707031e+001,
       response:1.7359353601932526e-002, octave:0 }
   - { x:294., y:232., size:31., angle:1.7681097412109375e+002,
       response:1.6435237601399422e-002, octave:0 }
   - { x:426., y:206., size:31., angle:4.7088462829589844e+001,
       response:1.9611988216638565e-002, octave:0 }
   - { x:390., y:205., size:31., angle:5.8944808959960937e+001,
       response:1.6855422407388687e-002, octave:0 }
   - { x:501., y:557., size:31., angle:1.1567356109619141e+002,
       response:1.3623293489217758e-002, octave:0 }
   - { x:495., y:516., size:31., angle:1.9901387023925781e+002,
       response:1.2193085625767708e-002, octave:0 }
   - { x:485., y:570., size:31., angle:8.6657371520996094e+001,
       response:6.9431108422577381e-003, octave:0 }
   - { x:492., y:518., size:31., angle:2.0023542785644531e+002,
       response:5.2719200029969215e-003, octave:0 }
   - { x:314., y:519., size:31., angle:2.6804110717773437e+002,
       response:9.9517377093434334e-003, octave:0 }
   - { x:397., y:368., size:31., angle:1.6827117919921875e+002,
       response:4.4039660133421421e-003, octave:0 }
   - { x:278., y:293., size:31., angle:3.3139915466308594e+001,
       response:3.5235406830906868e-003, octave:0 }
   - { x:435., y:278., size:31., angle:1.7994355773925781e+002,
       response:4.4014183804392815e-003, octave:0 }
   - { x:464., y:289., size:31., angle:3.3723910522460937e+002,
       response:9.4409696757793427e-003, octave:0 }
   - { x:338., y:118., size:31., angle:2.7708413696289062e+002,
       response:4.9869809299707413e-003, octave:0 }
   - { x:446., y:208., size:31., angle:3.3451574707031250e+002,
       response:1.2774920091032982e-002, octave:0 }
   - { x:511., y:532., size:31., angle:9.9741429090499878e-001,
       response:5.4366332478821278e-003, octave:0 }
   - { x:439., y:251., size:31., angle:2.5744531250000000e+002,
       response:1.0185582563281059e-002, octave:0 }
   - { x:472., y:237., size:31., angle:3.4677420043945312e+002,
       response:7.5932987965643406e-003, octave:0 }
   - { x:504., y:536., size:31., angle:3.4079837036132812e+002,
       response:1.0930731892585754e-002, octave:0 }
   - { x:378., y:212., size:31., angle:3.8585578918457031e+001,
       response:9.4600999727845192e-003, octave:0 }
   - { x:189., y:264., size:31., angle:2.4506660461425781e+002,
       response:4.1886777617037296e-003, octave:0 }
   - { x:470., y:163., size:31., angle:3.4191064453125000e+002,
       response:9.3747833743691444e-003, octave:0 }
   - { x:263., y:483., size:31., angle:1.1419388580322266e+002,
       response:6.4513375982642174e-003, octave:0 }
   - { x:100., y:494., size:31., angle:1.3487159729003906e+002,
       response:5.3258291445672512e-003, octave:0 }
   - { x:366., y:363., size:31., angle:1.3798562622070312e+002,
       response:6.6137281246483326e-003, octave:0 }
   - { x:305., y:549., size:31., angle:1.8551675415039062e+002,
       response:6.5221637487411499e-003, octave:0 }
   - { x:471., y:247., size:31., angle:7.7077239990234375e+001,
       response:4.5441929250955582e-003, octave:0 }
   - { x:417., y:243., size:31., angle:5.2295654296875000e+001,
       response:6.6846357658505440e-003, octave:0 }
   - { x:414., y:303., size:31., angle:1.8301760864257812e+002,
       response:4.9976943992078304e-003, octave:0 }
   - { x:456., y:198., size:31., angle:3.4120916748046875e+002,
       response:4.3433797545731068e-003, octave:0 }
   - { x:479., y:304., size:31., angle:3.1606609344482422e+001,
       response:9.9522536620497704e-003, octave:0 }
   - { x:408., y:241., size:31., angle:9.1874824523925781e+001,
       response:1.3369339518249035e-002, octave:0 }
   - { x:429., y:176., size:31., angle:3.3141238403320312e+002,
       response:5.8317268267273903e-003, octave:0 }
   - { x:456., y:216., size:31., angle:3.2700970458984375e+002,
       response:1.1639353819191456e-002, octave:0 }
   - { x:412., y:257., size:31., angle:3.5439367675781250e+002,
       response:6.2934812158346176e-003, octave:0 }
   - { x:432., y:178., size:31., angle:3.0798922729492187e+002,
       response:5.9163877740502357e-003, octave:0 }
   - { x:205., y:380., size:31., angle:1.5081136703491211e+001,
       response:5.4505825974047184e-003, octave:0 }
   - { x:455., y:567., size:31., angle:1.9856518554687500e+002,
       response:1.0912848636507988e-002, octave:0 }
   - { x:459., y:484., size:31., angle:2.8843292236328125e+002,
       response:3.9807851426303387e-003, octave:0 }
   - { x:365., y:180., size:31., angle:3.2784271240234375e+002,
       response:1.0631447657942772e-002, octave:0 }
   - { x:217., y:326., size:31., angle:2.1827787399291992e+001,
       response:1.2945139780640602e-002, octave:0 }
   - { x:354., y:188., size:31., angle:1.7684019470214844e+002,
       response:7.4248225428164005e-003, octave:0 }
   - { x:459., y:343., size:31., angle:7.8906608581542969e+001,
       response:7.8053162433207035e-003, octave:0 }
   - { x:428., y:343., size:31., angle:3.2259301757812500e+002,
       response:4.9434150569140911e-003, octave:0 }
   - { x:257., y:329., size:31., angle:1.6812420654296875e+002,
       response:7.0182797499001026e-003, octave:0 }
   - { x:328., y:225., size:31., angle:3.3121163940429687e+002,
       response:1.0211154818534851e-002, octave:0 }
   - { x:568., y:694., size:31., angle:1.7591967773437500e+002,
       response:3.5443438682705164e-003, octave:0 }
   - { x:272., y:191., size:31., angle:1.6511730194091797e+001,
       response:5.2155372686684132e-003, octave:0 }
   - { x:379., y:197., size:31., angle:3.3124343872070313e+002,
       response:6.1814119108021259e-003, octave:0 }
   - { x:429., y:347., size:31., angle:3.2941757202148437e+002,
       response:1.1518020182847977e-002, octave:0 }
   - { x:238., y:349., size:31., angle:2.0610494995117187e+002,
