%YAML:1.0
KeyPoints:
   - { x:194., y:33., size:31., angle:7.8060523986816406e+001,
       response:3.6212876439094543e-003, octave:0 }
   - { x:247., y:131., size:31., angle:2.5166705322265625e+002,
       response:5.6316619738936424e-003, octave:0 }
   - { x:405., y:46., size:31., angle:1.0143028259277344e+002,
       response:4.1290628723800182e-003, octave:0 }
   - { x:241., y:412., size:31., angle:2.6891925048828125e+002,
       response:2.5221328251063824e-003, octave:0 }
   - { x:177., y:119., size:31., angle:1.7701962280273437e+002,
       response:4.0199770592153072e-003, octave:0 }
   - { x:416., y:62., size:31., angle:2.9944421386718750e+002,
       response:1.1518286541104317e-002, octave:0 }
   - { x:352., y:143., size:31., angle:2.8849261474609375e+002,
       response:6.1583891510963440e-003, octave:0 }
   - { x:305., y:721., size:31., angle:2.6740606689453125e+002,
       response:2.7678578626364470e-003, octave:0 }
   - { x:260., y:653., size:31., angle:1.0140446472167969e+002,
       response:1.3678707182407379e-002, octave:0 }
   - { x:345., y:652., size:31., angle:7.9681625366210937e+001,
       response:2.5856052525341511e-003, octave:0 }
   - { x:184., y:50., size:31., angle:2.5010540771484375e+002,
       response:7.9835737124085426e-003, octave:0 }
   - { x:350., y:631., size:31., angle:3.3954919433593750e+002,
       response:5.1311030983924866e-003, octave:0 }
   - { x:254., y:631., size:31., angle:1.9589477539062500e+002,
       response:4.6257269568741322e-003, octave:0 }
   - { x:303., y:216., size:31., angle:2.7114227294921875e+002,
       response:1.1705921031534672e-002, octave:0 }
   - { x:305., y:745., size:31., angle:8.8390892028808594e+001,
       response:1.2454456882551312e-003, octave:0 }
   - { x:303., y:251., size:31., angle:8.9015708923339844e+001,
       response:1.1554207652807236e-002, octave:0 }
   - { x:527., y:108., size:31., angle:1.9884111022949219e+002,
       response:1.6753451200202107e-003, octave:0 }
   - { x:340., y:412., size:31., angle:2.7121197509765625e+002,
       response:2.5093967560678720e-003, octave:0 }
   - { x:447., y:127., size:31., angle:1.0574210166931152e+001,
       response:5.6560351513326168e-003, octave:0 }
   - { x:75., y:94., size:31., angle:3.4511685180664062e+002,
       response:8.2396285142749548e-004, octave:0 }
   - { x:72., y:96., size:31., angle:3.3833584594726562e+002,
       response:1.4824956888332963e-003, octave:0 }
   - { x:409., y:86., size:31., angle:1.0919282531738281e+002,
       response:2.3906128481030464e-003, octave:0 }
   - { x:302., y:535., size:31., angle:2.7079031372070312e+002,
       response:-3.2562081469222903e-004, octave:0 }
   - { x:193., y:71., size:31., angle:5.3359058380126953e+001,
       response:1.0469937697052956e-003, octave:0 }
   - { x:309., y:536., size:31., angle:2.8660195922851562e+002,
       response:-2.2280975827015936e-004, octave:0 }
   - { x:241., y:378., size:31., angle:9.1071235656738281e+001,
       response:2.2817137651145458e-003, octave:0 }
   - { x:302., y:556., size:31., angle:9.5899520874023438e+001,
       response:-8.5646614024881274e-005, octave:0 }
   - { x:352., y:660., size:31., angle:9.3802223205566406e+001,
       response:6.2571652233600616e-004, octave:0 }
   - { x:295., y:557., size:31., angle:7.5386657714843750e+001,
       response:-1.2250822328496724e-004, octave:0 }
   - { x:307., y:557., size:31., angle:1.1091146850585937e+002,
       response:-4.1099359805230051e-005, octave:0 }
   - { x:338., y:378., size:31., angle:7.7945922851562500e+001,
       response:2.9498150106519461e-003, octave:0 }
   - { x:345., y:380., size:31., angle:1.1829302978515625e+002,
       response:1.1410884326323867e-003, octave:0 }
   - { x:243., y:378., size:31., angle:1.0193549346923828e+002,
       response:2.9472762253135443e-003, octave:0 }
   - { x:236., y:380., size:31., angle:6.1564647674560547e+001,
       response:1.1152488877996802e-003, octave:0 }
   - { x:342., y:378., size:31., angle:9.9625511169433594e+001,
       response:3.2017184421420097e-003, octave:0 }
   - { x:310., y:742., size:31., angle:6.2155158996582031e+001,
       response:-5.3867475799052045e-005, octave:0 }
   - { x:190., y:74., size:31., angle:7.1546653747558594e+001,
       response:1.9427138613536954e-003, octave:0 }
   - { x:269., y:159., size:31., angle:3.3505307006835937e+002,
       response:5.8617582544684410e-004, octave:0 }
   - { x:245., y:380., size:31., angle:1.1522731781005859e+002,
       response:1.5750720631331205e-003, octave:0 }
   - { x:300., y:743., size:31., angle:1.1341629791259766e+002,
       response:-4.8933387006400153e-005, octave:0 }
   - { x:236., y:410., size:31., angle:2.9867120361328125e+002,
       response:7.9203414497897029e-004, octave:0 }
   - { x:406., y:84., size:31., angle:1.2531906127929687e+002,
       response:9.7701873164623976e-004, octave:0 }
   - { x:340., y:378., size:31., angle:8.8799057006835938e+001,
       response:2.2916875313967466e-003, octave:0 }
   - { x:245., y:410., size:31., angle:2.4455307006835937e+002,
       response:1.1583552695810795e-003, octave:0 }
   - { x:336., y:410., size:31., angle:2.9557214355468750e+002,
       response:1.0978780919685960e-003, octave:0 }
   - { x:175., y:122., size:31., angle:1.9596307373046875e+002,
       response:-2.8022873448207974e-004, octave:0 }
   - { x:173., y:121., size:31., angle:1.8901509094238281e+002,
       response:-3.1515024602413177e-004, octave:0 }
   - { x:239., y:412., size:31., angle:2.7984826660156250e+002,
       response:3.1891758553683758e-003, octave:0 }
   - { x:239., y:378., size:31., angle:8.0227996826171875e+001,
       response:3.1802863813936710e-003, octave:0 }
   - { x:243., y:412., size:31., angle:2.5795837402343750e+002,
       response:3.0823764391243458e-003, octave:0 }
   - { x:336., y:380., size:31., angle:6.4654296875000000e+001,
       response:1.5217990148812532e-003, octave:0 }
   - { x:342., y:412., size:31., angle:2.6030157470703125e+002,
       response:3.2016490586102009e-003, octave:0 }
   - { x:345., y:410., size:31., angle:2.4148492431640625e+002,
       response:8.1921427045017481e-004, octave:0 }
   - { x:523., y:106., size:31., angle:1.9356596374511719e+002,
       response:-2.6157076354138553e-004, octave:0 }
   - { x:255., y:493., size:31., angle:8.9935157775878906e+001,
       response:-2.2750777134206146e-004, octave:0 }
   - { x:354., y:493., size:31., angle:9.0848114013671875e+001,
       response:-2.3001551744528115e-004, octave:0 }
   - { x:415., y:86., size:31., angle:8.5363540649414063e+001,
       response:-3.8347826921381056e-004, octave:0 }
   - { x:173., y:68., size:31., angle:1.0984365844726562e+002,
       response:-8.4233569214120507e-004, octave:0 }
   - { x:425., y:660., size:31., angle:2.5702734375000000e+002,
       response:-9.4421021640300751e-004, octave:0 }
   - { x:247., y:492., size:31., angle:1.0738101196289063e+002,
       response:-4.4974364573135972e-004, octave:0 }
   - { x:426., y:140., size:31., angle:1.0333995056152344e+002,
       response:-9.2685804702341557e-004, octave:0 }
   - { x:263., y:345., size:31., angle:2.8699819946289062e+002,
       response:-6.8121106596663594e-004, octave:0 }
   - { x:347., y:345., size:31., angle:2.5418411254882813e+002,
       response:-7.5948412995785475e-004, octave:0 }
   - { x:362., y:345., size:31., angle:2.8616986083984375e+002,
       response:-7.3933601379394531e-004, octave:0 }
   - { x:196., y:139., size:31., angle:9.0448860168457031e+001,
       response:-8.7898649508133531e-004, octave:0 }
   - { x:170., y:144., size:31., angle:6.8143699645996094e+001,
       response:-9.2269608285278082e-004, octave:0 }
   - { x:426., y:681., size:31., angle:7.7849182128906250e+001,
       response:-8.8239699834957719e-004, octave:0 }
   - { x:168., y:677., size:31., angle:1.1150037384033203e+002,
       response:-9.2514307470992208e-004, octave:0 }
   - { x:436., y:656., size:31., angle:2.4784402465820312e+002,
