%YAML:1.0
KeyPoints:
   - { x:409., y:188., size:31., angle:2.5494981384277344e+002,
       response:3.6008395254611969e-003, octave:0 }
   - { x:100., y:231., size:31., angle:2.4298410034179687e+002,
       response:2.7700697537511587e-003, octave:0 }
   - { x:163., y:262., size:31., angle:2.7670507812500000e+002,
       response:4.7938725911080837e-003, octave:0 }
   - { x:413., y:218., size:31., angle:2.0186065673828125e+002,
       response:2.6912381872534752e-003, octave:0 }
   - { x:249., y:297., size:31., angle:2.5306674194335938e+002,
       response:6.8053859286010265e-003, octave:0 }
   - { x:148., y:245., size:31., angle:3.1420129394531250e+002,
       response:6.3918917439877987e-003, octave:0 }
   - { x:126., y:201., size:31., angle:2.3674969482421875e+002,
       response:3.2389583066105843e-003, octave:0 }
   - { x:279., y:157., size:31., angle:2.2070509338378906e+002,
       response:3.1647260766476393e-003, octave:0 }
   - { x:494., y:244., size:31., angle:4.8586776733398438e+001,
       response:2.9974228236824274e-003, octave:0 }
   - { x:344., y:684., size:31., angle:5.6705135345458984e+001,
       response:3.0494090169668198e-003, octave:0 }
   - { x:244., y:115., size:31., angle:3.7121147155761719e+001,
       response:2.7540384326130152e-003, octave:0 }
   - { x:324., y:645., size:31., angle:1.8780771255493164e+001,
       response:3.4033476840704679e-003, octave:0 }
   - { x:280., y:182., size:31., angle:1.5858233642578125e+002,
       response:4.8522651195526123e-003, octave:0 }
   - { x:332., y:676., size:31., angle:4.2608615875244141e+001,
       response:4.2449985630810261e-003, octave:0 }
   - { x:319., y:625., size:31., angle:3.0804751586914063e+002,
       response:3.1111601274460554e-003, octave:0 }
   - { x:168., y:261., size:31., angle:2.4007723999023437e+002,
       response:4.0693683549761772e-003, octave:0 }
   - { x:125., y:203., size:31., angle:2.2405479431152344e+002,
       response:2.5574490427970886e-003, octave:0 }
   - { x:290., y:77., size:31., angle:2.2984840393066406e+002,
       response:2.5788627099245787e-003, octave:0 }
   - { x:411., y:188., size:31., angle:2.6808529663085937e+002,
       response:3.4521825145930052e-003, octave:0 }
   - { x:363., y:247., size:31., angle:1.5064604187011719e+002,
       response:4.4999537058174610e-003, octave:0 }
   - { x:257., y:47., size:31., angle:3.0522473144531250e+002,
       response:2.6140806730836630e-003, octave:0 }
   - { x:244., y:62., size:31., angle:2.3367364501953125e+002,
       response:2.9176718089729548e-003, octave:0 }
   - { x:354., y:76., size:31., angle:2.9918743896484375e+002,
       response:4.9326112493872643e-003, octave:0 }
   - { x:300., y:615., size:31., angle:2.5549932861328125e+002,
       response:4.1085034608840942e-003, octave:0 }
   - { x:246., y:112., size:31., angle:5.3302207946777344e+001,
       response:3.5128451418131590e-003, octave:0 }
   - { x:304., y:589., size:31., angle:2.2286425781250000e+002,
       response:2.4994504638016224e-003, octave:0 }
   - { x:492., y:246., size:31., angle:6.2205089569091797e+001,
       response:2.2441828623414040e-003, octave:0 }
   - { x:346., y:618., size:31., angle:2.9991131591796875e+002,
       response:1.9260967383161187e-003, octave:0 }
   - { x:257., y:161., size:31., angle:2.9509796142578125e+002,
       response:2.4561532773077488e-003, octave:0 }
   - { x:255., y:160., size:31., angle:3.0359420776367187e+002,
       response:1.8029212951660156e-003, octave:0 }
   - { x:315., y:588., size:31., angle:3.0497381591796875e+002,
       response:2.1658460609614849e-003, octave:0 }
   - { x:472., y:240., size:31., angle:8.4232620239257812e+001,
       response:1.2811945052817464e-003, octave:0 }
   - { x:448., y:181., size:31., angle:2.2598245239257812e+002,
       response:2.3243839386850595e-003, octave:0 }
   - { x:469., y:240., size:31., angle:6.2500362396240234e+001,
       response:1.3193791965022683e-003, octave:0 }
   - { x:462., y:182., size:31., angle:3.1819146728515625e+002,
       response:1.8764808773994446e-003, octave:0 }
   - { x:151., y:221., size:31., angle:2.6161227416992187e+002,
       response:2.0058439113199711e-003, octave:0 }
   - { x:347., y:635., size:31., angle:4.0836502075195313e+001,
       response:1.3971229782328010e-003, octave:0 }
   - { x:492., y:226., size:31., angle:2.9755737304687500e+002,
       response:1.8956018611788750e-003, octave:0 }
   - { x:174., y:293., size:31., angle:8.9898002624511719e+001,
       response:1.2946991482749581e-003, octave:0 }
   - { x:179., y:65., size:31., angle:2.4892994689941406e+002,
       response:1.2920775916427374e-003, octave:0 }
   - { x:445., y:204., size:31., angle:2.3039530944824219e+002,
       response:1.2772050686180592e-003, octave:0 }
   - { x:334., y:459., size:31., angle:1.9608746337890625e+002,
       response:1.3436613371595740e-003, octave:0 }
   - { x:317., y:698., size:31., angle:7.3532562255859375e+001,
       response:1.6449388349428773e-003, octave:0 }
   - { x:406., y:191., size:31., angle:2.2614175415039062e+002,
       response:1.2591108679771423e-003, octave:0 }
   - { x:463., y:297., size:31., angle:6.3331413269042969e+001,
       response:2.1832918282598257e-003, octave:0 }
   - { x:150., y:223., size:31., angle:2.6072875976562500e+002,
       response:1.4031298924237490e-003, octave:0 }
   - { x:241., y:65., size:31., angle:2.6795324707031250e+002,
       response:1.1925980215892196e-003, octave:0 }
   - { x:447., y:183., size:31., angle:2.1539033508300781e+002,
       response:1.9917974714189768e-003, octave:0 }
   - { x:175., y:80., size:31., angle:1.4072496032714844e+002,
       response:1.6102473018690944e-003, octave:0 }
   - { x:311., y:730., size:31., angle:5.6069820404052734e+001,
       response:1.6786422347649932e-003, octave:0 }
   - { x:321., y:627., size:31., angle:2.9381707763671875e+002,
       response:1.3562446692958474e-003, octave:0 }
   - { x:356., y:207., size:31., angle:1.9759355545043945e+001,
       response:2.0762681961059570e-003, octave:0 }
   - { x:461., y:298., size:31., angle:7.7510368347167969e+001,
       response:1.8653050065040588e-003, octave:0 }
   - { x:249., y:97., size:31., angle:3.1793051147460937e+002,
       response:1.6750438371673226e-003, octave:0 }
   - { x:153., y:220., size:31., angle:2.5812521362304687e+002,
       response:2.1998644806444645e-003, octave:0 }
   - { x:344., y:616., size:31., angle:2.8531338500976562e+002,
       response:2.0371226128190756e-003, octave:0 }
   - { x:303., y:591., size:31., angle:2.1056484985351562e+002,
       response:2.1902108564972878e-003, octave:0 }
   - { x:313., y:587., size:31., angle:2.9065682983398438e+002,
       response:1.9417721778154373e-003, octave:0 }
   - { x:265., y:104., size:31., angle:3.4149716186523437e+002,
       response:1.7955342773348093e-003, octave:0 }
   - { x:295., y:411., size:31., angle:1.3551742553710937e+002,
       response:1.0919168125838041e-003, octave:0 }
   - { x:278., y:159., size:31., angle:2.2945135498046875e+002,
       response:1.4596035471186042e-003, octave:0 }
   - { x:264., y:111., size:31., angle:6.4509880065917969e+001,
       response:1.3567187124863267e-003, octave:0 }
   - { x:334., y:457., size:31., angle:1.8742935180664062e+002,
       response:1.0838964954018593e-003, octave:0 }
   - { x:251., y:98., size:31., angle:3.1326168823242187e+002,
       response:1.5391712076961994e-003, octave:0 }
   - { x:277., y:112., size:31., angle:1.6351777648925781e+002,
       response:2.2654363419860601e-003, octave:0 }
   - { x:173., y:224., size:31., angle:2.5610852050781250e+002,
       response:1.3799787266179919e-003, octave:0 }
   - { x:261., y:112., size:31., angle:5.7474704742431641e+001,
       response:1.1463001137599349e-003, octave:0 }
   - { x:494., y:227., size:31., angle:3.0870538330078125e+002,
       response:1.8801342230290174e-003, octave:0 }
   - { x:280., y:155., size:31., angle:2.1148907470703125e+002,
