%YAML:1.0
KeyPoints:
   - { x:193., y:294., size:31., angle:5.1881942749023438e+001,
       response:3.1614240258932114e-002, octave:0 }
   - { x:265., y:111., size:31., angle:2.5418571472167969e+002,
       response:2.1819313988089561e-002, octave:0 }
   - { x:459., y:209., size:31., angle:1.9520429992675781e+002,
       response:1.5919122844934464e-002, octave:0 }
   - { x:456., y:212., size:31., angle:2.8726348876953125e+002,
       response:1.3193378224968910e-002, octave:0 }
   - { x:264., y:113., size:31., angle:2.4867610168457031e+002,
       response:3.7641387432813644e-002, octave:0 }
   - { x:269., y:113., size:31., angle:2.7977099609375000e+002,
       response:2.7932731434702873e-002, octave:0 }
   - { x:222., y:82., size:31., angle:2.9595935058593750e+002,
       response:1.3850543648004532e-002, octave:0 }
   - { x:458., y:207., size:31., angle:1.5442770385742187e+002,
       response:1.5085455030202866e-002, octave:0 }
   - { x:235., y:276., size:31., angle:1.0406575012207031e+002,
       response:1.3302541337907314e-002, octave:0 }
   - { x:195., y:295., size:31., angle:5.1143077850341797e+001,
       response:1.3144994154572487e-002, octave:0 }
   - { x:74., y:583., size:31., angle:2.0199357604980469e+002,
       response:1.4195756055414677e-002, octave:0 }
   - { x:117., y:146., size:31., angle:2.2125054931640625e+002,
       response:1.7280785366892815e-002, octave:0 }
   - { x:295., y:115., size:31., angle:2.1412214660644531e+002,
       response:1.3572808355093002e-002, octave:0 }
   - { x:265., y:117., size:31., angle:2.4817733764648437e+002,
       response:3.4301109611988068e-002, octave:0 }
   - { x:543., y:137., size:31., angle:8.5866317749023437e+000,
       response:1.4389722608029842e-002, octave:0 }
   - { x:473., y:165., size:31., angle:1.9487890243530273e+001,
       response:2.3777291178703308e-002, octave:0 }
   - { x:513., y:155., size:31., angle:5.2414146423339844e+001,
       response:1.3293322175741196e-002, octave:0 }
   - { x:479., y:468., size:31., angle:1.5161502838134766e+001,
       response:1.6845956444740295e-002, octave:0 }
   - { x:262., y:112., size:31., angle:2.4092149353027344e+002,
       response:4.4171798974275589e-002, octave:0 }
   - { x:371., y:145., size:31., angle:3.0772686767578125e+002,
       response:2.4306498467922211e-002, octave:0 }
   - { x:101., y:639., size:31., angle:8.6725563049316406e+001,
       response:1.4298876747488976e-002, octave:0 }
   - { x:191., y:291., size:31., angle:5.2695240020751953e+001,
       response:1.7704287543892860e-002, octave:0 }
   - { x:107., y:637., size:31., angle:7.4982528686523438e+001,
       response:1.6976211220026016e-002, octave:0 }
   - { x:486., y:159., size:31., angle:1.1466425323486328e+002,
       response:2.0652761682868004e-002, octave:0 }
   - { x:565., y:141., size:31., angle:3.1697583007812500e+002,
       response:1.7708888277411461e-002, octave:0 }
   - { x:369., y:144., size:31., angle:3.1985760498046875e+002,
       response:1.9118234515190125e-002, octave:0 }
   - { x:94., y:636., size:31., angle:9.0247283935546875e+001,
       response:1.5855319797992706e-002, octave:0 }
   - { x:402., y:137., size:31., angle:2.2554333496093750e+002,
       response:1.3346643187105656e-002, octave:0 }
   - { x:109., y:208., size:31., angle:1.0458102416992187e+002,
       response:1.6406839713454247e-002, octave:0 }
   - { x:122., y:631., size:31., angle:5.1670528411865234e+001,
       response:2.2241767495870590e-002, octave:0 }
   - { x:232., y:81., size:31., angle:3.1186880493164062e+002,
       response:1.4866164885461330e-002, octave:0 }
   - { x:119., y:631., size:31., angle:5.4308368682861328e+001,
       response:1.6629474237561226e-002, octave:0 }
   - { x:90., y:636., size:31., angle:7.8962509155273438e+001,
       response:1.3104672543704510e-002, octave:0 }
   - { x:180., y:51., size:31., angle:2.4525421142578125e+002,
       response:1.0343013331294060e-002, octave:0 }
   - { x:191., y:758., size:31., angle:2.9527877807617187e+002,
       response:8.3761056885123253e-003, octave:0 }
   - { x:207., y:283., size:31., angle:5.3467334747314453e+001,
       response:8.2695065066218376e-003, octave:0 }
   - { x:186., y:758., size:31., angle:2.9332070922851562e+002,
       response:1.2875826098024845e-002, octave:0 }
   - { x:90., y:183., size:31., angle:1.1149156188964844e+002,
       response:7.6039438135921955e-003, octave:0 }
   - { x:179., y:550., size:31., angle:2.1011940002441406e+001,
       response:8.4269521757960320e-003, octave:0 }
   - { x:341., y:750., size:31., angle:1.6497248840332031e+002,
       response:8.0787325277924538e-003, octave:0 }
   - { x:390., y:207., size:31., angle:1.5179104614257812e+002,
       response:9.3565899878740311e-003, octave:0 }
   - { x:475., y:170., size:31., angle:3.6150300502777100e+000,
       response:1.0201648809015751e-002, octave:0 }
   - { x:473., y:168., size:31., angle:8.5726699829101562e+000,
       response:1.0821898467838764e-002, octave:0 }
   - { x:383., y:187., size:31., angle:1.1783683776855469e+002,
       response:8.6590871214866638e-003, octave:0 }
   - { x:363., y:204., size:31., angle:2.3052213668823242e+001,
       response:9.0301167219877243e-003, octave:0 }
   - { x:263., y:135., size:31., angle:2.6789956665039062e+002,
       response:1.2997166253626347e-002, octave:0 }
   - { x:163., y:737., size:31., angle:3.3625469970703125e+002,
       response:8.8744778186082840e-003, octave:0 }
   - { x:216., y:281., size:31., angle:7.2998336791992187e+001,
       response:6.8777119740843773e-003, octave:0 }
   - { x:105., y:639., size:31., angle:7.5323173522949219e+001,
       response:1.2083830311894417e-002, octave:0 }
   - { x:331., y:113., size:31., angle:2.8221475219726562e+002,
       response:9.7419293597340584e-003, octave:0 }
   - { x:404., y:134., size:31., angle:2.1285679626464844e+002,
       response:9.9093988537788391e-003, octave:0 }
   - { x:109., y:636., size:31., angle:7.5891098022460938e+001,
       response:1.1241067200899124e-002, octave:0 }
   - { x:160., y:87., size:31., angle:3.2684918212890625e+002,
       response:9.6354437991976738e-003, octave:0 }
   - { x:99., y:229., size:31., angle:8.2780441284179688e+001,
       response:9.6984161064028740e-003, octave:0 }
   - { x:258., y:120., size:31., angle:2.7080291748046875e+002,
       response:1.1775959283113480e-002, octave:0 }
   - { x:473., y:277., size:31., angle:3.0623136520385742e+001,
       response:1.1295558884739876e-002, octave:0 }
   - { x:85., y:543., size:31., angle:2.0684448242187500e+002,
       response:9.0003898367285728e-003, octave:0 }
   - { x:85., y:541., size:31., angle:2.0395053100585937e+002,
       response:9.1223279014229774e-003, octave:0 }
   - { x:185., y:378., size:31., angle:1.4965759277343750e+001,
       response:1.2164128012955189e-002, octave:0 }
   - { x:101., y:309., size:31., angle:1.9104141235351562e+002,
       response:6.9863284006714821e-003, octave:0 }
   - { x:84., y:246., size:31., angle:1.1461426544189453e+002,
       response:1.2026693671941757e-002, octave:0 }
   - { x:181., y:223., size:31., angle:1.5493406677246094e+002,
       response:9.8553830757737160e-003, octave:0 }
   - { x:481., y:464., size:31., angle:1.7298866271972656e+001,
       response:1.2425970286130905e-002, octave:0 }
   - { x:84., y:240., size:31., angle:1.3301400756835937e+002,
       response:7.8305331990122795e-003, octave:0 }
   - { x:91., y:455., size:31., angle:1.7982398986816406e+002,
       response:7.5518949888646603e-003, octave:0 }
   - { x:200., y:762., size:31., angle:3.2517471313476562e+002,
       response:9.8354704678058624e-003, octave:0 }
   - { x:177., y:551., size:31., angle:2.0968271255493164e+001,
       response:1.0594125837087631e-002, octave:0 }
   - { x:427., y:568., size:31., angle:9.1308052062988281e+001,
       response:7.0605096407234669e-003, octave:0 }
   - { x:79., y:186., size:31., angle:9.0049659729003906e+001,
