%YAML:1.0
KeyPoints:
   - { x:231., y:531., size:31., angle:2.7523269653320312e+002,
       response:5.2757379598915577e-003, octave:0 }
   - { x:374., y:275., size:31., angle:1.9972113037109375e+002,
       response:7.3361909016966820e-003, octave:0 }
   - { x:183., y:581., size:31., angle:1.8746397399902344e+002,
       response:4.2732213623821735e-003, octave:0 }
   - { x:445., y:551., size:31., angle:2.1242494583129883e+001,
       response:4.1112336330115795e-003, octave:0 }
   - { x:341., y:349., size:31., angle:1.4742076110839844e+002,
       response:5.1605785265564919e-003, octave:0 }
   - { x:222., y:472., size:31., angle:1.3486508178710937e+002,
       response:4.9504647031426430e-003, octave:0 }
   - { x:457., y:472., size:31., angle:4.1871395111083984e+001,
       response:4.0640877559781075e-003, octave:0 }
   - { x:262., y:570., size:31., angle:3.1841970443725586e+001,
       response:4.5645795762538910e-003, octave:0 }
   - { x:125., y:382., size:31., angle:5.4256645202636719e+001,
       response:5.0359824672341347e-003, octave:0 }
   - { x:162., y:91., size:31., angle:3.0804557800292969e+001,
       response:4.1092853061854839e-003, octave:0 }
   - { x:344., y:268., size:31., angle:2.5637799072265625e+002,
       response:5.1068016327917576e-003, octave:0 }
   - { x:359., y:334., size:31., angle:1.6544515991210937e+002,
       response:4.4173407368361950e-003, octave:0 }
   - { x:305., y:673., size:31., angle:1.9480212402343750e+002,
       response:5.0890101119875908e-003, octave:0 }
   - { x:222., y:297., size:31., angle:3.0165338134765625e+002,
       response:4.4613061472773552e-003, octave:0 }
   - { x:397., y:213., size:31., angle:2.2460792541503906e+002,
       response:5.0261542201042175e-003, octave:0 }
   - { x:330., y:636., size:31., angle:3.1436303710937500e+002,
       response:4.2083663865923882e-003, octave:0 }
   - { x:178., y:263., size:31., angle:3.3572375488281250e+002,
       response:4.6533676795661449e-003, octave:0 }
   - { x:247., y:118., size:31., angle:3.2460150146484375e+002,
       response:4.5962547883391380e-003, octave:0 }
   - { x:370., y:471., size:31., angle:2.4814654541015625e+002,
       response:4.4303694739937782e-003, octave:0 }
   - { x:337., y:649., size:31., angle:2.9051129150390625e+002,
       response:4.8416410572826862e-003, octave:0 }
   - { x:184., y:404., size:31., angle:2.8688848876953125e+002,
       response:4.8800264485180378e-003, octave:0 }
   - { x:299., y:481., size:31., angle:2.7079962158203125e+002,
       response:4.4098705984652042e-003, octave:0 }
   - { x:352., y:678., size:31., angle:2.2936330795288086e+001,
       response:4.1372487321496010e-003, octave:0 }
   - { x:110., y:428., size:31., angle:2.4585713195800781e+002,
       response:4.2881048284471035e-003, octave:0 }
   - { x:190., y:393., size:31., angle:2.3814358520507812e+002,
       response:4.3125743977725506e-003, octave:0 }
   - { x:294., y:477., size:31., angle:2.7901055908203125e+002,
       response:4.2841457761824131e-003, octave:0 }
   - { x:278., y:182., size:31., angle:2.0259315490722656e+002,
       response:4.2962045408785343e-003, octave:0 }
   - { x:307., y:669., size:31., angle:1.9932867431640625e+002,
       response:5.1933615468442440e-003, octave:0 }
   - { x:478., y:599., size:31., angle:3.2629312133789062e+002,
       response:5.0723082385957241e-003, octave:0 }
   - { x:372., y:712., size:31., angle:3.0751473999023437e+002,
       response:4.1463007219135761e-003, octave:0 }
   - { x:274., y:684., size:31., angle:2.3292304992675781e+001,
       response:4.8109348863363266e-003, octave:0 }
   - { x:296., y:729., size:31., angle:6.1229119300842285e+000,
       response:4.0564131923019886e-003, octave:0 }
   - { x:461., y:247., size:31., angle:3.0677839279174805e+001,
       response:5.6596333160996437e-003, octave:0 }
   - { x:273., y:667., size:31., angle:3.5129302978515625e+002,
       response:4.8156133852899075e-003, octave:0 }
   - { x:174., y:478., size:31., angle:9.4219512939453125e+001,
       response:5.4763606749475002e-003, octave:0 }
   - { x:343., y:478., size:31., angle:5.1862182617187500e+001,
       response:5.0416756421327591e-003, octave:0 }
   - { x:405., y:221., size:31., angle:2.0718780517578125e+002,
       response:5.4307677783071995e-003, octave:0 }
   - { x:138., y:422., size:31., angle:3.6783218383789063e+001,
       response:6.5485276281833649e-003, octave:0 }
   - { x:221., y:546., size:31., angle:1.0323495483398437e+002,
       response:4.2935456149280071e-003, octave:0 }
   - { x:426., y:503., size:31., angle:8.3020963668823242e+000,
       response:5.0222985446453094e-003, octave:0 }
   - { x:355., y:524., size:31., angle:9.0019126892089844e+001,
       response:4.5090299099683762e-003, octave:0 }
   - { x:124., y:374., size:31., angle:2.3310855102539062e+002,
       response:4.9328785389661789e-003, octave:0 }
   - { x:370., y:734., size:31., angle:6.5938728332519531e+001,
       response:5.0922860391438007e-003, octave:0 }
   - { x:196., y:273., size:31., angle:2.9594006347656250e+002,
       response:4.9144420772790909e-003, octave:0 }
   - { x:137., y:72., size:31., angle:2.1217623901367187e+002,
       response:4.1737374849617481e-003, octave:0 }
   - { x:206., y:278., size:31., angle:3.0070046997070312e+002,
       response:4.2082173749804497e-003, octave:0 }
   - { x:195., y:297., size:31., angle:2.9695150756835937e+002,
       response:4.3674958869814873e-003, octave:0 }
   - { x:199., y:580., size:31., angle:2.4520867919921875e+002,
       response:5.7864026166498661e-003, octave:0 }
   - { x:467., y:556., size:31., angle:3.1687490940093994e+000,
       response:4.9289721064269543e-003, octave:0 }
   - { x:174., y:423., size:31., angle:2.2245501708984375e+002,
       response:4.1373558342456818e-003, octave:0 }
   - { x:267., y:481., size:31., angle:2.5809887695312500e+002,
       response:4.1879373602569103e-003, octave:0 }
   - { x:124., y:424., size:31., angle:2.0798820495605469e+002,
       response:4.2086918838322163e-003, octave:0 }
   - { x:424., y:523., size:31., angle:3.5482281494140625e+002,
       response:4.7459974884986877e-003, octave:0 }
   - { x:190., y:588., size:31., angle:2.1687651062011719e+002,
       response:6.4382082782685757e-003, octave:0 }
   - { x:318., y:291., size:31., angle:2.3017224121093750e+002,
       response:5.0471387803554535e-003, octave:0 }
   - { x:286., y:761., size:31., angle:7.9384803771972656e+001,
       response:3.9959880523383617e-003, octave:0 }
   - { x:212., y:325., size:31., angle:3.4286846923828125e+002,
       response:3.6495104432106018e-003, octave:0 }
   - { x:422., y:542., size:31., angle:1.0996348571777344e+002,
       response:3.8924049586057663e-003, octave:0 }
   - { x:369., y:225., size:31., angle:2.0934008789062500e+002,
       response:3.8245229516178370e-003, octave:0 }
   - { x:518., y:482., size:31., angle:3.4003598022460937e+002,
       response:3.6816534120589495e-003, octave:0 }
   - { x:379., y:260., size:31., angle:1.9838107299804687e+002,
       response:3.8375935982912779e-003, octave:0 }
   - { x:432., y:323., size:31., angle:2.8902996826171875e+002,
       response:3.7127970717847347e-003, octave:0 }
   - { x:87., y:407., size:31., angle:2.7092053222656250e+002,
       response:3.7572004366666079e-003, octave:0 }
   - { x:225., y:562., size:31., angle:2.3666717529296875e+002,
       response:3.8512621540576220e-003, octave:0 }
   - { x:403., y:180., size:31., angle:1.9802380371093750e+002,
       response:3.6260748747736216e-003, octave:0 }
   - { x:448., y:514., size:31., angle:1.3680346679687500e+002,
       response:3.7457663565874100e-003, octave:0 }
   - { x:445., y:499., size:31., angle:2.3886813354492187e+002,
       response:3.6305205430835485e-003, octave:0 }
   - { x:421., y:166., size:31., angle:2.9341171264648437e+002,
       response:3.7459733430296183e-003, octave:0 }
   - { x:218., y:338., size:31., angle:1.8490797424316406e+002,
