%YAML:1.0
KeyPoints:
   - { x:379., y:350., size:31., angle:3.5588848876953125e+002,
       response:1.3069375418126583e-003, octave:0 }
   - { x:412., y:450., size:31., angle:2.7310775756835937e+002,
       response:3.9803210529498756e-004, octave:0 }
   - { x:373., y:213., size:31., angle:3.5528384399414062e+002,
       response:3.6865792935714126e-004, octave:0 }
   - { x:259., y:704., size:31., angle:2.4917973327636719e+002,
       response:3.1764135928824544e-004, octave:0 }
   - { x:110., y:543., size:31., angle:2.2385476684570312e+002,
       response:3.6852674093097448e-003, octave:0 }
   - { x:335., y:671., size:31., angle:3.0294473266601562e+002,
       response:4.2497416143305600e-004, octave:0 }
   - { x:229., y:703., size:31., angle:2.9308074951171875e+002,
       response:6.7881296854466200e-004, octave:0 }
   - { x:456., y:460., size:31., angle:3.2126113891601562e+002,
       response:2.9390281997621059e-004, octave:0 }
   - { x:469., y:673., size:31., angle:2.8969876098632812e+002,
       response:2.5178777286782861e-004, octave:0 }
   - { x:125., y:453., size:31., angle:2.3005706787109375e+002,
       response:4.4412340503185987e-004, octave:0 }
   - { x:342., y:701., size:31., angle:2.8687390136718750e+002,
       response:3.0055578099563718e-004, octave:0 }
   - { x:283., y:36., size:31., angle:8.7691047668457031e+001,
       response:1.0922475485131145e-003, octave:0 }
   - { x:281., y:128., size:31., angle:2.6671539306640625e+002,
       response:1.3962308876216412e-003, octave:0 }
   - { x:63., y:571., size:31., angle:2.3770324707031250e+002,
       response:2.6014589820988476e-004, octave:0 }
   - { x:232., y:699., size:31., angle:3.0211560058593750e+002,
       response:8.0703996354714036e-004, octave:0 }
   - { x:357., y:201., size:31., angle:2.4716435241699219e+002,
       response:3.7099412293173373e-004, octave:0 }
   - { x:204., y:347., size:31., angle:1.9212913513183594e+002,
       response:2.6565519510768354e-004, octave:0 }
   - { x:342., y:695., size:31., angle:2.7442321777343750e+002,
       response:3.9102564915083349e-004, octave:0 }
   - { x:220., y:45., size:31., angle:1.0794175720214844e+002,
       response:4.1818199679255486e-004, octave:0 }
   - { x:220., y:40., size:31., angle:1.7213861083984375e+002,
       response:5.7904468849301338e-004, octave:0 }
   - { x:323., y:684., size:31., angle:1.8581783294677734e+001,
       response:2.6286212960258126e-004, octave:0 }
   - { x:529., y:566., size:31., angle:3.0115356445312500e+002,
       response:6.5829127561300993e-004, octave:0 }
   - { x:45., y:582., size:31., angle:2.3007855224609375e+002,
       response:6.2151788733899593e-004, octave:0 }
   - { x:411., y:593., size:31., angle:2.5656747817993164e+001,
       response:2.9265627381391823e-004, octave:0 }
   - { x:41., y:586., size:31., angle:2.2760861206054687e+002,
       response:9.5725868595764041e-004, octave:0 }
   - { x:213., y:109., size:31., angle:2.7675305175781250e+002,
       response:1.2568505480885506e-003, octave:0 }
   - { x:196., y:342., size:31., angle:1.7389279174804687e+002,
       response:2.1409799810498953e-003, octave:0 }
   - { x:345., y:131., size:31., angle:2.2961149597167969e+002,
       response:3.3136943238787353e-004, octave:0 }
   - { x:281., y:688., size:31., angle:1.5966198730468750e+002,
       response:5.1923631690442562e-004, octave:0 }
   - { x:112., y:550., size:31., angle:2.4326335144042969e+002,
       response:3.3021337003447115e-004, octave:0 }
   - { x:200., y:343., size:31., angle:1.8039529418945312e+002,
       response:1.8191584385931492e-003, octave:0 }
   - { x:284., y:45., size:31., angle:8.2981971740722656e+001,
       response:5.7554217055439949e-003, octave:0 }
   - { x:169., y:449., size:31., angle:2.5696051025390625e+002,
       response:6.3188862986862659e-004, octave:0 }
   - { x:333., y:140., size:31., angle:2.4965534973144531e+002,
       response:2.6403830270282924e-004, octave:0 }
   - { x:196., y:344., size:31., angle:1.7641862487792969e+002,
       response:1.8500705482438207e-003, octave:0 }
   - { x:99., y:551., size:31., angle:2.4335739135742187e+002,
       response:3.8252715603448451e-004, octave:0 }
   - { x:469., y:534., size:31., angle:3.1921780395507812e+002,
       response:3.8861457724124193e-003, octave:0 }
   - { x:291., y:134., size:31., angle:3.1548718261718750e+002,
       response:4.0853436803445220e-004, octave:0 }
   - { x:163., y:445., size:31., angle:2.6192205810546875e+002,
       response:6.9858063943684101e-004, octave:0 }
   - { x:384., y:345., size:31., angle:5.1785054206848145e+000,
       response:1.7107871826738119e-003, octave:0 }
   - { x:380., y:640., size:31., angle:2.0202566528320312e+002,
       response:3.5504705738276243e-004, octave:0 }
   - { x:457., y:640., size:31., angle:1.9849876403808594e+002,
       response:3.7192853051237762e-004, octave:0 }
   - { x:452., y:460., size:31., angle:3.1752432250976562e+002,
       response:4.9134925939142704e-004, octave:0 }
   - { x:363., y:104., size:31., angle:2.5097691345214844e+002,
       response:1.0201457189396024e-003, octave:0 }
   - { x:201., y:347., size:31., angle:1.8462229919433594e+002,
       response:1.2101311003789306e-003, octave:0 }
   - { x:164., y:443., size:31., angle:2.5830834960937500e+002,
       response:6.2923395307734609e-004, octave:0 }
   - { x:35., y:746., size:31., angle:1.3667561340332031e+002,
       response:2.4925594334490597e-004, octave:0 }
   - { x:48., y:758., size:31., angle:1.3162739562988281e+002,
       response:5.2844802848994732e-004, octave:0 }
   - { x:252., y:82., size:31., angle:2.5591571044921875e+002,
       response:1.3592466711997986e-003, octave:0 }
   - { x:411., y:442., size:31., angle:2.9473291015625000e+002,
       response:2.6943241246044636e-003, octave:0 }
   - { x:53., y:762., size:31., angle:1.2756910705566406e+002,
       response:7.7547697583213449e-004, octave:0 }
   - { x:255., y:83., size:31., angle:2.7366036987304687e+002,
       response:1.2843874283134937e-003, octave:0 }
   - { x:524., y:563., size:31., angle:2.9903421020507812e+002,
       response:8.6775620002299547e-004, octave:0 }
   - { x:91., y:555., size:31., angle:2.4340518188476562e+002,
       response:3.8684238097630441e-004, octave:0 }
   - { x:446., y:453., size:31., angle:3.0539447021484375e+002,
       response:6.6915818024426699e-004, octave:0 }
   - { x:214., y:102., size:31., angle:2.8410345458984375e+002,
       response:2.5507810059934855e-003, octave:0 }
   - { x:372., y:699., size:31., angle:2.3971255493164062e+002,
       response:4.5680697076022625e-004, octave:0 }
   - { x:408., y:593., size:31., angle:1.8885517883300781e+002,
       response:2.7982325991615653e-004, octave:0 }
   - { x:451., y:456., size:31., angle:3.1419232177734375e+002,
       response:6.9625506876036525e-004, octave:0 }
   - { x:286., y:37., size:31., angle:6.8976425170898437e+001,
       response:5.0567172002047300e-004, octave:0 }
   - { x:236., y:139., size:31., angle:3.0219915771484375e+002,
       response:9.3918532365933061e-004, octave:0 }
   - { x:76., y:563., size:31., angle:2.4122203063964844e+002,
       response:4.5535273966379464e-004, octave:0 }
   - { x:318., y:92., size:31., angle:1.2640713500976562e+002,
       response:1.1590253561735153e-003, octave:0 }
   - { x:170., y:453., size:31., angle:2.6390631103515625e+002,
       response:3.6059110425412655e-004, octave:0 }
   - { x:544., y:758., size:31., angle:5.2401393890380859e+001,
       response:2.7059280546382070e-004, octave:0 }
   - { x:258., y:699., size:31., angle:2.5307684326171875e+002,
       response:6.0880597447976470e-004, octave:0 }
   - { x:364., y:95., size:31., angle:2.7457144165039063e+002,
       response:2.6454068720340729e-003, octave:0 }
   - { x:508., y:555., size:31., angle:2.9530502319335937e+002,
       response:4.0270338649861515e-004, octave:0 }
   - { x:37., y:586., size:31., angle:2.2768562316894531e+002,
