%YAML:1.0
KeyPoints:
   - { x:276., y:606., size:31., angle:1.1987028503417969e+002,
       response:2.9243968892842531e-003, octave:0 }
   - { x:305., y:381., size:31., angle:1.3486351013183594e+002,
       response:5.6013121502473950e-004, octave:0 }
   - { x:266., y:401., size:31., angle:2.2883308410644531e+002,
       response:1.1537617538124323e-003, octave:0 }
   - { x:311., y:368., size:31., angle:1.8909053039550781e+002,
       response:2.3689758963882923e-003, octave:0 }
   - { x:420., y:232., size:31., angle:8.6239349365234375e+001,
       response:7.6299678767099977e-004, octave:0 }
   - { x:410., y:229., size:31., angle:7.6079063415527344e+001,
       response:1.9334240350872278e-003, octave:0 }
   - { x:286., y:380., size:31., angle:4.8798557281494141e+001,
       response:3.1428593210875988e-003, octave:0 }
   - { x:315., y:375., size:31., angle:1.5923474121093750e+002,
       response:2.4815960787236691e-003, octave:0 }
   - { x:297., y:361., size:31., angle:9.5703811645507813e+001,
       response:4.5716874301433563e-003, octave:0 }
   - { x:276., y:380., size:31., angle:6.0007125854492188e+001,
       response:4.2706899694167078e-004, octave:0 }
   - { x:312., y:379., size:31., angle:9.9315589904785156e+001,
       response:1.7634051619097590e-003, octave:0 }
   - { x:344., y:661., size:31., angle:1.0125971984863281e+002,
       response:4.5672506093978882e-003, octave:0 }
   - { x:296., y:425., size:31., angle:2.6767587280273437e+002,
       response:3.5596028901636600e-003, octave:0 }
   - { x:238., y:526., size:31., angle:2.8260333251953125e+002,
       response:5.2139773033559322e-003, octave:0 }
   - { x:195., y:532., size:31., angle:2.2186026000976563e+002,
       response:4.0552355349063873e-003, octave:0 }
   - { x:386., y:650., size:31., angle:3.7189159393310547e+001,
       response:3.7313117645680904e-003, octave:0 }
   - { x:213., y:588., size:31., angle:2.4411248779296875e+002,
       response:5.8045069454237819e-004, octave:0 }
   - { x:289., y:378., size:31., angle:1.4521956443786621e+001,
       response:3.6961867008358240e-003, octave:0 }
   - { x:171., y:542., size:31., angle:3.5289303588867188e+002,
       response:5.4593948880210519e-004, octave:0 }
   - { x:375., y:556., size:31., angle:2.8981506347656250e+002,
       response:2.2826616186648607e-003, octave:0 }
   - { x:433., y:662., size:31., angle:6.0221572875976563e+001,
       response:4.0120859630405903e-003, octave:0 }
   - { x:200., y:646., size:31., angle:1.0202166748046875e+002,
       response:2.3512810003012419e-003, octave:0 }
   - { x:374., y:583., size:31., angle:2.1164550781250000e+000,
       response:1.9117248011752963e-003, octave:0 }
   - { x:359., y:632., size:31., angle:8.3020477294921875e+001,
       response:5.0289882346987724e-004, octave:0 }
   - { x:168., y:544., size:31., angle:4.8648548126220703e+000,
       response:8.8994362158700824e-004, octave:0 }
   - { x:307., y:370., size:31., angle:2.3221417236328125e+002,
       response:1.0958348866552114e-003, octave:0 }
   - { x:281., y:386., size:31., angle:6.2958770751953125e+001,
       response:1.0068314149975777e-003, octave:0 }
   - { x:283., y:383., size:31., angle:8.0949081420898438e+001,
       response:4.7063278034329414e-003, octave:0 }
   - { x:326., y:576., size:31., angle:3.3669723510742187e+002,
       response:2.5384251493960619e-003, octave:0 }
   - { x:309., y:383., size:31., angle:9.6399803161621094e+001,
       response:4.8220963217318058e-003, octave:0 }
   - { x:220., y:581., size:31., angle:1.8409933471679687e+002,
       response:3.3658512402325869e-003, octave:0 }
   - { x:278., y:379., size:31., angle:5.0609741210937500e+001,
       response:1.4496945077553391e-003, octave:0 }
   - { x:410., y:626., size:31., angle:1.9201568603515625e+002,
       response:2.8846778441220522e-003, octave:0 }
   - { x:306., y:384., size:31., angle:1.1441663360595703e+002,
       response:1.1959091061726213e-003, octave:0 }
   - { x:326., y:346., size:31., angle:3.3011529541015625e+002,
       response:5.0107855349779129e-004, octave:0 }
   - { x:330., y:579., size:31., angle:3.0927035522460937e+002,
       response:4.8224951024167240e-004, octave:0 }
   - { x:232., y:579., size:31., angle:3.3580102539062500e+002,
       response:3.3575766719877720e-003, octave:0 }
   - { x:296., y:415., size:31., angle:2.6180621337890625e+002,
       response:3.0316705815494061e-003, octave:0 }
   - { x:282., y:368., size:31., angle:3.3142807006835937e+002,
       response:1.5613199211657047e-003, octave:0 }
   - { x:270., y:576., size:31., angle:2.0567640686035156e+002,
       response:2.7332706376910210e-003, octave:0 }
   - { x:278., y:375., size:31., angle:7.9494624137878418e+000,
       response:2.1685336250811815e-003, octave:0 }
   - { x:308., y:387., size:31., angle:9.1779037475585938e+001,
       response:1.3610234018415213e-003, octave:0 }
   - { x:284., y:388., size:31., angle:8.5430313110351563e+001,
       response:6.0955138178542256e-004, octave:0 }
   - { x:325., y:337., size:31., angle:3.0419851684570312e+002,
       response:3.3878281246870756e-003, octave:0 }
   - { x:176., y:570., size:31., angle:1.4411102294921875e+002,
       response:1.7897380748763680e-003, octave:0 }
   - { x:268., y:337., size:31., angle:2.3529962158203125e+002,
       response:4.5235422439873219e-003, octave:0 }
   - { x:284., y:368., size:31., angle:3.1999548339843750e+002,
       response:2.1033044904470444e-003, octave:0 }
   - { x:174., y:565., size:31., angle:1.7387814331054687e+002,
       response:4.4839738984592259e-004, octave:0 }
   - { x:404., y:614., size:31., angle:1.4428204345703125e+002,
       response:2.5011627003550529e-003, octave:0 }
   - { x:187., y:611., size:31., angle:1.9349317932128906e+002,
       response:1.4067849842831492e-003, octave:0 }
   - { x:443., y:607., size:31., angle:3.5918200683593750e+002,
       response:1.4787394320592284e-003, octave:0 }
   - { x:265., y:399., size:31., angle:2.1985156250000000e+002,
       response:1.2593133142217994e-003, octave:0 }
   - { x:347., y:607., size:31., angle:1.4967485046386719e+002,
       response:2.3434606846421957e-003, octave:0 }
   - { x:292., y:399., size:31., angle:2.2282870483398437e+002,
       response:1.7645674524828792e-003, octave:0 }
   - { x:302., y:399., size:31., angle:3.0065612792968750e+002,
       response:1.9027313683182001e-003, octave:0 }
   - { x:358., y:606., size:31., angle:3.4021270751953125e+002,
       response:2.8481250628829002e-003, octave:0 }
   - { x:304., y:377., size:31., angle:1.7319264221191406e+002,
       response:1.2859967537224293e-003, octave:0 }
   - { x:344., y:605., size:31., angle:1.3418591308593750e+002,
       response:6.4142001792788506e-004, octave:0 }
   - { x:325., y:605., size:31., angle:5.1753574371337891e+001,
       response:1.1271452531218529e-003, octave:0 }
   - { x:330., y:400., size:31., angle:3.3020263671875000e+002,
       response:1.9062947249040008e-003, octave:0 }
   - { x:358., y:604., size:31., angle:3.5514590454101562e+002,
       response:4.3730461038649082e-003, octave:0 }
   - { x:406., y:628., size:31., angle:1.8971394348144531e+002,
       response:4.1634420631453395e-004, octave:0 }
   - { x:311., y:355., size:31., angle:1.2064708709716797e+002,
       response:2.9865367105230689e-004, octave:0 }
   - { x:281., y:356., size:31., angle:5.8895339965820313e+001,
       response:1.9003433408215642e-004, octave:0 }
   - { x:407., y:626., size:31., angle:1.7723941040039062e+002,
       response:3.1020547612570226e-004, octave:0 }
   - { x:397., y:606., size:31., angle:2.2214492797851562e+002,
       response:3.1302060233429074e-004, octave:0 }
   - { x:374., y:580., size:31., angle:5.1066392660140991e-001,
       response:2.0078706438653171e-004, octave:0 }
   - { x:307., y:356., size:31., angle:1.0633428192138672e+002,
       response:2.1141047182027251e-004, octave:0 }
   - { x:99., y:93., size:31., angle:2.2078225708007812e+002,
