%YAML:1.0
KeyPoints:
   - { x:411., y:397., size:31., angle:2.0030906677246094e+002,
       response:3.4905602224171162e-003, octave:0 }
   - { x:210., y:616., size:31., angle:1.2821441650390625e+002,
       response:3.3324710093438625e-003, octave:0 }
   - { x:205., y:662., size:31., angle:1.1446927070617676e+001,
       response:3.7171887233853340e-003, octave:0 }
   - { x:340., y:587., size:31., angle:2.5733941650390625e+002,
       response:5.3598200902342796e-003, octave:0 }
   - { x:216., y:672., size:31., angle:6.2945880889892578e+001,
       response:3.4609809517860413e-003, octave:0 }
   - { x:260., y:672., size:31., angle:3.4870021820068359e+001,
       response:5.2488753572106361e-003, octave:0 }
   - { x:356., y:594., size:31., angle:2.8321789550781250e+002,
       response:3.9672949351370335e-003, octave:0 }
   - { x:265., y:632., size:31., angle:1.9964439392089844e+002,
       response:3.2886562403291464e-003, octave:0 }
   - { x:346., y:710., size:31., angle:1.3895362854003906e+002,
       response:3.3546478953212500e-003, octave:0 }
   - { x:312., y:672., size:31., angle:1.9603839111328125e+002,
       response:4.3455711565911770e-003, octave:0 }
   - { x:301., y:577., size:31., angle:3.4635754394531250e+002,
       response:4.9887783825397491e-003, octave:0 }
   - { x:269., y:517., size:31., angle:8.2756874084472656e+001,
       response:3.4294694196432829e-003, octave:0 }
   - { x:321., y:581., size:31., angle:7.9961708068847656e+001,
       response:4.0485919453203678e-003, octave:0 }
   - { x:321., y:579., size:31., angle:6.1852443695068359e+001,
       response:4.7773616388440132e-003, octave:0 }
   - { x:222., y:629., size:31., angle:9.3401313781738281e+001,
       response:5.5546052753925323e-003, octave:0 }
   - { x:255., y:576., size:31., angle:3.3975228881835937e+002,
       response:5.3321067243814468e-003, octave:0 }
   - { x:296., y:578., size:31., angle:7.1631234884262085e-001,
       response:5.1684929057955742e-003, octave:0 }
   - { x:237., y:527., size:31., angle:2.7295611572265625e+002,
       response:3.3252744469791651e-003, octave:0 }
   - { x:378., y:395., size:31., angle:3.0421972656250000e+002,
       response:3.3683215733617544e-003, octave:0 }
   - { x:250., y:490., size:31., angle:2.2616458129882813e+002,
       response:3.6386810243129730e-003, octave:0 }
   - { x:214., y:638., size:31., angle:1.5065739440917969e+002,
       response:3.5581956617534161e-003, octave:0 }
   - { x:384., y:679., size:31., angle:3.1293627929687500e+002,
       response:3.8980331737548113e-003, octave:0 }
   - { x:414., y:680., size:31., angle:2.2436649322509766e+001,
       response:3.6138752475380898e-003, octave:0 }
   - { x:340., y:589., size:31., angle:2.5124249267578125e+002,
       response:4.7239847481250763e-003, octave:0 }
   - { x:270., y:627., size:31., angle:1.7884906005859375e+002,
       response:4.3136789463460445e-003, octave:0 }
   - { x:227., y:627., size:31., angle:7.5726905822753906e+001,
       response:3.6582949105650187e-003, octave:0 }
   - { x:216., y:626., size:31., angle:1.1098237609863281e+002,
       response:3.6680893972516060e-003, octave:0 }
   - { x:247., y:643., size:31., angle:2.1931816101074219e+002,
       response:3.3225840888917446e-003, octave:0 }
   - { x:265., y:643., size:31., angle:1.7092672729492187e+002,
       response:6.5346681512892246e-003, octave:0 }
   - { x:399., y:643., size:31., angle:3.2778131103515625e+002,
       response:3.3139234874397516e-003, octave:0 }
   - { x:207., y:285., size:31., angle:2.3070402526855469e+002,
       response:4.9193203449249268e-003, octave:0 }
   - { x:270., y:625., size:31., angle:1.8222798156738281e+002,
       response:3.4642980899661779e-003, octave:0 }
   - { x:190., y:625., size:31., angle:9.7793632507324219e+001,
       response:7.0420736446976662e-003, octave:0 }
   - { x:414., y:682., size:31., angle:3.8796524047851562e+001,
       response:3.3998093567788601e-003, octave:0 }
   - { x:239., y:709., size:31., angle:2.8718432617187500e+002,
       response:3.3669529948383570e-003, octave:0 }
   - { x:253., y:624., size:31., angle:2.2678446960449219e+002,
       response:6.6752540878951550e-003, octave:0 }
   - { x:316., y:716., size:31., angle:1.8097817993164062e+002,
       response:3.3282209187746048e-003, octave:0 }
   - { x:284., y:598., size:31., angle:8.7332086563110352e+000,
       response:3.5874231252819300e-003, octave:0 }
   - { x:355., y:645., size:31., angle:2.9956866455078125e+002,
       response:4.7150379978120327e-003, octave:0 }
   - { x:264., y:647., size:31., angle:1.3763543701171875e+002,
       response:4.5279832556843758e-003, octave:0 }
   - { x:252., y:719., size:31., angle:1.1842984771728516e+002,
       response:4.5678955502808094e-003, octave:0 }
   - { x:327., y:757., size:31., angle:1.1215063476562500e+002,
       response:4.6594226732850075e-003, octave:0 }
   - { x:209., y:648., size:31., angle:2.9080853271484375e+002,
       response:5.4996581748127937e-003, octave:0 }
   - { x:399., y:351., size:31., angle:1.9584133911132812e+002,
       response:3.3436990343034267e-003, octave:0 }
   - { x:302., y:756., size:31., angle:7.1608825683593750e+001,
       response:5.7353582233190536e-003, octave:0 }
   - { x:206., y:721., size:31., angle:6.0584701538085938e+001,
       response:3.9066351018846035e-003, octave:0 }
   - { x:379., y:698., size:31., angle:1.5802774047851563e+002,
       response:3.8126641884446144e-003, octave:0 }
   - { x:249., y:654., size:31., angle:1.4717761230468750e+002,
       response:3.3061543945223093e-003, octave:0 }
   - { x:269., y:721., size:31., angle:1.7742849731445312e+002,
       response:4.4925161637365818e-003, octave:0 }
   - { x:192., y:655., size:31., angle:2.3826712036132812e+002,
       response:7.1793640963733196e-003, octave:0 }
   - { x:261., y:271., size:31., angle:5.5681415557861328e+001,
       response:3.3055373933166265e-003, octave:0 }
   - { x:316., y:741., size:31., angle:2.7282135009765625e+002,
       response:5.3935889154672623e-003, octave:0 }
   - { x:256., y:618., size:31., angle:3.2149914550781250e+002,
       response:3.4515527077019215e-003, octave:0 }
   - { x:389., y:737., size:31., angle:9.0086868286132813e+001,
       response:4.1494653560221195e-003, octave:0 }
   - { x:296., y:742., size:31., angle:3.5456216430664062e+002,
       response:6.8045658990740776e-003, octave:0 }
   - { x:291., y:734., size:31., angle:3.5089401245117187e+002,
       response:4.1093104518949986e-003, octave:0 }
   - { x:255., y:661., size:31., angle:3.3930084228515625e+002,
       response:5.3121591918170452e-003, octave:0 }
   - { x:411., y:343., size:31., angle:3.0783700561523437e+002,
       response:4.9206241965293884e-003, octave:0 }
   - { x:204., y:707., size:31., angle:2.8008898925781250e+002,
       response:3.3668898977339268e-003, octave:0 }
   - { x:396., y:722., size:31., angle:3.5111712646484375e+002,
       response:5.3731170482933521e-003, octave:0 }
   - { x:269., y:723., size:31., angle:1.7522389221191406e+002,
       response:3.7305701989680529e-003, octave:0 }
   - { x:373., y:389., size:31., angle:2.4555282592773437e+002,
       response:4.6310420148074627e-003, octave:0 }
   - { x:391., y:730., size:31., angle:5.9357166290283203e+001,
       response:3.5693917889147997e-003, octave:0 }
   - { x:261., y:693., size:31., angle:3.4052951049804687e+002,
       response:3.7725951988250017e-003, octave:0 }
   - { x:265., y:616., size:31., angle:2.0612904357910156e+002,
       response:4.2613046243786812e-003, octave:0 }
   - { x:374., y:380., size:31., angle:1.4305664062500000e+002,
       response:3.8437903858721256e-003, octave:0 }
   - { x:267., y:262., size:31., angle:2.4809371948242188e+001,
       response:3.4126807004213333e-003, octave:0 }
   - { x:395., y:724., size:31., angle:3.5584878540039062e+002,
       response:6.1950464732944965e-003, octave:0 }
   - { x:381., y:375., size:31., angle:3.2506164550781250e+002,
