%YAML:1.0
KeyPoints:
   - { x:339., y:107., size:31., angle:2.7767474365234375e+002,
       response:1.6620561480522156e-002, octave:0 }
   - { x:395., y:234., size:31., angle:3.5590045166015625e+002,
       response:5.7042841799557209e-003, octave:0 }
   - { x:311., y:609., size:31., angle:1.8928820800781250e+002,
       response:4.5988340862095356e-003, octave:0 }
   - { x:331., y:115., size:31., angle:2.2205043029785156e+002,
       response:6.7713605239987373e-003, octave:0 }
   - { x:335., y:111., size:31., angle:2.5123611450195312e+002,
       response:2.7722031809389591e-003, octave:0 }
   - { x:259., y:133., size:31., angle:2.1008549499511719e+002,
       response:1.6428211238235235e-003, octave:0 }
   - { x:394., y:254., size:31., angle:3.4292269897460937e+002,
       response:9.0571390464901924e-003, octave:0 }
   - { x:398., y:259., size:31., angle:3.4970330810546875e+002,
       response:4.6106269583106041e-003, octave:0 }
   - { x:308., y:597., size:31., angle:1.6471903991699219e+002,
       response:9.9118603393435478e-003, octave:0 }
   - { x:360., y:122., size:31., angle:3.0217395019531250e+002,
       response:3.4851711243391037e-003, octave:0 }
   - { x:348., y:123., size:31., angle:2.9959909057617187e+002,
       response:8.8854096829891205e-003, octave:0 }
   - { x:280., y:518., size:31., angle:1.6913133239746094e+002,
       response:8.7564513087272644e-003, octave:0 }
   - { x:363., y:123., size:31., angle:2.9578356933593750e+002,
       response:5.6006074883043766e-003, octave:0 }
   - { x:250., y:594., size:31., angle:1.5988897705078125e+002,
       response:3.4019954036921263e-003, octave:0 }
   - { x:366., y:124., size:31., angle:2.8919726562500000e+002,
       response:8.3757620304822922e-003, octave:0 }
   - { x:377., y:127., size:31., angle:2.8413470458984375e+002,
       response:1.0860452428460121e-002, octave:0 }
   - { x:264., y:128., size:31., angle:2.2095269775390625e+002,
       response:8.8795721530914307e-003, octave:0 }
   - { x:327., y:128., size:31., angle:2.4696286010742187e+002,
       response:9.4968480989336967e-003, octave:0 }
   - { x:347., y:560., size:31., angle:3.4786483764648437e+002,
       response:8.2829929888248444e-003, octave:0 }
   - { x:261., y:129., size:31., angle:2.1759024047851562e+002,
       response:9.7464583814144135e-003, octave:0 }
   - { x:262., y:132., size:31., angle:2.1417385864257812e+002,
       response:4.9872309900820255e-003, octave:0 }
   - { x:248., y:282., size:31., angle:1.1961607360839844e+002,
       response:1.2366122566163540e-002, octave:0 }
   - { x:254., y:290., size:31., angle:1.6370080566406250e+002,
       response:7.7161714434623718e-003, octave:0 }
   - { x:238., y:559., size:31., angle:1.8058929443359375e+002,
       response:7.7665494754910469e-003, octave:0 }
   - { x:301., y:549., size:31., angle:2.9281585693359375e+002,
       response:4.9710809253156185e-003, octave:0 }
   - { x:347., y:546., size:31., angle:3.3711685180664062e+002,
       response:1.8682032823562622e-003, octave:0 }
   - { x:266., y:329., size:31., angle:1.6174740600585938e+002,
       response:6.2444438226521015e-003, octave:0 }
   - { x:391., y:144., size:31., angle:3.1339981079101562e+002,
       response:1.1195751838386059e-002, octave:0 }
   - { x:346., y:541., size:31., angle:3.4755947875976562e+002,
       response:8.8997585698962212e-003, octave:0 }
   - { x:400., y:145., size:31., angle:3.2692315673828125e+002,
       response:9.1508664190769196e-003, octave:0 }
   - { x:266., y:332., size:31., angle:1.4291889953613281e+002,
       response:8.7385075166821480e-003, octave:0 }
   - { x:401., y:153., size:31., angle:8.0114679336547852e+000,
       response:4.3664737604558468e-003, octave:0 }
   - { x:245., y:155., size:31., angle:2.5520494079589844e+002,
       response:4.4801230542361736e-003, octave:0 }
   - { x:299., y:541., size:31., angle:7.3714653015136719e+001,
       response:9.7458492964506149e-003, octave:0 }
   - { x:262., y:156., size:31., angle:3.1306683349609375e+002,
       response:5.4699000902473927e-003, octave:0 }
   - { x:302., y:156., size:31., angle:1.4099969482421875e+002,
       response:6.2368493527173996e-003, octave:0 }
   - { x:235., y:534., size:31., angle:1.8361459350585937e+002,
       response:3.9266962558031082e-003, octave:0 }
   - { x:284., y:117., size:31., angle:2.3645077514648437e+002,
       response:1.3470855774357915e-003, octave:0 }
   - { x:303., y:160., size:31., angle:1.4305718994140625e+002,
       response:5.8373832143843174e-003, octave:0 }
   - { x:392., y:160., size:31., angle:2.6371309280395508e+001,
       response:8.3061177283525467e-003, octave:0 }
   - { x:224., y:162., size:31., angle:2.2906814575195312e+002,
       response:5.7971053756773472e-003, octave:0 }
   - { x:266., y:162., size:31., angle:1.3793033361434937e-001,
       response:8.7136421352624893e-003, octave:0 }
   - { x:392., y:162., size:31., angle:2.4551109313964844e+001,
       response:1.0837875306606293e-002, octave:0 }
   - { x:221., y:163., size:31., angle:2.2241561889648437e+002,
       response:1.0149806737899780e-002, octave:0 }
   - { x:266., y:164., size:31., angle:3.9782004356384277e+000,
       response:4.6192719601094723e-003, octave:0 }
   - { x:219., y:170., size:31., angle:2.0894821166992187e+002,
       response:2.6288127992302179e-003, octave:0 }
   - { x:261., y:172., size:31., angle:1.7079730987548828e+001,
       response:7.5705875642597675e-003, octave:0 }
   - { x:260., y:176., size:31., angle:1.8077224731445313e+001,
       response:1.4316465239971876e-003, octave:0 }
   - { x:343., y:530., size:31., angle:3.0080839157104492e+001,
       response:1.3643873855471611e-002, octave:0 }
   - { x:270., y:344., size:31., angle:1.4631530761718750e+002,
       response:5.4645529016852379e-003, octave:0 }
   - { x:286., y:116., size:31., angle:2.4213088989257812e+002,
       response:1.4156590914353728e-003, octave:0 }
   - { x:399., y:360., size:31., angle:3.4625665283203125e+002,
       response:9.3836672604084015e-003, octave:0 }
   - { x:275., y:377., size:31., angle:1.6848252868652344e+002,
       response:8.7592424824833870e-003, octave:0 }
   - { x:259., y:530., size:31., angle:3.1318051147460938e+002,
       response:1.0878348723053932e-002, octave:0 }
   - { x:316., y:191., size:31., angle:1.7822462463378906e+002,
       response:4.6004876494407654e-003, octave:0 }
   - { x:255., y:194., size:31., angle:2.8677942276000977e+001,
       response:1.1761678382754326e-002, octave:0 }
   - { x:283., y:527., size:31., angle:2.1186518859863281e+002,
       response:5.4397135972976685e-003, octave:0 }
   - { x:285., y:521., size:31., angle:1.9391752624511719e+002,
       response:8.4955915808677673e-003, octave:0 }
   - { x:389., y:201., size:31., angle:3.5416534423828125e+002,
       response:7.8216642141342163e-003, octave:0 }
   - { x:239., y:276., size:31., angle:1.0883116912841797e+002,
       response:1.1923181591555476e-003, octave:0 }
   - { x:206., y:206., size:31., angle:1.9450971984863281e+002,
       response:1.0966518893837929e-003, octave:0 }
   - { x:268., y:518., size:31., angle:8.1409629821777344e+001,
       response:5.7217036373913288e-003, octave:0 }
   - { x:250., y:511., size:31., angle:1.5548182678222656e+002,
       response:1.2143820524215698e-002, octave:0 }
   - { x:365., y:462., size:31., angle:1.3187720298767090e+001,
       response:2.8419545851647854e-003, octave:0 }
   - { x:258., y:428., size:31., angle:1.9278601074218750e+002,
       response:2.1049287170171738e-003, octave:0 }
   - { x:370., y:403., size:31., angle:6.2210239410400391e+001,
       response:1.2208495289087296e-002, octave:0 }
   - { x:312., y:683., size:31., angle:1.5234472656250000e+002,
       response:2.6395865716040134e-003, octave:0 }
   - { x:314., y:650., size:31., angle:1.7586997985839844e+002,
       response:8.9263236150145531e-003, octave:0 }
   - { x:240., y:221., size:31., angle:3.1798010253906250e+002,
