%YAML:1.0
KeyPoints:
   - { x:427., y:231., size:31., angle:2.1182759094238281e+002,
       response:2.5418957229703665e-003, octave:0 }
   - { x:371., y:420., size:31., angle:1.2458422851562500e+002,
       response:2.5140307843685150e-003, octave:0 }
   - { x:244., y:364., size:31., angle:4.8345874786376953e+001,
       response:3.1603174284100533e-003, octave:0 }
   - { x:485., y:611., size:31., angle:1.0559931945800781e+002,
       response:3.3320628572255373e-003, octave:0 }
   - { x:243., y:368., size:31., angle:5.3276874542236328e+001,
       response:2.7979556471109390e-003, octave:0 }
   - { x:87., y:729., size:31., angle:1.2282419586181641e+002,
       response:2.7076192200183868e-003, octave:0 }
   - { x:479., y:738., size:31., angle:3.5500375366210937e+002,
       response:2.4943547323346138e-003, octave:0 }
   - { x:330., y:373., size:31., angle:1.3044502258300781e+002,
       response:3.4410653170198202e-003, octave:0 }
   - { x:326., y:295., size:31., angle:3.0018841552734375e+002,
       response:4.0623410604894161e-003, octave:0 }
   - { x:322., y:446., size:31., angle:5.5639377593994141e+001,
       response:3.2171835191547871e-003, octave:0 }
   - { x:320., y:320., size:31., angle:2.6012414550781250e+002,
       response:2.8069824911653996e-003, octave:0 }
   - { x:342., y:339., size:31., angle:6.1305866241455078e+000,
       response:3.3575277775526047e-003, octave:0 }
   - { x:418., y:488., size:31., angle:1.9791053771972656e+002,
       response:2.6278567966073751e-003, octave:0 }
   - { x:285., y:287., size:31., angle:2.4219793701171875e+002,
       response:2.5548604317009449e-003, octave:0 }
   - { x:342., y:319., size:31., angle:2.3515679931640625e+002,
       response:2.6623434387147427e-003, octave:0 }
   - { x:341., y:359., size:31., angle:1.3456671142578125e+002,
       response:2.5862480979412794e-003, octave:0 }
   - { x:228., y:244., size:31., angle:2.4286303710937500e+002,
       response:3.7644915282726288e-003, octave:0 }
   - { x:276., y:319., size:31., angle:2.9420639038085937e+002,
       response:3.4580286592245102e-003, octave:0 }
   - { x:447., y:636., size:31., angle:7.3635841369628906e+001,
       response:2.6472555473446846e-003, octave:0 }
   - { x:423., y:486., size:31., angle:2.0650096130371094e+002,
       response:2.7697193436324596e-003, octave:0 }
   - { x:147., y:180., size:31., angle:3.1233135986328125e+002,
       response:2.6689444202929735e-003, octave:0 }
   - { x:413., y:119., size:31., angle:1.8609942626953125e+002,
       response:2.5707250460982323e-003, octave:0 }
   - { x:194., y:388., size:31., angle:2.7629208374023437e+002,
       response:2.4793171323835850e-003, octave:0 }
   - { x:418., y:485., size:31., angle:1.9983718872070312e+002,
       response:5.1387697458267212e-003, octave:0 }
   - { x:155., y:640., size:31., angle:1.2077604675292969e+002,
       response:2.5572949089109898e-003, octave:0 }
   - { x:254., y:336., size:31., angle:1.7551670837402344e+002,
       response:2.4751874152570963e-003, octave:0 }
   - { x:273., y:627., size:31., angle:1.0292277526855469e+002,
       response:2.1923871245235205e-003, octave:0 }
   - { x:183., y:498., size:31., angle:3.2244815063476562e+002,
       response:1.7835177714005113e-003, octave:0 }
   - { x:333., y:370., size:31., angle:3.0927673339843750e+002,
       response:1.9336948171257973e-003, octave:0 }
   - { x:414., y:484., size:31., angle:1.9276118469238281e+002,
       response:2.4330611340701580e-003, octave:0 }
   - { x:150., y:563., size:31., angle:1.1632083892822266e+001,
       response:2.3819005582481623e-003, octave:0 }
   - { x:475., y:738., size:31., angle:9.3838233947753906e+001,
       response:1.8516714917495847e-003, octave:0 }
   - { x:129., y:344., size:31., angle:3.4507754516601562e+002,
       response:2.0395165774971247e-003, octave:0 }
   - { x:149., y:185., size:31., angle:3.3641738891601562e+002,
       response:2.3433358874171972e-003, octave:0 }
   - { x:43., y:635., size:31., angle:7.8920242309570313e+001,
       response:2.3254072293639183e-003, octave:0 }
   - { x:268., y:380., size:31., angle:3.5339620971679687e+002,
       response:1.7832355806604028e-003, octave:0 }
   - { x:421., y:395., size:31., angle:4.8173656463623047e+001,
       response:1.7655348638072610e-003, octave:0 }
   - { x:143., y:214., size:31., angle:1.0245296478271484e+002,
       response:1.7636662814766169e-003, octave:0 }
   - { x:124., y:170., size:31., angle:1.3616948127746582e+001,
       response:1.6300274292007089e-003, octave:0 }
   - { x:481., y:616., size:31., angle:1.1527754211425781e+002,
       response:1.7712289700284600e-003, octave:0 }
   - { x:380., y:563., size:31., angle:3.4358253479003906e+001,
       response:1.8410179764032364e-003, octave:0 }
   - { x:260., y:380., size:31., angle:2.0567700195312500e+002,
       response:1.6361529706045985e-003, octave:0 }
   - { x:443., y:566., size:31., angle:1.6600794982910156e+002,
       response:2.1218035835772753e-003, octave:0 }
   - { x:534., y:639., size:31., angle:1.1456308746337891e+002,
       response:1.7043069237843156e-003, octave:0 }
   - { x:332., y:374., size:31., angle:5.5048198699951172e+001,
       response:1.6517792828381062e-003, octave:0 }
   - { x:161., y:481., size:31., angle:7.5596549987792969e+001,
       response:1.6792073147371411e-003, octave:0 }
   - { x:330., y:326., size:31., angle:2.4975215148925781e+002,
       response:2.1617494057863951e-003, octave:0 }
   - { x:89., y:728., size:31., angle:9.6851387023925781e+001,
       response:1.9561897497624159e-003, octave:0 }
   - { x:83., y:730., size:31., angle:1.5111430358886719e+002,
       response:1.8661255016922951e-003, octave:0 }
   - { x:373., y:423., size:31., angle:7.9831909179687500e+001,
       response:1.8814232898876071e-003, octave:0 }
   - { x:440., y:702., size:31., angle:7.4567283630371094e+001,
       response:2.0936247892677784e-003, octave:0 }
   - { x:424., y:236., size:31., angle:2.0878298950195312e+002,
       response:2.3857092019170523e-003, octave:0 }
   - { x:553., y:714., size:31., angle:8.2540809631347656e+001,
       response:2.0012720488011837e-003, octave:0 }
   - { x:301., y:339., size:31., angle:4.2083811759948730e-001,
       response:2.0592065993696451e-003, octave:0 }
   - { x:374., y:418., size:31., angle:3.1456408691406250e+002,
       response:2.3220765870064497e-003, octave:0 }
   - { x:367., y:418., size:31., angle:2.0173448181152344e+002,
       response:1.7483185511082411e-003, octave:0 }
   - { x:389., y:401., size:31., angle:1.2906872558593750e+002,
       response:2.1225058007985353e-003, octave:0 }
   - { x:86., y:725., size:31., angle:2.2790701293945313e+002,
       response:1.8759733065962791e-003, octave:0 }
   - { x:202., y:401., size:31., angle:6.2405685424804687e+001,
       response:1.9377996213734150e-003, octave:0 }
   - { x:401., y:389., size:31., angle:2.6823770141601562e+002,
       response:2.2212893236428499e-003, octave:0 }
   - { x:480., y:608., size:31., angle:1.2588845825195312e+002,
       response:2.2827496286481619e-003, octave:0 }
   - { x:141., y:340., size:31., angle:1.5975878906250000e+002,
       response:1.9363225437700748e-003, octave:0 }
   - { x:339., y:501., size:31., angle:7.0213890075683594e+001,
       response:2.1924895700067282e-003, octave:0 }
   - { x:453., y:218., size:31., angle:9.2502250671386719e+001,
       response:1.8263915553689003e-003, octave:0 }
   - { x:325., y:372., size:31., angle:1.8175389099121094e+002,
       response:1.7475534696131945e-003, octave:0 }
   - { x:447., y:632., size:31., angle:2.9800003051757812e+002,
       response:2.2420994937419891e-003, octave:0 }
   - { x:272., y:318., size:31., angle:2.8115261840820312e+002,
       response:1.6884795622900128e-003, octave:0 }
   - { x:375., y:568., size:31., angle:5.0174282073974609e+001,
       response:1.9895753357559443e-003, octave:0 }
   - { x:176., y:237., size:31., angle:3.3114923095703125e+002,
