%YAML:1.0
KeyPoints:
   - { x:88., y:453., size:31., angle:4.3527149200439453e+001,
       response:1.5465740114450455e-002, octave:0 }
   - { x:477., y:56., size:31., angle:2.9019901275634766e+001,
       response:1.1027795262634754e-003, octave:0 }
   - { x:55., y:355., size:31., angle:3.3589153289794922e+001,
       response:1.0709931375458837e-003, octave:0 }
   - { x:455., y:66., size:31., angle:3.4633193969726562e+002,
       response:7.8875146573409438e-004, octave:0 }
   - { x:166., y:243., size:31., angle:3.0797808837890625e+002,
       response:7.7808178029954433e-003, octave:0 }
   - { x:184., y:591., size:31., angle:1.7742051696777344e+002,
       response:1.0877428576350212e-002, octave:0 }
   - { x:193., y:578., size:31., angle:2.6424462890625000e+002,
       response:1.5806593000888824e-002, octave:0 }
   - { x:184., y:229., size:31., angle:1.0385767364501953e+002,
       response:1.0086641414090991e-003, octave:0 }
   - { x:188., y:229., size:31., angle:1.2906260681152344e+002,
       response:1.0021833004429936e-003, octave:0 }
   - { x:84., y:181., size:31., angle:2.2630816650390625e+002,
       response:7.6741480734199286e-004, octave:0 }
   - { x:178., y:605., size:31., angle:2.1884780883789062e+002,
       response:8.3812000229954720e-003, octave:0 }
   - { x:475., y:77., size:31., angle:2.9583325195312500e+002,
       response:1.1423852294683456e-002, octave:0 }
   - { x:258., y:684., size:31., angle:2.8441180419921875e+002,
       response:7.9199788160622120e-004, octave:0 }
   - { x:53., y:401., size:31., angle:3.2537451171875000e+002,
       response:6.7867047619074583e-004, octave:0 }
   - { x:143., y:406., size:31., angle:1.5818313598632812e+002,
       response:8.7822432396933436e-004, octave:0 }
   - { x:119., y:230., size:31., angle:2.3626634216308594e+002,
       response:8.8688393589109182e-004, octave:0 }
   - { x:120., y:153., size:31., angle:2.1937503051757812e+002,
       response:6.2137702479958534e-003, octave:0 }
   - { x:311., y:608., size:31., angle:6.1731796264648438e+001,
       response:1.3100323267281055e-003, octave:0 }
   - { x:119., y:155., size:31., angle:2.2491217041015625e+002,
       response:6.1146994121372700e-003, octave:0 }
   - { x:294., y:92., size:31., angle:6.6705093383789063e+001,
       response:1.0815636487677693e-003, octave:0 }
   - { x:169., y:574., size:31., angle:1.4135115051269531e+002,
       response:5.3344406187534332e-003, octave:0 }
   - { x:168., y:572., size:31., angle:1.5328436279296875e+002,
       response:3.8239022251218557e-003, octave:0 }
   - { x:154., y:244., size:31., angle:3.5688909912109375e+002,
       response:9.2023250181227922e-004, octave:0 }
   - { x:207., y:172., size:31., angle:9.4163932800292969e+001,
       response:5.9158750809729099e-003, octave:0 }
   - { x:268., y:675., size:31., angle:5.5161441802978516e+001,
       response:9.3417325988411903e-003, octave:0 }
   - { x:70., y:277., size:31., angle:2.6662002563476562e+002,
       response:5.9193157358095050e-004, octave:0 }
   - { x:96., y:252., size:31., angle:1.9258691406250000e+002,
       response:8.6026423377916217e-004, octave:0 }
   - { x:72., y:402., size:31., angle:2.2222044372558594e+002,
       response:5.4195057600736618e-004, octave:0 }
   - { x:418., y:174., size:31., angle:3.1062304687500000e+002,
       response:6.5475649898871779e-004, octave:0 }
   - { x:217., y:158., size:31., angle:3.1339321899414062e+002,
       response:5.2252784371376038e-004, octave:0 }
   - { x:487., y:46., size:31., angle:3.3294824218750000e+002,
       response:1.3830255717039108e-002, octave:0 }
   - { x:474., y:399., size:31., angle:3.1827133178710937e+002,
       response:6.3042080728337169e-004, octave:0 }
   - { x:160., y:545., size:31., angle:2.5318652343750000e+002,
       response:8.6517836898565292e-003, octave:0 }
   - { x:281., y:542., size:31., angle:1.3087876892089844e+002,
       response:8.9154858142137527e-004, octave:0 }
   - { x:259., y:718., size:31., angle:3.8611751556396484e+001,
       response:1.3474994339048862e-002, octave:0 }
   - { x:113., y:294., size:31., angle:2.8241946411132812e+002,
       response:6.3586229225620627e-004, octave:0 }
   - { x:472., y:79., size:31., angle:2.6718176269531250e+002,
       response:1.7393898451700807e-003, octave:0 }
   - { x:175., y:218., size:31., angle:1.4421791076660156e+002,
       response:2.0830482244491577e-003, octave:0 }
   - { x:124., y:518., size:31., angle:4.3545963287353516e+001,
       response:1.3025333173573017e-002, octave:0 }
   - { x:191., y:274., size:31., angle:3.4775509643554687e+002,
       response:6.6103326389566064e-004, octave:0 }
   - { x:317., y:515., size:31., angle:1.1302607727050781e+002,
       response:5.3616886725649238e-004, octave:0 }
   - { x:50., y:393., size:31., angle:3.5490646362304688e+002,
       response:7.1055314037948847e-004, octave:0 }
   - { x:298., y:668., size:31., angle:1.2055606842041016e+001,
       response:1.7296655103564262e-002, octave:0 }
   - { x:253., y:660., size:31., angle:2.1405789184570312e+002,
       response:7.2916649514809251e-004, octave:0 }
   - { x:116., y:404., size:31., angle:4.5569141387939453e+001,
       response:6.2269764021039009e-004, octave:0 }
   - { x:232., y:124., size:31., angle:3.5866363525390625e+002,
       response:1.0816755238920450e-003, octave:0 }
   - { x:111., y:496., size:31., angle:3.2659640502929687e+002,
       response:3.3521116711199284e-003, octave:0 }
   - { x:76., y:187., size:31., angle:2.2896670532226562e+002,
       response:5.1529682241380215e-004, octave:0 }
   - { x:299., y:616., size:31., angle:5.4519279479980469e+001,
       response:6.8001862382516265e-004, octave:0 }
   - { x:208., y:352., size:31., angle:1.8320092773437500e+002,
       response:7.7771383803337812e-004, octave:0 }
   - { x:254., y:700., size:31., angle:3.5956165313720703e+001,
       response:1.2427411973476410e-002, octave:0 }
   - { x:276., y:659., size:31., angle:2.3088282775878906e+002,
       response:8.8122126180678606e-004, octave:0 }
   - { x:316., y:605., size:31., angle:6.1434898376464844e+001,
       response:8.9478056179359555e-004, octave:0 }
   - { x:276., y:699., size:31., angle:3.1673437118530273e+001,
       response:1.1499004438519478e-002, octave:0 }
   - { x:241., y:689., size:31., angle:2.5025143432617188e+002,
       response:1.1100587435066700e-003, octave:0 }
   - { x:80., y:183., size:31., angle:2.2718818664550781e+002,
       response:9.7797985654324293e-004, octave:0 }
   - { x:66., y:377., size:31., angle:1.9236245727539062e+002,
       response:7.5280986493453383e-004, octave:0 }
   - { x:114., y:453., size:31., angle:5.4958789825439453e+001,
       response:1.3326747342944145e-002, octave:0 }
   - { x:102., y:453., size:31., angle:1.1550024414062500e+002,
       response:1.3547609560191631e-002, octave:0 }
   - { x:50., y:397., size:31., angle:3.5039950561523437e+002,
       response:6.7491747904568911e-004, octave:0 }
   - { x:85., y:241., size:31., angle:1.7603373718261719e+002,
       response:7.5469783041626215e-004, octave:0 }
   - { x:188., y:188., size:31., angle:3.3287414550781250e+002,
       response:6.4225369133055210e-003, octave:0 }
   - { x:111., y:177., size:31., angle:6.4533264160156250e+001,
       response:5.0827453378587961e-004, octave:0 }
   - { x:188., y:192., size:31., angle:3.2767208862304688e+002,
       response:3.5041308728978038e-004, octave:0 }
   - { x:80., y:411., size:31., angle:1.6191436767578125e+002,
       response:3.1036706059239805e-004, octave:0 }
   - { x:304., y:397., size:31., angle:2.5244692993164063e+002,
       response:4.2809269507415593e-004, octave:0 }
   - { x:275., y:623., size:31., angle:2.1111743164062500e+002,
       response:3.8050359580665827e-004, octave:0 }
   - { x:416., y:175., size:31., angle:3.1838055419921875e+002,
       response:4.2711276910267770e-004, octave:0 }
   - { x:281., y:609., size:31., angle:2.1114819335937500e+002,
