%YAML:1.0
KeyPoints:
   - { x:247., y:194., size:31., angle:3.4480178833007813e+001,
       response:2.0868051797151566e-003, octave:0 }
   - { x:291., y:33., size:31., angle:3.5507690429687500e+002,
       response:8.4847386460751295e-004, octave:0 }
   - { x:290., y:35., size:31., angle:3.5747265625000000e+002,
       response:1.2025664327666163e-003, octave:0 }
   - { x:226., y:38., size:31., angle:1.8636964416503906e+002,
       response:1.1771698482334614e-003, octave:0 }
   - { x:226., y:41., size:31., angle:1.8261315917968750e+002,
       response:8.6076674051582813e-004, octave:0 }
   - { x:256., y:316., size:31., angle:1.1486410522460937e+002,
       response:9.7570405341684818e-004, octave:0 }
   - { x:235., y:136., size:31., angle:3.1781246948242187e+002,
       response:2.5995755568146706e-003, octave:0 }
   - { x:256., y:215., size:31., angle:3.3712036132812500e+002,
       response:1.0068395640701056e-003, octave:0 }
   - { x:244., y:189., size:31., angle:7.5647482872009277e+000,
       response:1.5329725574702024e-003, octave:0 }
   - { x:288., y:61., size:31., angle:1.3424182891845703e+001,
       response:9.8089571110904217e-004, octave:0 }
   - { x:287., y:66., size:31., angle:1.5842413902282715e+001,
       response:1.1685427743941545e-003, octave:0 }
   - { x:253., y:247., size:31., angle:2.0080966186523437e+002,
       response:6.7649537231773138e-004, octave:0 }
   - { x:285., y:69., size:31., angle:1.5562134742736816e+001,
       response:2.1767748985439539e-003, octave:0 }
   - { x:255., y:305., size:31., angle:1.4462176513671875e+002,
       response:9.8040746524930000e-004, octave:0 }
   - { x:252., y:304., size:31., angle:1.5852359008789063e+002,
       response:1.5532069373875856e-003, octave:0 }
   - { x:247., y:191., size:31., angle:3.0282190322875977e+001,
       response:1.4999202685430646e-003, octave:0 }
   - { x:282., y:76., size:31., angle:1.7308050155639648e+001,
       response:1.8384800059720874e-003, octave:0 }
   - { x:240., y:138., size:31., angle:3.1985382080078125e+002,
       response:8.6487946100533009e-004, octave:0 }
   - { x:320., y:298., size:31., angle:2.5989083862304688e+002,
       response:3.2766060903668404e-003, octave:0 }
   - { x:282., y:82., size:31., angle:1.6712602615356445e+001,
       response:2.4121182505041361e-003, octave:0 }
   - { x:190., y:373., size:31., angle:1.8549856567382812e+002,
       response:8.2696013851091266e-004, octave:0 }
   - { x:263., y:257., size:31., angle:3.4630810546875000e+002,
       response:8.0690212780609727e-004, octave:0 }
   - { x:279., y:88., size:31., angle:1.6966054916381836e+001,
       response:9.3650876078754663e-004, octave:0 }
   - { x:255., y:160., size:31., angle:2.7440936279296875e+002,
       response:1.1732066050171852e-003, octave:0 }
   - { x:237., y:97., size:31., angle:1.6583642578125000e+002,
       response:3.5046471748501062e-003, octave:0 }
   - { x:249., y:252., size:31., angle:1.8408122253417969e+002,
       response:8.9488190133124590e-004, octave:0 }
   - { x:237., y:101., size:31., angle:1.6776593017578125e+002,
       response:5.3032198920845985e-003, octave:0 }
   - { x:243., y:194., size:31., angle:2.3844388961791992e+001,
       response:7.8554108040407300e-004, octave:0 }
   - { x:261., y:176., size:31., angle:3.2438009643554687e+002,
       response:8.3124270895496011e-004, octave:0 }
   - { x:240., y:104., size:31., angle:1.6978302001953125e+002,
       response:3.4611488226801157e-003, octave:0 }
   - { x:218., y:195., size:31., angle:3.4900683593750000e+002,
       response:8.2240597112104297e-004, octave:0 }
   - { x:240., y:109., size:31., angle:1.7074217224121094e+002,
       response:6.6434857435524464e-003, octave:0 }
   - { x:252., y:219., size:31., angle:3.4254718017578125e+002,
       response:7.8774912981316447e-004, octave:0 }
   - { x:256., y:219., size:31., angle:3.2834185791015625e+002,
       response:1.3588030124083161e-003, octave:0 }
   - { x:241., y:112., size:31., angle:1.6911364746093750e+002,
       response:5.0719254650175571e-003, octave:0 }
   - { x:282., y:112., size:31., angle:2.9362261962890625e+002,
       response:3.6036453675478697e-003, octave:0 }
   - { x:271., y:289., size:31., angle:3.5437634277343750e+002,
       response:1.4476368669420481e-003, octave:0 }
   - { x:248., y:287., size:31., angle:1.8313436889648437e+002,
       response:6.0465018032118678e-004, octave:0 }
   - { x:258., y:216., size:31., angle:3.4356649780273437e+002,
       response:7.6604960486292839e-004, octave:0 }
   - { x:250., y:222., size:31., angle:3.4717630004882812e+002,
       response:7.7256985241547227e-004, octave:0 }
   - { x:242., y:116., size:31., angle:1.6882348632812500e+002,
       response:2.4068041238933802e-003, octave:0 }
   - { x:257., y:222., size:31., angle:3.3187509155273438e+002,
       response:1.1306686792522669e-003, octave:0 }
   - { x:303., y:349., size:31., angle:2.1536920166015625e+002,
       response:8.1389537081122398e-004, octave:0 }
   - { x:248., y:199., size:31., angle:2.9908761978149414e+001,
       response:1.5721634263172746e-003, octave:0 }
   - { x:269., y:283., size:31., angle:3.4019927978515625e+002,
       response:7.6681311475113034e-004, octave:0 }
   - { x:252., y:224., size:31., angle:3.1280657958984375e+002,
       response:8.4305205382406712e-004, octave:0 }
   - { x:232., y:133., size:31., angle:2.9205923461914062e+002,
       response:2.0784658845514059e-003, octave:0 }
   - { x:275., y:467., size:31., angle:1.0295957946777344e+002,
       response:6.5367534989491105e-004, octave:0 }
   - { x:253., y:209., size:31., angle:3.3556017279624939e-001,
       response:6.1074679251760244e-004, octave:0 }
   - { x:223., y:348., size:31., angle:3.2408157348632812e+002,
       response:1.5625795349478722e-003, octave:0 }
   - { x:271., y:284., size:31., angle:3.4264605712890625e+002,
       response:6.1415316304191947e-004, octave:0 }
   - { x:250., y:204., size:31., angle:2.0828517913818359e+001,
       response:1.4245667262002826e-003, octave:0 }
   - { x:253., y:204., size:31., angle:2.4272935867309570e+001,
       response:1.1830525472760201e-003, octave:0 }
   - { x:300., y:346., size:31., angle:2.1337307739257812e+002,
       response:1.9818875007331371e-003, octave:0 }
   - { x:255., y:205., size:31., angle:2.1478849411010742e+001,
       response:1.3603927800431848e-003, octave:0 }
   - { x:230., y:126., size:31., angle:2.6477301025390625e+002,
       response:2.0373703446239233e-003, octave:0 }
   - { x:255., y:145., size:31., angle:8.8639198303222656e+001,
       response:3.2825686503201723e-003, octave:0 }
   - { x:224., y:344., size:31., angle:3.3880743408203125e+002,
       response:2.1345417480915785e-003, octave:0 }
   - { x:266., y:272., size:31., angle:3.4527432250976562e+002,
       response:1.0658410610631108e-003, octave:0 }
   - { x:250., y:209., size:31., angle:7.3201417922973633e+000,
       response:9.2708237934857607e-004, octave:0 }
   - { x:258., y:325., size:31., angle:9.3233985900878906e+001,
       response:2.2281596902757883e-003, octave:0 }
   - { x:263., y:182., size:31., angle:2.5708784103393555e+001,
       response:1.2535279383882880e-003, octave:0 }
   - { x:273., y:468., size:31., angle:8.8425521850585938e+001,
       response:1.0134879266843200e-003, octave:0 }
   - { x:258., y:601., size:31., angle:3.5928756713867187e+002,
       response:1.4995308592915535e-003, octave:0 }
   - { x:379., y:734., size:31., angle:3.4743933105468750e+002,
       response:6.9488986628130078e-004, octave:0 }
   - { x:378., y:736., size:31., angle:3.4726104736328125e+002,
       response:8.6951255798339844e-004, octave:0 }
   - { x:378., y:744., size:31., angle:3.4120394897460938e+002,
       response:2.8219167143106461e-003, octave:0 }
   - { x:258., y:231., size:31., angle:3.3334860229492187e+002,
       response:8.8610209058970213e-004, octave:0 }
   - { x:260., y:244., size:31., angle:3.3884292602539062e+002,
