%YAML:1.0
KeyPoints:
   - { x:313., y:254., size:31., angle:3.1783203125000000e+002,
       response:1.4338565524667501e-003, octave:0 }
   - { x:425., y:110., size:31., angle:5.2300712585449219e+001,
       response:4.9673306057229638e-004, octave:0 }
   - { x:290., y:276., size:31., angle:2.5217962646484375e+002,
       response:3.0588256777264178e-004, octave:0 }
   - { x:405., y:104., size:31., angle:2.3749070739746094e+002,
       response:3.5839970223605633e-004, octave:0 }
   - { x:438., y:58., size:31., angle:1.0408030700683594e+002,
       response:5.9457420138642192e-004, octave:0 }
   - { x:166., y:145., size:31., angle:1.8345349121093750e+002,
       response:7.8877550549805164e-004, octave:0 }
   - { x:280., y:204., size:31., angle:1.3207408142089844e+002,
       response:3.4073129063472152e-004, octave:0 }
   - { x:397., y:126., size:31., angle:5.9969924926757813e+001,
       response:4.7552058822475374e-004, octave:0 }
   - { x:419., y:97., size:31., angle:2.4417102050781250e+002,
       response:1.1871365131810308e-003, octave:0 }
   - { x:394., y:111., size:31., angle:2.4003070068359375e+002,
       response:3.8263847818598151e-004, octave:0 }
   - { x:301., y:269., size:31., angle:1.8633169555664062e+002,
       response:8.4729358786717057e-004, octave:0 }
   - { x:362., y:137., size:31., angle:2.2234367370605469e+002,
       response:7.2368298424407840e-004, octave:0 }
   - { x:278., y:281., size:31., angle:2.0191336059570312e+002,
       response:4.9254432087764144e-004, octave:0 }
   - { x:388., y:114., size:31., angle:2.2991896057128906e+002,
       response:8.2117569399997592e-004, octave:0 }
   - { x:296., y:162., size:31., angle:3.4329571533203125e+002,
       response:3.5894240136258304e-004, octave:0 }
   - { x:387., y:71., size:31., angle:1.1538203430175781e+002,
       response:5.4309086408466101e-004, octave:0 }
   - { x:413., y:115., size:31., angle:5.5985034942626953e+001,
       response:9.0629153419286013e-004, octave:0 }
   - { x:318., y:276., size:31., angle:2.7649145507812500e+002,
       response:3.3125351183116436e-004, octave:0 }
   - { x:291., y:165., size:31., angle:3.3996505737304687e+002,
       response:4.5908978790976107e-004, octave:0 }
   - { x:416., y:100., size:31., angle:2.4220594787597656e+002,
       response:1.0610850295051932e-003, octave:0 }
   - { x:270., y:275., size:31., angle:2.2642973327636719e+002,
       response:4.0090549737215042e-004, octave:0 }
   - { x:323., y:255., size:31., angle:8.7649250030517578e+000,
       response:4.3491873657330871e-004, octave:0 }
   - { x:329., y:177., size:31., angle:2.2756445312500000e+002,
       response:6.6018546931445599e-004, octave:0 }
   - { x:486., y:67., size:31., angle:1.9895545959472656e+002,
       response:2.6941995020024478e-004, octave:0 }
   - { x:476., y:64., size:31., angle:8.7873001098632812e+001,
       response:4.8656383296474814e-004, octave:0 }
   - { x:283., y:277., size:31., angle:2.8304394531250000e+002,
       response:4.5994104584679008e-004, octave:0 }
   - { x:217., y:177., size:31., angle:1.2161092376708984e+002,
       response:1.3486855896189809e-003, octave:0 }
   - { x:338., y:164., size:31., angle:3.2596325683593750e+002,
       response:3.2629424822516739e-004, octave:0 }
   - { x:293., y:164., size:31., angle:3.4133489990234375e+002,
       response:3.0469318153336644e-004, octave:0 }
   - { x:253., y:225., size:31., angle:1.7337560653686523e+001,
       response:3.3322215313091874e-004, octave:0 }
   - { x:326., y:254., size:31., angle:2.4174512863159180e+001,
       response:7.7769486233592033e-004, octave:0 }
   - { x:353., y:147., size:31., angle:2.0039132690429687e+002,
       response:9.5717457588762045e-004, octave:0 }
   - { x:230., y:168., size:31., angle:2.9325732421875000e+002,
       response:9.5076370052993298e-004, octave:0 }
   - { x:279., y:167., size:31., angle:2.9245355224609375e+002,
       response:8.0485391663387418e-004, octave:0 }
   - { x:285., y:166., size:31., angle:3.0185650634765625e+002,
       response:9.2822930309921503e-004, octave:0 }
   - { x:258., y:195., size:31., angle:1.0086161041259766e+002,
       response:4.1452149162068963e-004, octave:0 }
   - { x:192., y:139., size:31., angle:3.1382583618164062e+002,
       response:1.4269892126321793e-003, octave:0 }
   - { x:223., y:166., size:31., angle:2.8187689208984375e+002,
       response:5.1468907622620463e-004, octave:0 }
   - { x:341., y:165., size:31., angle:2.2554551696777344e+002,
       response:5.9629336465150118e-004, octave:0 }
   - { x:241., y:184., size:31., angle:9.6406723022460938e+001,
       response:2.7303237584419549e-004, octave:0 }
   - { x:318., y:298., size:31., angle:7.3144203186035156e+001,
       response:6.7110796226188540e-004, octave:0 }
   - { x:341., y:163., size:31., angle:2.3035003662109375e+002,
       response:7.7704002615064383e-004, octave:0 }
   - { x:286., y:741., size:31., angle:4.7529705047607422e+001,
       response:4.4866453390568495e-004, octave:0 }
   - { x:205., y:162., size:31., angle:2.5300613403320312e+002,
       response:7.2514562634751201e-004, octave:0 }
   - { x:284., y:161., size:31., angle:2.6982830810546875e+002,
       response:5.1428622100502253e-004, octave:0 }
   - { x:342., y:158., size:31., angle:2.2186346435546875e+002,
       response:5.5790657643228769e-004, octave:0 }
   - { x:391., y:113., size:31., angle:2.3249020385742187e+002,
       response:1.0316377738490701e-003, octave:0 }
   - { x:187., y:139., size:31., angle:2.7765417480468750e+002,
       response:7.8043370740488172e-004, octave:0 }
   - { x:226., y:219., size:31., angle:1.1809615325927734e+002,
       response:3.2560795079916716e-004, octave:0 }
   - { x:283., y:741., size:31., angle:8.7329345703125000e+001,
       response:4.0107266977429390e-004, octave:0 }
   - { x:333., y:251., size:31., angle:4.5183687210083008e+000,
       response:3.9158650906756520e-004, octave:0 }
   - { x:201., y:159., size:31., angle:2.4937350463867187e+002,
       response:4.0985841769725084e-004, octave:0 }
   - { x:300., y:259., size:31., angle:2.1556820678710937e+002,
       response:2.3537632077932358e-003, octave:0 }
   - { x:356., y:144., size:31., angle:1.9570381164550781e+002,
       response:9.0462865773588419e-004, octave:0 }
   - { x:494., y:70., size:31., angle:2.5072109699249268e+000,
       response:7.3559966403990984e-004, octave:0 }
   - { x:289., y:166., size:31., angle:3.3734970092773437e+002,
       response:5.6644465075805783e-004, octave:0 }
   - { x:199., y:161., size:31., angle:1.8192602539062500e+002,
       response:3.1952201970852911e-004, octave:0 }
   - { x:277., y:279., size:31., angle:2.4347164916992187e+002,
       response:6.6525430884212255e-004, octave:0 }
   - { x:295., y:159., size:31., angle:3.2735089111328125e+002,
       response:2.7092787786386907e-004, octave:0 }
   - { x:501., y:71., size:31., angle:3.4455878734588623e+000,
       response:3.4037164878100157e-003, octave:0 }
   - { x:402., y:106., size:31., angle:2.4378454589843750e+002,
       response:1.2001052964478731e-003, octave:0 }
   - { x:231., y:138., size:31., angle:2.8512252807617187e+002,
       response:2.6639443240128458e-004, octave:0 }
   - { x:361., y:90., size:31., angle:2.2411364746093750e+002,
       response:2.7750441222451627e-004, octave:0 }
   - { x:433., y:90., size:31., angle:2.5109793090820312e+002,
       response:4.8586184857413173e-004, octave:0 }
   - { x:378., y:138., size:31., angle:6.4556884765625000e+001,
       response:3.5447051050141454e-004, octave:0 }
   - { x:198., y:137., size:31., angle:3.5503359985351562e+002,
       response:4.5039624092169106e-004, octave:0 }
   - { x:178., y:147., size:31., angle:1.1714234924316406e+002,
       response:3.1764432787895203e-004, octave:0 }
   - { x:180., y:144., size:31., angle:1.3914743041992187e+002,
       response:5.8082700707018375e-004, octave:0 }
   - { x:209., y:136., size:31., angle:2.0270950317382812e+001,
