%YAML:1.0
KeyPoints:
   - { x:269., y:170., size:31., angle:3.2735922241210937e+002,
       response:2.6133102364838123e-003, octave:0 }
   - { x:128., y:85., size:31., angle:2.9898635864257813e+002,
       response:3.9104928146116436e-004, octave:0 }
   - { x:131., y:86., size:31., angle:3.0426184082031250e+002,
       response:2.4942983873188496e-004, octave:0 }
   - { x:414., y:375., size:31., angle:3.3006286621093750e+002,
       response:4.8945817979983985e-005, octave:0 }
   - { x:414., y:367., size:31., angle:3.4082507324218750e+002,
       response:3.3061769499909133e-005, octave:0 }
   - { x:177., y:388., size:31., angle:1.6327388000488281e+002,
       response:2.0315422443673015e-004, octave:0 }
   - { x:437., y:405., size:31., angle:3.2614657592773437e+002,
       response:6.0245482018217444e-005, octave:0 }
   - { x:201., y:126., size:31., angle:2.8033740234375000e+002,
       response:4.9905409105122089e-004, octave:0 }
   - { x:203., y:128., size:31., angle:2.8499203491210937e+002,
       response:4.5048649189993739e-004, octave:0 }
   - { x:208., y:131., size:31., angle:2.9870748901367187e+002,
       response:4.7979663941077888e-004, octave:0 }
   - { x:211., y:132., size:31., angle:3.0609259033203125e+002,
       response:1.0993077885359526e-003, octave:0 }
   - { x:418., y:370., size:31., angle:3.3450680541992187e+002,
       response:6.4644060330465436e-005, octave:0 }
   - { x:119., y:146., size:31., angle:2.1197946166992187e+002,
       response:4.3459102744236588e-004, octave:0 }
   - { x:117., y:148., size:31., angle:2.2308972167968750e+002,
       response:6.1601161723956466e-004, octave:0 }
   - { x:114., y:151., size:31., angle:2.3626713562011719e+002,
       response:1.6138152568601072e-004, octave:0 }
   - { x:105., y:153., size:31., angle:2.3025346374511719e+002,
       response:1.9819024601019919e-004, octave:0 }
   - { x:100., y:154., size:31., angle:2.1447741699218750e+002,
       response:2.3516314104199409e-004, octave:0 }
   - { x:364., y:641., size:31., angle:1.1834256744384766e+002,
       response:5.0890859711216763e-005, octave:0 }
   - { x:244., y:158., size:31., angle:2.9668884277343750e+002,
       response:2.3213546955958009e-004, octave:0 }
   - { x:301., y:252., size:31., angle:2.9549057006835937e+002,
       response:2.1716718038078398e-004, octave:0 }
   - { x:242., y:159., size:31., angle:2.9833496093750000e+002,
       response:1.2182156933704391e-004, octave:0 }
   - { x:337., y:631., size:31., angle:1.1727590179443359e+002,
       response:3.2387630199082196e-005, octave:0 }
   - { x:245., y:162., size:31., angle:2.9322210693359375e+002,
       response:7.6590360549744219e-005, octave:0 }
   - { x:99., y:163., size:31., angle:1.6542945861816406e+002,
       response:4.1278896969743073e-004, octave:0 }
   - { x:101., y:165., size:31., angle:1.5586387634277344e+002,
       response:1.1710716644302011e-003, octave:0 }
   - { x:344., y:269., size:31., angle:2.9762164306640625e+002,
       response:6.9270907260943204e-005, octave:0 }
   - { x:353., y:626., size:31., angle:1.2515589904785156e+002,
       response:2.5457013180130161e-005, octave:0 }
   - { x:268., y:177., size:31., angle:3.2961907958984375e+002,
       response:2.3499482776969671e-003, octave:0 }
   - { x:314., y:611., size:31., angle:1.1415348815917969e+002,
       response:1.5294532931875437e-004, octave:0 }
   - { x:278., y:186., size:31., angle:3.3038662719726562e+002,
       response:4.2406663851579651e-005, octave:0 }
   - { x:298., y:603., size:31., angle:1.2310916137695312e+002,
       response:2.4400416805292480e-005, octave:0 }
   - { x:283., y:190., size:31., angle:3.5498007202148437e+002,
       response:3.8739822339266539e-003, octave:0 }
   - { x:281., y:193., size:31., angle:6.9662384986877441e+000,
       response:9.9953045719303191e-005, octave:0 }
   - { x:270., y:211., size:31., angle:6.3265579938888550e-001,
       response:2.7956112753599882e-003, octave:0 }
   - { x:279., y:599., size:31., angle:1.1320233154296875e+002,
       response:1.2533318658825010e-004, octave:0 }
   - { x:285., y:598., size:31., angle:1.2165393066406250e+002,
       response:9.5902687462512404e-005, octave:0 }
   - { x:307., y:245., size:31., angle:2.8569219970703125e+002,
       response:2.9954559067846276e-005, octave:0 }
   - { x:310., y:250., size:31., angle:2.8545440673828125e+002,
       response:1.1458235530881211e-004, octave:0 }
   - { x:276., y:598., size:31., angle:1.1063642883300781e+002,
       response:6.7423650762066245e-005, octave:0 }
   - { x:302., y:254., size:31., angle:2.9157876586914062e+002,
       response:2.8608660795725882e-004, octave:0 }
   - { x:304., y:255., size:31., angle:2.8786215209960937e+002,
       response:2.4128633958753198e-004, octave:0 }
   - { x:314., y:255., size:31., angle:2.9336395263671875e+002,
       response:2.6380011695437133e-004, octave:0 }
   - { x:337., y:260., size:31., angle:2.7581307983398437e+002,
       response:1.0246958117932081e-004, octave:0 }
   - { x:327., y:262., size:31., angle:2.9639242553710937e+002,
       response:4.3507174268597737e-005, octave:0 }
   - { x:283., y:595., size:31., angle:1.1657551574707031e+002,
       response:1.4432951866183430e-004, octave:0 }
   - { x:340., y:264., size:31., angle:2.8183596801757812e+002,
       response:2.0022039825562388e-004, octave:0 }
   - { x:329., y:266., size:31., angle:2.8970153808593750e+002,
       response:1.1225313937757164e-004, octave:0 }
   - { x:276., y:594., size:31., angle:1.1294509124755859e+002,
       response:1.8427187751512975e-004, octave:0 }
   - { x:157., y:269., size:31., angle:1.7107168579101562e+002,
       response:2.4920240321080200e-005, octave:0 }
   - { x:221., y:518., size:31., angle:1.6997221374511719e+002,
       response:1.3278482947498560e-004, octave:0 }
   - { x:431., y:399., size:31., angle:3.2595938110351562e+002,
       response:4.1170558688463643e-005, octave:0 }
   - { x:219., y:516., size:31., angle:1.7353625488281250e+002,
       response:1.9324179447721690e-004, octave:0 }
   - { x:218., y:508., size:31., angle:1.6945068359375000e+002,
       response:1.4395601465366781e-004, octave:0 }
   - { x:187., y:456., size:31., angle:1.6789283752441406e+002,
       response:1.0205403668805957e-004, octave:0 }
   - { x:184., y:452., size:31., angle:1.7553153991699219e+002,
       response:7.0040507125668228e-005, octave:0 }
   - { x:462., y:440., size:31., angle:3.5329000854492187e+002,
       response:3.2850381103344262e-005, octave:0 }
   - { x:186., y:440., size:31., angle:1.7594361877441406e+002,
       response:2.4217390091507696e-005, octave:0 }
   - { x:181., y:435., size:31., angle:1.6406369018554687e+002,
       response:3.0942952434998006e-005, octave:0 }
   - { x:168., y:311., size:31., angle:1.6633746337890625e+002,
       response:3.5988301533507183e-005, octave:0 }
   - { x:419., y:385., size:31., angle:3.2038931274414062e+002,
       response:2.5754614398465492e-005, octave:0 }
   - { x:310., y:603., size:31., angle:1.0144438934326172e+002,
       response:4.3646497942972928e-005, octave:0 }
   - { x:181., y:423., size:31., angle:1.5266847229003906e+002,
       response:4.1288523789262399e-005, octave:0 }
   - { x:168., y:415., size:31., angle:1.5036236572265625e+002,
       response:6.0251484683249146e-005, octave:0 }
   - { x:169., y:408., size:31., angle:1.7787597656250000e+002,
       response:3.0800740205449983e-005, octave:0 }
   - { x:180., y:385., size:31., angle:1.5772767639160156e+002,
       response:6.7295877670403570e-005, octave:0 }
   - { x:411., y:358., size:31., angle:3.4033587646484375e+002,
       response:2.2047218226362020e-004, octave:0 }
   - { x:415., y:361., size:31., angle:3.4173080444335937e+002,
       response:2.0412287267390639e-004, octave:0 }
   - { x:428., y:384., size:31., angle:3.1959252929687500e+002,
       response:6.5525891841389239e-005, octave:0 }
   - { x:171., y:381., size:31., angle:1.4750233459472656e+002,
