%YAML:1.0
KeyPoints:
   - { x:373., y:252., size:31., angle:7.4003577232360840e+000,
       response:2.2278693504631519e-003, octave:0 }
   - { x:195., y:225., size:31., angle:1.0967794036865234e+002,
       response:6.5712473588064313e-004, octave:0 }
   - { x:341., y:195., size:31., angle:1.8724447631835937e+002,
       response:2.2436045110225677e-003, octave:0 }
   - { x:218., y:208., size:31., angle:2.6414398193359375e+002,
       response:1.6104284441098571e-003, octave:0 }
   - { x:322., y:469., size:31., angle:2.6727877807617187e+002,
       response:2.5604125112295151e-003, octave:0 }
   - { x:301., y:482., size:31., angle:2.6272747802734375e+002,
       response:1.2297816574573517e-003, octave:0 }
   - { x:139., y:478., size:31., angle:1.5760507202148437e+002,
       response:6.9775519659742713e-004, octave:0 }
   - { x:314., y:361., size:31., angle:3.4900506591796875e+002,
       response:2.4971519596874714e-003, octave:0 }
   - { x:142., y:537., size:31., angle:2.1111036682128906e+002,
       response:6.5918714972212911e-004, octave:0 }
   - { x:321., y:467., size:31., angle:2.7624017333984375e+002,
       response:3.9672870188951492e-003, octave:0 }
   - { x:243., y:294., size:31., angle:3.5824545288085937e+002,
       response:1.0332557139918208e-003, octave:0 }
   - { x:182., y:522., size:31., angle:5.4029953002929687e+001,
       response:1.6692630015313625e-003, octave:0 }
   - { x:157., y:497., size:31., angle:1.2844738769531250e+002,
       response:9.8484416957944632e-004, octave:0 }
   - { x:315., y:364., size:31., angle:1.9288258552551270e+000,
       response:3.8946343120187521e-003, octave:0 }
   - { x:423., y:521., size:31., angle:6.1435539245605469e+001,
       response:1.7992856446653605e-003, octave:0 }
   - { x:297., y:684., size:31., angle:8.6221534729003906e+001,
       response:1.3985597761347890e-003, octave:0 }
   - { x:335., y:535., size:31., angle:1.7917311096191406e+002,
       response:1.7310421681031585e-003, octave:0 }
   - { x:175., y:509., size:31., angle:2.6014541625976562e+002,
       response:1.8198257312178612e-003, octave:0 }
   - { x:232., y:81., size:31., angle:2.3864302062988281e+002,
       response:6.3723698258399963e-004, octave:0 }
   - { x:306., y:684., size:31., angle:8.8041595458984375e+001,
       response:1.4561015414074063e-003, octave:0 }
   - { x:263., y:535., size:31., angle:2.5496636962890625e+002,
       response:2.3654769174754620e-003, octave:0 }
   - { x:333., y:521., size:31., angle:1.9326495361328125e+002,
       response:2.0877753850072622e-003, octave:0 }
   - { x:444., y:495., size:31., angle:8.6792558431625366e-001,
       response:1.7515767831355333e-003, octave:0 }
   - { x:166., y:596., size:31., angle:1.4077224731445312e+002,
       response:1.3642257545143366e-003, octave:0 }
   - { x:377., y:84., size:31., angle:3.1282495117187500e+002,
       response:6.9188384804874659e-004, octave:0 }
   - { x:319., y:434., size:31., angle:3.0386706542968750e+002,
       response:2.2679655812680721e-003, octave:0 }
   - { x:293., y:494., size:31., angle:9.9722122192382812e+001,
       response:9.8540878389030695e-004, octave:0 }
   - { x:130., y:550., size:31., angle:2.2636627197265625e+002,
       response:6.3638482242822647e-004, octave:0 }
   - { x:431., y:494., size:31., angle:3.0022070312500000e+002,
       response:2.2821342572569847e-003, octave:0 }
   - { x:316., y:284., size:31., angle:2.7805087280273437e+002,
       response:1.6497690230607986e-003, octave:0 }
   - { x:232., y:282., size:31., angle:7.9058479309082031e+001,
       response:2.0244920160621405e-003, octave:0 }
   - { x:343., y:495., size:31., angle:9.6023338317871094e+001,
       response:1.0441353078931570e-003, octave:0 }
   - { x:321., y:465., size:31., angle:2.8339019775390625e+002,
       response:2.2223829291760921e-003, octave:0 }
   - { x:322., y:235., size:31., angle:1.7456050109863281e+002,
       response:1.1237139115110040e-003, octave:0 }
   - { x:235., y:228., size:31., angle:3.3390777587890625e+002,
       response:1.1245006462559104e-003, octave:0 }
   - { x:189., y:553., size:31., angle:2.0270428466796875e+002,
       response:1.4797523617744446e-003, octave:0 }
   - { x:224., y:431., size:31., angle:2.8273580932617188e+002,
       response:1.8319416558369994e-003, octave:0 }
   - { x:386., y:622., size:31., angle:4.7089160919189453e+001,
       response:7.6515978435054421e-004, octave:0 }
   - { x:317., y:399., size:31., angle:3.4617367553710937e+002,
       response:3.6282544024288654e-003, octave:0 }
   - { x:351., y:624., size:31., angle:3.2287696838378906e+001,
       response:7.9915346577763557e-004, octave:0 }
   - { x:320., y:215., size:31., angle:7.0934844970703125e+001,
       response:1.1357511393725872e-003, octave:0 }
   - { x:242., y:637., size:31., angle:1.4265219116210937e+002,
       response:1.1876528151333332e-003, octave:0 }
   - { x:203., y:701., size:31., angle:2.7689318847656250e+002,
       response:1.4450887683779001e-003, octave:0 }
   - { x:237., y:305., size:31., angle:2.7342779541015625e+002,
       response:1.8125378992408514e-003, octave:0 }
   - { x:386., y:261., size:31., angle:3.5998050689697266e+001,
       response:7.5125967850908637e-004, octave:0 }
   - { x:333., y:668., size:31., angle:2.6519430541992187e+002,
       response:9.4294414157047868e-004, octave:0 }
   - { x:379., y:267., size:31., angle:2.5790822982788086e+001,
       response:6.5595773048698902e-004, octave:0 }
   - { x:381., y:738., size:31., angle:6.8673553466796875e+001,
       response:6.7313562612980604e-004, octave:0 }
   - { x:233., y:591., size:31., angle:2.5351455688476562e+002,
       response:1.9742357544600964e-003, octave:0 }
   - { x:233., y:419., size:31., angle:2.7815069580078125e+002,
       response:1.2170772533863783e-003, octave:0 }
   - { x:266., y:223., size:31., angle:7.3060905456542969e+001,
       response:9.0737384743988514e-004, octave:0 }
   - { x:339., y:672., size:31., angle:3.0439804077148437e+002,
       response:8.4546708967536688e-004, octave:0 }
   - { x:210., y:641., size:31., angle:1.1340782165527344e+002,
       response:1.0766678024083376e-003, octave:0 }
   - { x:434., y:641., size:31., angle:1.7982066345214844e+002,
       response:9.3082542298361659e-004, octave:0 }
   - { x:302., y:668., size:31., angle:2.7858306884765625e+002,
       response:1.2394181685522199e-003, octave:0 }
   - { x:242., y:220., size:31., angle:3.0002630615234375e+002,
       response:1.2079393491148949e-003, octave:0 }
   - { x:328., y:242., size:31., angle:9.3032989501953125e+001,
       response:7.9398805974051356e-004, octave:0 }
   - { x:384., y:717., size:31., angle:2.5148124694824219e+002,
       response:9.8818482365459204e-004, octave:0 }
   - { x:225., y:250., size:31., angle:1.9733087158203125e+002,
       response:2.6272889226675034e-003, octave:0 }
   - { x:302., y:311., size:31., angle:7.4081893920898438e+001,
       response:7.8259385190904140e-004, octave:0 }
   - { x:290., y:219., size:31., angle:8.9189659118652344e+001,
       response:1.2952418765053153e-003, octave:0 }
   - { x:295., y:658., size:31., angle:2.6591784667968750e+002,
       response:2.2293422371149063e-003, octave:0 }
   - { x:453., y:587., size:31., angle:2.3579661560058594e+002,
       response:8.0571265425533056e-004, octave:0 }
   - { x:275., y:215., size:31., angle:7.7098876953125000e+001,
       response:8.0288317985832691e-004, octave:0 }
   - { x:404., y:415., size:31., angle:2.7273406982421875e+002,
       response:8.2875700900331140e-004, octave:0 }
   - { x:178., y:398., size:31., angle:2.8048175048828125e+002,
       response:1.4477185904979706e-003, octave:0 }
   - { x:239., y:420., size:31., angle:3.1555999755859375e+002,
       response:1.3180532259866595e-003, octave:0 }
   - { x:248., y:238., size:31., angle:8.1536315917968750e+001,
       response:8.7408343097195029e-004, octave:0 }
   - { x:254., y:248., size:31., angle:1.6422370910644531e+002,
