%YAML:1.0
KeyPoints:
   - { x:319., y:399., size:31., angle:1.2632884216308594e+002,
       response:1.0399655438959599e-002, octave:0 }
   - { x:395., y:519., size:31., angle:2.3544741821289062e+002,
       response:3.2058188226073980e-003, octave:0 }
   - { x:155., y:496., size:31., angle:1.2564122009277344e+002,
       response:8.6808577179908752e-003, octave:0 }
   - { x:218., y:398., size:31., angle:2.3759700012207031e+002,
       response:8.9398724958300591e-003, octave:0 }
   - { x:300., y:610., size:31., angle:8.7449272155761719e+001,
       response:9.4248922541737556e-003, octave:0 }
   - { x:376., y:591., size:31., angle:6.6852752685546875e+001,
       response:8.7524298578500748e-003, octave:0 }
   - { x:234., y:560., size:31., angle:3.0411950683593750e+002,
       response:8.3206724375486374e-003, octave:0 }
   - { x:311., y:380., size:31., angle:1.8705363464355469e+002,
       response:5.0657470710575581e-003, octave:0 }
   - { x:288., y:380., size:31., angle:3.5284136962890625e+002,
       response:5.2457265555858612e-003, octave:0 }
   - { x:301., y:506., size:31., angle:9.2536949157714844e+001,
       response:2.8370881918817759e-003, octave:0 }
   - { x:223., y:591., size:31., angle:1.1314459228515625e+002,
       response:8.8641345500946045e-003, octave:0 }
   - { x:410., y:529., size:31., angle:1.2149455261230469e+002,
       response:5.2470196969807148e-003, octave:0 }
   - { x:398., y:521., size:31., angle:2.3364770507812500e+002,
       response:4.5349188148975372e-003, octave:0 }
   - { x:257., y:426., size:31., angle:1.2985707092285156e+002,
       response:6.5387054346501827e-003, octave:0 }
   - { x:342., y:426., size:31., angle:5.0237129211425781e+001,
       response:6.2618847005069256e-003, octave:0 }
   - { x:389., y:525., size:31., angle:2.2333135986328125e+002,
       response:2.8783718589693308e-003, octave:0 }
   - { x:384., y:414., size:31., angle:3.0114065170288086e+001,
       response:8.1541193649172783e-003, octave:0 }
   - { x:171., y:470., size:31., angle:3.2662347412109375e+002,
       response:7.6364851556718349e-003, octave:0 }
   - { x:428., y:470., size:31., angle:2.1335260009765625e+002,
       response:7.6456107199192047e-003, octave:0 }
   - { x:215., y:414., size:31., angle:1.5006100463867187e+002,
       response:7.7424342744052410e-003, octave:0 }
   - { x:190., y:511., size:31., angle:3.1563113403320312e+002,
       response:7.8288968652486801e-003, octave:0 }
   - { x:339., y:405., size:31., angle:2.9487817382812500e+002,
       response:7.7224611304700375e-003, octave:0 }
   - { x:261., y:562., size:31., angle:3.1747875976562500e+002,
       response:3.3799989614635706e-003, octave:0 }
   - { x:269., y:562., size:31., angle:2.6684002685546875e+002,
       response:2.9212883673608303e-003, octave:0 }
   - { x:384., y:536., size:31., angle:2.7140170288085937e+002,
       response:3.2163136638700962e-003, octave:0 }
   - { x:260., y:405., size:31., angle:2.4519409179687500e+002,
       response:7.8791230916976929e-003, octave:0 }
   - { x:402., y:517., size:31., angle:2.3770167541503906e+002,
       response:3.0817254446446896e-003, octave:0 }
   - { x:389., y:519., size:31., angle:2.3373580932617187e+002,
       response:2.9078836087137461e-003, octave:0 }
   - { x:297., y:519., size:31., angle:1.1406743621826172e+002,
       response:3.2847910188138485e-003, octave:0 }
   - { x:330., y:331., size:31., angle:2.0628611755371094e+002,
       response:8.0139907076954842e-003, octave:0 }
   - { x:269., y:331., size:31., angle:3.3365017700195312e+002,
       response:7.9377898946404457e-003, octave:0 }
   - { x:379., y:320., size:31., angle:3.1289788818359375e+002,
       response:9.3278503045439720e-003, octave:0 }
   - { x:405., y:517., size:31., angle:2.2995649719238281e+002,
       response:5.1174368709325790e-003, octave:0 }
   - { x:381., y:536., size:31., angle:2.4122332763671875e+002,
       response:5.5763106793165207e-003, octave:0 }
   - { x:394., y:516., size:31., angle:2.4083799743652344e+002,
       response:2.9875705949962139e-003, octave:0 }
   - { x:173., y:537., size:31., angle:1.2490956878662109e+002,
       response:9.3809822574257851e-003, octave:0 }
   - { x:373., y:537., size:31., angle:2.2160841369628906e+002,
       response:3.0982382595539093e-003, octave:0 }
   - { x:407., y:515., size:31., angle:2.2268614196777344e+002,
       response:3.6416260991245508e-003, octave:0 }
   - { x:280., y:399., size:31., angle:5.3854804992675781e+001,
       response:1.0092521086335182e-002, octave:0 }
   - { x:381., y:398., size:31., angle:3.0219247436523437e+002,
       response:8.9911576360464096e-003, octave:0 }
   - { x:169., y:493., size:31., angle:1.1477494049072266e+002,
       response:3.4600731451064348e-003, octave:0 }
   - { x:221., y:319., size:31., angle:2.3415617370605469e+002,
       response:8.9647620916366577e-003, octave:0 }
   - { x:403., y:519., size:31., angle:2.3080935668945312e+002,
       response:2.7736390475183725e-003, octave:0 }
   - { x:297., y:511., size:31., angle:1.1120334625244141e+002,
       response:2.7037602849304676e-003, octave:0 }
   - { x:314., y:400., size:31., angle:1.2902104187011719e+002,
       response:1.5200771158561110e-003, octave:0 }
   - { x:384., y:538., size:31., angle:3.2389071655273437e+002,
       response:2.6030088774859905e-003, octave:0 }
   - { x:304., y:515., size:31., angle:7.2872962951660156e+001,
       response:1.7664324259385467e-003, octave:0 }
   - { x:285., y:400., size:31., angle:5.1103179931640625e+001,
       response:1.6324194148182869e-003, octave:0 }
   - { x:380., y:531., size:31., angle:2.2160748291015625e+002,
       response:2.1050567738711834e-003, octave:0 }
   - { x:403., y:530., size:31., angle:9.6521690368652344e+001,
       response:1.5316356439143419e-003, octave:0 }
   - { x:392., y:531., size:31., angle:7.4666633605957031e+001,
       response:2.3109416943043470e-003, octave:0 }
   - { x:276., y:560., size:31., angle:2.8339801025390625e+002,
       response:1.5122846234589815e-003, octave:0 }
   - { x:312., y:399., size:31., angle:1.3179734802246094e+002,
       response:2.5397501885890961e-003, octave:0 }
   - { x:263., y:564., size:31., angle:3.4462051391601563e+001,
       response:1.9587348215281963e-003, octave:0 }
   - { x:394., y:532., size:31., angle:6.4773750305175781e+001,
       response:1.7520413966849446e-003, octave:0 }
   - { x:294., y:519., size:31., angle:1.2837796020507812e+002,
       response:1.9623730331659317e-003, octave:0 }
   - { x:414., y:532., size:31., angle:1.1064516448974609e+002,
       response:1.6940003260970116e-003, octave:0 }
   - { x:376., y:534., size:31., angle:2.2463777160644531e+002,
       response:1.6876864247024059e-003, octave:0 }
   - { x:293., y:511., size:31., angle:1.2381432342529297e+002,
       response:2.6791288983076811e-003, octave:0 }
   - { x:379., y:534., size:31., angle:2.2783218383789062e+002,
       response:2.5141611695289612e-003, octave:0 }
   - { x:287., y:399., size:31., angle:4.8372360229492188e+001,
       response:2.5138792116194963e-003, octave:0 }
   - { x:257., y:564., size:31., angle:1.6696796417236328e+001,
       response:2.4026280734688044e-003, octave:0 }
   - { x:411., y:515., size:31., angle:2.0774967956542969e+002,
       response:1.6778090503066778e-003, octave:0 }
   - { x:400., y:530., size:31., angle:7.3377655029296875e+001,
       response:1.8154842546209693e-003, octave:0 }
   - { x:263., y:553., size:31., angle:2.8221203613281250e+002,
       response:2.7523527387529612e-003, octave:0 }
   - { x:280., y:561., size:31., angle:2.8988751220703125e+002,
       response:2.2872046101838350e-003, octave:0 }
   - { x:266., y:561., size:31., angle:2.8097708129882812e+002,
       response:2.7456225361675024e-003, octave:0 }
   - { x:379., y:529., size:31., angle:2.1625674438476562e+002,
       response:2.5520748458802700e-003, octave:0 }
   - { x:290., y:507., size:31., angle:1.2107929992675781e+002,
