%YAML:1.0
KeyPoints:
   - { x:289., y:347., size:31., angle:2.6235864257812500e+002,
       response:4.2442781850695610e-003, octave:0 }
   - { x:350., y:492., size:31., angle:2.3302389526367187e+002,
       response:1.6642090631648898e-003, octave:0 }
   - { x:198., y:268., size:31., angle:7.1885238647460938e+001,
       response:1.9556917250156403e-003, octave:0 }
   - { x:366., y:518., size:31., angle:1.0958811044692993e+000,
       response:1.7341200727969408e-003, octave:0 }
   - { x:261., y:252., size:31., angle:3.5895099639892578e+001,
       response:1.9147485727444291e-003, octave:0 }
   - { x:369., y:248., size:31., angle:2.8405667114257812e+002,
       response:4.7535682097077370e-003, octave:0 }
   - { x:298., y:319., size:31., angle:3.0398181152343750e+002,
       response:2.6479279622435570e-003, octave:0 }
   - { x:332., y:150., size:31., angle:2.5301382446289062e+002,
       response:3.3821093384176493e-003, octave:0 }
   - { x:213., y:451., size:31., angle:1.1868594360351562e+002,
       response:3.2717147842049599e-003, octave:0 }
   - { x:377., y:281., size:31., angle:2.8868181228637695e+001,
       response:1.7455449560657144e-003, octave:0 }
   - { x:224., y:452., size:31., angle:1.5975072860717773e+001,
       response:2.9550702311098576e-003, octave:0 }
   - { x:332., y:152., size:31., angle:2.4635298156738281e+002,
       response:3.6981874145567417e-003, octave:0 }
   - { x:369., y:332., size:31., angle:3.1302566528320312e+002,
       response:3.6280341446399689e-003, octave:0 }
   - { x:358., y:269., size:31., angle:1.9595791625976562e+002,
       response:2.0764770451933146e-003, octave:0 }
   - { x:303., y:581., size:31., angle:2.3304742431640625e+002,
       response:2.5000812020152807e-003, octave:0 }
   - { x:345., y:156., size:31., angle:2.1890164184570312e+002,
       response:1.7629250651225448e-003, octave:0 }
   - { x:347., y:156., size:31., angle:1.9641329956054687e+002,
       response:3.1347742769867182e-003, octave:0 }
   - { x:213., y:498., size:31., angle:1.0540677642822266e+002,
       response:1.5793786151334643e-003, octave:0 }
   - { x:177., y:394., size:31., angle:2.5104953002929687e+002,
       response:2.1200061310082674e-003, octave:0 }
   - { x:281., y:326., size:31., angle:6.6782409667968750e+001,
       response:2.6427332777529955e-003, octave:0 }
   - { x:332., y:157., size:31., angle:1.9446682739257812e+002,
       response:1.7685373313724995e-003, octave:0 }
   - { x:476., y:388., size:31., angle:1.9306164550781250e+002,
       response:1.6030978877097368e-003, octave:0 }
   - { x:452., y:364., size:31., angle:6.4367019653320312e+001,
       response:2.5958197657018900e-003, octave:0 }
   - { x:437., y:548., size:31., angle:1.1442383575439453e+002,
       response:3.1520973425358534e-003, octave:0 }
   - { x:339., y:160., size:31., angle:1.1487850189208984e+002,
       response:2.6426566764712334e-003, octave:0 }
   - { x:290., y:325., size:31., angle:1.0191694641113281e+002,
       response:1.7403247766196728e-003, octave:0 }
   - { x:476., y:496., size:31., angle:2.0268099975585937e+002,
       response:2.0999873522669077e-003, octave:0 }
   - { x:364., y:252., size:31., angle:2.2954866027832031e+002,
       response:2.7221273630857468e-003, octave:0 }
   - { x:370., y:267., size:31., angle:3.0040933227539062e+002,
       response:1.5616221353411674e-003, octave:0 }
   - { x:302., y:585., size:31., angle:2.1520837402343750e+002,
       response:1.6117142513394356e-003, octave:0 }
   - { x:300., y:585., size:31., angle:2.0889965820312500e+002,
       response:1.7242450267076492e-003, octave:0 }
   - { x:365., y:520., size:31., angle:2.8880114746093750e+002,
       response:1.9277553074061871e-003, octave:0 }
   - { x:193., y:533., size:31., angle:1.4632917785644531e+002,
       response:1.7739281756803393e-003, octave:0 }
   - { x:370., y:167., size:31., angle:4.4451813697814941e+000,
       response:2.0781278144568205e-003, octave:0 }
   - { x:350., y:501., size:31., angle:1.8078530883789063e+002,
       response:3.2974341884255409e-003, octave:0 }
   - { x:166., y:336., size:31., angle:2.2117486572265625e+002,
       response:1.6719109844416380e-003, octave:0 }
   - { x:476., y:498., size:31., angle:1.9362011718750000e+002,
       response:2.8199569787830114e-003, octave:0 }
   - { x:211., y:259., size:31., angle:3.5939138793945312e+002,
       response:3.1552114523947239e-003, octave:0 }
   - { x:197., y:242., size:31., angle:2.6147784423828125e+002,
       response:3.7318498361855745e-003, octave:0 }
   - { x:170., y:355., size:31., angle:1.3220889282226562e+002,
       response:1.6981824301183224e-003, octave:0 }
   - { x:242., y:527., size:31., angle:3.5087313842773437e+002,
       response:1.9370915833860636e-003, octave:0 }
   - { x:186., y:350., size:31., angle:6.0761405944824219e+001,
       response:1.5756321372464299e-003, octave:0 }
   - { x:213., y:496., size:31., angle:1.1842478942871094e+002,
       response:1.7912891926243901e-003, octave:0 }
   - { x:435., y:542., size:31., angle:1.1601821899414062e+002,
       response:1.6495268791913986e-003, octave:0 }
   - { x:372., y:264., size:31., angle:3.1126522827148437e+002,
       response:2.4560815654695034e-003, octave:0 }
   - { x:239., y:530., size:31., angle:2.2429347991943359e+001,
       response:2.9415220487862825e-003, octave:0 }
   - { x:422., y:397., size:31., angle:2.7340997314453125e+002,
       response:1.9925637170672417e-003, octave:0 }
   - { x:281., y:348., size:31., angle:2.8729058837890625e+002,
       response:6.4188288524746895e-003, octave:0 }
   - { x:202., y:341., size:31., angle:4.9139099121093750e+001,
       response:2.6212241500616074e-003, octave:0 }
   - { x:330., y:538., size:31., angle:1.2399057006835937e+002,
       response:1.6052180435508490e-003, octave:0 }
   - { x:311., y:364., size:31., angle:3.5169609069824219e+001,
       response:1.5725654084235430e-003, octave:0 }
   - { x:280., y:292., size:31., angle:1.0209825897216797e+002,
       response:1.9770907238125801e-003, octave:0 }
   - { x:297., y:347., size:31., angle:2.4625802612304687e+002,
       response:4.1993544436991215e-003, octave:0 }
   - { x:368., y:253., size:31., angle:2.7193218994140625e+002,
       response:3.8448458071798086e-003, octave:0 }
   - { x:363., y:267., size:31., angle:2.2117662048339844e+002,
       response:3.5624259617179632e-003, octave:0 }
   - { x:272., y:347., size:31., angle:2.6718533325195312e+002,
       response:3.9193527773022652e-003, octave:0 }
   - { x:359., y:491., size:31., angle:2.6084393310546875e+002,
       response:1.7430590232834220e-003, octave:0 }
   - { x:227., y:530., size:31., angle:6.7569374084472656e+001,
       response:1.8014092929661274e-003, octave:0 }
   - { x:207., y:305., size:31., angle:2.4225646972656250e+002,
       response:1.7110902117565274e-003, octave:0 }
   - { x:203., y:497., size:31., angle:2.2473672866821289e+001,
       response:1.7644774634391069e-003, octave:0 }
   - { x:368., y:246., size:31., angle:2.7381274414062500e+002,
       response:4.4000982306897640e-003, octave:0 }
   - { x:173., y:343., size:31., angle:1.9936883544921875e+002,
       response:2.6251769158989191e-003, octave:0 }
   - { x:187., y:263., size:31., angle:1.7450625610351562e+002,
       response:2.2546085529029369e-003, octave:0 }
   - { x:435., y:535., size:31., angle:1.4838316345214844e+002,
       response:3.0985770281404257e-003, octave:0 }
   - { x:429., y:535., size:31., angle:1.6768013000488281e+002,
       response:1.7295760335400701e-003, octave:0 }
   - { x:463., y:529., size:31., angle:2.4541491699218750e+002,
       response:1.8511887174099684e-003, octave:0 }
   - { x:197., y:248., size:31., angle:2.5523037719726562e+002,
       response:3.8372962735593319e-003, octave:0 }
   - { x:290., y:292., size:31., angle:5.8059680938720703e+001,
       response:2.3700941819697618e-003, octave:0 }
   - { x:354., y:447., size:31., angle:2.7465539550781250e+002,
