%YAML:1.0
KeyPoints:
   - { x:357., y:754., size:31., angle:8.9840179443359375e+001,
       response:6.1971577815711498e-003, octave:0 }
   - { x:156., y:39., size:31., angle:2.6111734008789063e+002,
       response:5.3161983378231525e-003, octave:0 }
   - { x:159., y:724., size:31., angle:9.6684974670410156e+001,
       response:7.1673062629997730e-003, octave:0 }
   - { x:383., y:597., size:31., angle:3.1243859863281250e+002,
       response:5.6621343828737736e-003, octave:0 }
   - { x:471., y:134., size:31., angle:3.3489404296875000e+002,
       response:5.3490982390940189e-003, octave:0 }
   - { x:202., y:602., size:31., angle:2.5737884521484375e+002,
       response:6.3695502467453480e-003, octave:0 }
   - { x:405., y:559., size:31., angle:7.3940826416015625e+001,
       response:4.9790781922638416e-003, octave:0 }
   - { x:86., y:651., size:31., angle:1.4823875427246094e+002,
       response:5.1884674467146397e-003, octave:0 }
   - { x:325., y:694., size:31., angle:1.9139022827148437e+002,
       response:7.0933992974460125e-003, octave:0 }
   - { x:505., y:650., size:31., angle:3.7757286071777344e+001,
       response:6.3426406122744083e-003, octave:0 }
   - { x:201., y:45., size:31., angle:2.6278149414062500e+002,
       response:6.3759349286556244e-003, octave:0 }
   - { x:57., y:96., size:31., angle:2.6291052246093750e+002,
       response:5.1439087837934494e-003, octave:0 }
   - { x:174., y:220., size:31., angle:2.0514566040039062e+002,
       response:5.5882940068840981e-003, octave:0 }
   - { x:393., y:75., size:31., angle:2.9941329956054687e+002,
       response:4.9484521150588989e-003, octave:0 }
   - { x:59., y:608., size:31., angle:1.3906835937500000e+002,
       response:5.4276725277304649e-003, octave:0 }
   - { x:236., y:688., size:31., angle:2.8030132293701172e+001,
       response:6.5379808656871319e-003, octave:0 }
   - { x:527., y:614., size:31., angle:8.6532173156738281e+001,
       response:7.0383585989475250e-003, octave:0 }
   - { x:266., y:273., size:31., angle:1.6951821899414062e+002,
       response:5.4371347650885582e-003, octave:0 }
   - { x:314., y:760., size:31., angle:6.5447502136230469e+001,
       response:6.7588184028863907e-003, octave:0 }
   - { x:278., y:98., size:31., angle:2.6476907348632812e+002,
       response:5.0270939245820045e-003, octave:0 }
   - { x:338., y:129., size:31., angle:1.3717092895507812e+002,
       response:6.8656941875815392e-003, octave:0 }
   - { x:338., y:117., size:31., angle:2.2889346313476562e+002,
       response:5.6014987640082836e-003, octave:0 }
   - { x:184., y:618., size:31., angle:1.5730186462402344e+002,
       response:6.7264633253216743e-003, octave:0 }
   - { x:360., y:235., size:31., angle:3.3973443603515625e+002,
       response:5.6525948457419872e-003, octave:0 }
   - { x:74., y:633., size:31., angle:1.4943331909179687e+002,
       response:5.9634507633745670e-003, octave:0 }
   - { x:264., y:715., size:31., angle:3.0709353637695312e+002,
       response:5.2538169547915459e-003, octave:0 }
   - { x:64., y:121., size:31., angle:4.5017902374267578e+001,
       response:4.9985535442829132e-003, octave:0 }
   - { x:379., y:744., size:31., angle:8.9383415222167969e+001,
       response:5.9111416339874268e-003, octave:0 }
   - { x:328., y:270., size:31., angle:2.8464431762695312e+002,
       response:5.0932504236698151e-003, octave:0 }
   - { x:326., y:270., size:31., angle:2.8455044555664062e+002,
       response:5.5882427841424942e-003, octave:0 }
   - { x:383., y:665., size:31., angle:1.5589765930175781e+002,
       response:5.8642686344683170e-003, octave:0 }
   - { x:102., y:235., size:31., angle:2.0085771179199219e+002,
       response:5.2626249380409718e-003, octave:0 }
   - { x:97., y:665., size:31., angle:1.1689219665527344e+002,
       response:5.4166456684470177e-003, octave:0 }
   - { x:284., y:760., size:31., angle:9.9924331665039063e+001,
       response:5.2358079701662064e-003, octave:0 }
   - { x:227., y:715., size:31., angle:5.0694187164306641e+001,
       response:5.4612425155937672e-003, octave:0 }
   - { x:201., y:686., size:31., angle:3.3285034179687500e+002,
       response:6.0260058380663395e-003, octave:0 }
   - { x:133., y:706., size:31., angle:9.1655296325683594e+001,
       response:5.8358744718134403e-003, octave:0 }
   - { x:490., y:234., size:31., angle:3.2991632080078125e+002,
       response:5.4896199144423008e-003, octave:0 }
   - { x:190., y:697., size:31., angle:8.1142250061035156e+001,
       response:5.0496337935328484e-003, octave:0 }
   - { x:113., y:683., size:31., angle:9.8728263854980469e+001,
       response:5.2189705893397331e-003, octave:0 }
   - { x:259., y:758., size:31., angle:9.2253265380859375e+001,
       response:5.8205737732350826e-003, octave:0 }
   - { x:532., y:132., size:31., angle:4.1879112243652344e+001,
       response:5.2252374589443207e-003, octave:0 }
   - { x:476., y:682., size:31., angle:7.8847900390625000e+001,
       response:6.5190624445676804e-003, octave:0 }
   - { x:213., y:140., size:31., angle:2.2162525939941406e+002,
       response:5.9331655502319336e-003, octave:0 }
   - { x:232., y:753., size:31., angle:9.5477409362792969e+001,
       response:5.6536262854933739e-003, octave:0 }
   - { x:430., y:234., size:31., angle:3.4339385986328125e+002,
       response:6.1127520166337490e-003, octave:0 }
   - { x:318., y:660., size:31., angle:9.0096290588378906e+001,
       response:5.0644068978726864e-003, octave:0 }
   - { x:68., y:591., size:31., angle:2.1118093872070312e+002,
       response:7.7472333796322346e-003, octave:0 }
   - { x:150., y:253., size:31., angle:9.7837112426757813e+001,
       response:5.7553555816411972e-003, octave:0 }
   - { x:212., y:745., size:31., angle:8.6328796386718750e+001,
       response:8.2873022183775902e-003, octave:0 }
   - { x:145., y:212., size:31., angle:1.2517984771728516e+002,
       response:6.1381920240819454e-003, octave:0 }
   - { x:300., y:678., size:31., angle:6.3324039459228516e+001,
       response:6.3021802343428135e-003, octave:0 }
   - { x:521., y:593., size:31., angle:2.7587878417968750e+002,
       response:6.6418005153536797e-003, octave:0 }
   - { x:238., y:170., size:31., angle:1.5337066650390625e+002,
       response:5.0545353442430496e-003, octave:0 }
   - { x:88., y:66., size:31., angle:2.7125393676757812e+002,
       response:5.0546592101454735e-003, octave:0 }
   - { x:324., y:743., size:31., angle:2.2656509399414062e+002,
       response:6.3663907349109650e-003, octave:0 }
   - { x:145., y:199., size:31., angle:2.4199354553222656e+002,
       response:6.0115433298051357e-003, octave:0 }
   - { x:438., y:134., size:31., angle:3.2210964965820312e+002,
       response:5.9448224492371082e-003, octave:0 }
   - { x:311., y:99., size:31., angle:2.7518548583984375e+002,
       response:5.0128763541579247e-003, octave:0 }
   - { x:291., y:738., size:31., angle:9.1028938293457031e+001,
       response:5.2667930722236633e-003, octave:0 }
   - { x:185., y:736., size:31., angle:9.0984573364257813e+001,
       response:7.5988271273672581e-003, octave:0 }
   - { x:325., y:733., size:31., angle:2.2807345581054687e+002,
       response:6.1477501876652241e-003, octave:0 }
   - { x:348., y:154., size:31., angle:1.0570049285888672e+001,
       response:6.4428779296576977e-003, octave:0 }
   - { x:325., y:704., size:31., angle:1.2774212646484375e+002,
       response:5.4093017242848873e-003, octave:0 }
   - { x:31., y:143., size:31., angle:2.6376025390625000e+002,
       response:5.7219630107283592e-003, octave:0 }
   - { x:395., y:546., size:31., angle:1.5405107116699219e+002,
       response:5.0742197781801224e-003, octave:0 }
   - { x:238., y:167., size:31., angle:2.0889457702636719e+002,
       response:4.9259141087532043e-003, octave:0 }
   - { x:438., y:82., size:31., angle:3.0808151245117187e+002,
       response:5.4322551004588604e-003, octave:0 }
   - { x:361., y:215., size:31., angle:2.8264568328857422e+001,
