%YAML:1.0
KeyPoints:
   - { x:249., y:208., size:31., angle:3.3093634033203125e+002,
       response:1.1763202026486397e-002, octave:0 }
   - { x:223., y:266., size:31., angle:2.0780404663085937e+002,
       response:6.1049405485391617e-003, octave:0 }
   - { x:246., y:542., size:31., angle:2.8935720443725586e+001,
       response:1.2355621904134750e-002, octave:0 }
   - { x:199., y:685., size:31., angle:3.0797012329101562e+002,
       response:2.0565051585435867e-002, octave:0 }
   - { x:104., y:416., size:31., angle:2.8035131835937500e+002,
       response:1.4330626465380192e-002, octave:0 }
   - { x:66., y:549., size:31., angle:9.5233184814453125e+001,
       response:6.7015644162893295e-003, octave:0 }
   - { x:485., y:581., size:31., angle:3.5419754028320312e+002,
       response:1.6301585361361504e-002, octave:0 }
   - { x:66., y:545., size:31., angle:2.6564624023437500e+002,
       response:6.7190346308052540e-003, octave:0 }
   - { x:141., y:544., size:31., angle:2.8340414428710937e+002,
       response:5.1244534552097321e-003, octave:0 }
   - { x:149., y:546., size:31., angle:3.5840756225585937e+002,
       response:7.8516649082303047e-003, octave:0 }
   - { x:224., y:547., size:31., angle:2.1827726745605469e+002,
       response:2.0990945398807526e-002, octave:0 }
   - { x:138., y:369., size:31., angle:2.1385430908203125e+002,
       response:1.3549927622079849e-002, octave:0 }
   - { x:208., y:280., size:31., angle:2.1151858520507812e+002,
       response:6.4086997881531715e-003, octave:0 }
   - { x:165., y:59., size:31., angle:1.8037731933593750e+002,
       response:4.8602391034364700e-003, octave:0 }
   - { x:134., y:361., size:31., angle:2.2144540405273438e+002,
       response:1.1731750331819057e-002, octave:0 }
   - { x:242., y:710., size:31., angle:2.8827850341796875e+002,
       response:9.8678357899188995e-003, octave:0 }
   - { x:252., y:700., size:31., angle:1.8227374267578125e+002,
       response:5.3196377120912075e-003, octave:0 }
   - { x:199., y:682., size:31., angle:3.1269357299804687e+002,
       response:1.7708361148834229e-002, octave:0 }
   - { x:435., y:654., size:31., angle:1.2767474174499512e+001,
       response:6.7377793602645397e-003, octave:0 }
   - { x:239., y:463., size:31., angle:2.5873449707031250e+002,
       response:6.2988996505737305e-003, octave:0 }
   - { x:111., y:71., size:31., angle:3.5985427856445312e+002,
       response:6.6086542792618275e-003, octave:0 }
   - { x:246., y:719., size:31., angle:2.9807632446289062e+002,
       response:8.4375413134694099e-003, octave:0 }
   - { x:450., y:618., size:31., angle:3.1357595825195312e+002,
       response:6.4425533637404442e-003, octave:0 }
   - { x:187., y:327., size:31., angle:1.0086125183105469e+002,
       response:6.1767525039613247e-003, octave:0 }
   - { x:246., y:574., size:31., angle:3.0405496215820313e+002,
       response:2.0476240664720535e-002, octave:0 }
   - { x:271., y:43., size:31., angle:2.7571347045898437e+002,
       response:5.0567463040351868e-003, octave:0 }
   - { x:221., y:709., size:31., angle:3.0428302001953125e+002,
       response:2.1409519016742706e-002, octave:0 }
   - { x:237., y:561., size:31., angle:1.6443790435791016e+001,
       response:7.9084718599915504e-003, octave:0 }
   - { x:188., y:319., size:31., angle:3.4254647827148437e+002,
       response:6.3533196225762367e-003, octave:0 }
   - { x:175., y:73., size:31., angle:2.1019279479980469e+001,
       response:6.9690891541540623e-003, octave:0 }
   - { x:208., y:656., size:31., angle:1.2538076019287109e+002,
       response:5.0665982998907566e-003, octave:0 }
   - { x:244., y:718., size:31., angle:3.0639828491210937e+002,
       response:9.8787220194935799e-003, octave:0 }
   - { x:224., y:550., size:31., angle:2.1366510009765625e+002,
       response:2.4693893268704414e-002, octave:0 }
   - { x:184., y:327., size:31., angle:1.2330294799804687e+002,
       response:6.7734299227595329e-003, octave:0 }
   - { x:226., y:211., size:31., angle:1.9374710083007812e+002,
       response:7.5723635964095592e-003, octave:0 }
   - { x:260., y:239., size:31., angle:3.5637396240234375e+002,
       response:4.8370915465056896e-003, octave:0 }
   - { x:221., y:706., size:31., angle:2.9550677490234375e+002,
       response:2.2659124806523323e-002, octave:0 }
   - { x:138., y:551., size:31., angle:1.1865321350097656e+002,
       response:7.3751970194280148e-003, octave:0 }
   - { x:251., y:213., size:31., angle:3.3029672241210937e+002,
       response:7.9520866274833679e-003, octave:0 }
   - { x:271., y:47., size:31., angle:8.2532806396484375e+001,
       response:5.4537788964807987e-003, octave:0 }
   - { x:250., y:490., size:31., angle:2.7765008544921875e+002,
       response:1.1570176109671593e-002, octave:0 }
   - { x:246., y:570., size:31., angle:2.9383386230468750e+002,
       response:1.6347514465451241e-002, octave:0 }
   - { x:141., y:553., size:31., angle:8.7849983215332031e+001,
       response:7.7323317527770996e-003, octave:0 }
   - { x:231., y:239., size:31., angle:1.8462255859375000e+002,
       response:8.6296470835804939e-003, octave:0 }
   - { x:211., y:604., size:31., angle:9.2074211120605469e+001,
       response:2.1657891571521759e-002, octave:0 }
   - { x:193., y:466., size:31., angle:1.4145483398437500e+002,
       response:6.6884700208902359e-003, octave:0 }
   - { x:209., y:605., size:31., angle:1.9788442993164062e+002,
       response:1.2883983552455902e-002, octave:0 }
   - { x:211., y:608., size:31., angle:2.7339328002929687e+002,
       response:1.9987946376204491e-002, octave:0 }
   - { x:175., y:68., size:31., angle:6.1291030883789062e+001,
       response:6.6402433440089226e-003, octave:0 }
   - { x:458., y:644., size:31., angle:5.4343333244323730e+000,
       response:4.9174767918884754e-003, octave:0 }
   - { x:244., y:556., size:31., angle:1.3256349563598633e+001,
       response:1.8642179667949677e-002, octave:0 }
   - { x:448., y:617., size:31., angle:3.4364700317382812e+002,
       response:7.6567097567021847e-003, octave:0 }
   - { x:464., y:560., size:31., angle:3.0061935424804687e+002,
       response:1.0845566168427467e-002, octave:0 }
   - { x:242., y:563., size:31., angle:1.0120981216430664e+001,
       response:1.1726662516593933e-002, octave:0 }
   - { x:186., y:218., size:31., angle:2.7425665283203125e+002,
       response:6.4423619769513607e-003, octave:0 }
   - { x:448., y:619., size:31., angle:2.9834393310546875e+002,
       response:8.2750236615538597e-003, octave:0 }
   - { x:170., y:184., size:31., angle:1.1520545196533203e+002,
       response:6.9003496319055557e-003, octave:0 }
   - { x:460., y:646., size:31., angle:1.3787849426269531e+001,
       response:6.0424436815083027e-003, octave:0 }
   - { x:232., y:250., size:31., angle:1.9527124023437500e+002,
       response:8.7196733802556992e-003, octave:0 }
   - { x:221., y:261., size:31., angle:2.0731947326660156e+002,
       response:9.9479714408516884e-003, octave:0 }
   - { x:221., y:263., size:31., angle:2.0767979431152344e+002,
       response:7.3035326786339283e-003, octave:0 }
   - { x:175., y:414., size:31., angle:1.5693644714355469e+002,
       response:4.8429775051772594e-003, octave:0 }
   - { x:112., y:227., size:31., angle:1.0335969543457031e+002,
       response:5.3191948682069778e-003, octave:0 }
   - { x:100., y:58., size:31., angle:2.3844554138183594e+002,
       response:6.2410798855125904e-003, octave:0 }
   - { x:243., y:192., size:31., angle:2.8166125488281250e+002,
       response:1.2223022058606148e-002, octave:0 }
   - { x:217., y:698., size:31., angle:2.1082305908203125e+000,
       response:1.0355460457503796e-002, octave:0 }
   - { x:140., y:360., size:31., angle:2.4045950317382812e+002,
       response:6.4919204451143742e-003, octave:0 }
   - { x:171., y:408., size:31., angle:1.1757927703857422e+002,
       response:5.7014524936676025e-003, octave:0 }
   - { x:287., y:447., size:31., angle:9.9077888488769531e+001,
