%YAML:1.0
KeyPoints:
   - { x:365., y:217., size:31., angle:3.5581030273437500e+002,
       response:6.4971758984029293e-003, octave:0 }
   - { x:172., y:720., size:31., angle:9.4666717529296875e+001,
       response:6.8111931905150414e-003, octave:0 }
   - { x:234., y:294., size:31., angle:9.7706672668457031e+001,
       response:7.7127497643232346e-003, octave:0 }
   - { x:209., y:304., size:31., angle:2.3854284667968750e+002,
       response:1.3516268692910671e-002, octave:0 }
   - { x:405., y:572., size:31., angle:1.5822010803222656e+002,
       response:6.3395430333912373e-003, octave:0 }
   - { x:238., y:288., size:31., angle:9.1695762634277344e+001,
       response:6.9691180251538754e-003, octave:0 }
   - { x:298., y:354., size:31., angle:1.5128565979003906e+002,
       response:9.5594320446252823e-003, octave:0 }
   - { x:98., y:663., size:31., angle:8.9255378723144531e+001,
       response:1.2835600413382053e-002, octave:0 }
   - { x:225., y:190., size:31., angle:2.2181935119628906e+002,
       response:6.8780644796788692e-003, octave:0 }
   - { x:159., y:713., size:31., angle:1.3574407958984375e+002,
       response:8.1006633117794991e-003, octave:0 }
   - { x:89., y:666., size:31., angle:1.3557595825195312e+002,
       response:9.7754709422588348e-003, octave:0 }
   - { x:235., y:383., size:31., angle:1.0999841308593750e+002,
       response:9.5678800716996193e-003, octave:0 }
   - { x:128., y:689., size:31., angle:2.7122344970703125e+002,
       response:1.2151215225458145e-002, octave:0 }
   - { x:334., y:480., size:31., angle:1.9116853332519531e+002,
       response:7.3138815350830555e-003, octave:0 }
   - { x:417., y:192., size:31., angle:1.0955613708496094e+002,
       response:7.4033541604876518e-003, octave:0 }
   - { x:130., y:666., size:31., angle:8.0597908020019531e+001,
       response:7.0303301326930523e-003, octave:0 }
   - { x:213., y:665., size:31., angle:3.3197467803955078e+001,
       response:1.2053634040057659e-002, octave:0 }
   - { x:168., y:689., size:31., angle:2.9304086303710937e+002,
       response:1.4573062770068645e-002, octave:0 }
   - { x:392., y:653., size:31., angle:2.3163079833984375e+002,
       response:8.5976282134652138e-003, octave:0 }
   - { x:94., y:638., size:31., angle:2.5932672119140625e+002,
       response:9.9221915006637573e-003, octave:0 }
   - { x:315., y:372., size:31., angle:1.4165550231933594e+002,
       response:9.1856196522712708e-003, octave:0 }
   - { x:178., y:635., size:31., angle:2.8754898071289063e+002,
       response:7.3859486728906631e-003, octave:0 }
   - { x:260., y:380., size:31., angle:2.3042383193969727e+001,
       response:7.3195653967559338e-003, octave:0 }
   - { x:365., y:190., size:31., angle:1.3282292366027832e+001,
       response:6.5990514121949673e-003, octave:0 }
   - { x:194., y:238., size:31., angle:1.9295837402343750e+002,
       response:9.5767034217715263e-003, octave:0 }
   - { x:309., y:512., size:31., angle:2.0270545959472656e+002,
       response:6.7742681130766869e-003, octave:0 }
   - { x:185., y:635., size:31., angle:2.9744662475585937e+002,
       response:7.7747707255184650e-003, octave:0 }
   - { x:472., y:455., size:31., angle:3.3616061401367187e+002,
       response:8.6922505870461464e-003, octave:0 }
   - { x:199., y:635., size:31., angle:2.4143246459960937e+002,
       response:7.7168182469904423e-003, octave:0 }
   - { x:390., y:268., size:31., angle:4.3909320831298828e+001,
       response:7.1231452748179436e-003, octave:0 }
   - { x:267., y:340., size:31., angle:6.1189445495605469e+001,
       response:6.5610101446509361e-003, octave:0 }
   - { x:213., y:635., size:31., angle:3.2648229980468750e+002,
       response:1.2599098496139050e-002, octave:0 }
   - { x:106., y:665., size:31., angle:9.3407478332519531e+001,
       response:1.3629126362502575e-002, octave:0 }
   - { x:96., y:664., size:31., angle:1.0546414184570312e+002,
       response:1.4769056811928749e-002, octave:0 }
   - { x:208., y:663., size:31., angle:4.9488864898681641e+001,
       response:8.9558679610490799e-003, octave:0 }
   - { x:209., y:306., size:31., angle:2.2478903198242187e+002,
       response:1.5300360508263111e-002, octave:0 }
   - { x:187., y:663., size:31., angle:9.6425247192382813e+001,
       response:7.4991644360125065e-003, octave:0 }
   - { x:101., y:635., size:31., angle:2.7600067138671875e+002,
       response:1.2649031355977058e-002, octave:0 }
   - { x:273., y:451., size:31., angle:1.8835235595703125e+002,
       response:9.5907393842935562e-003, octave:0 }
   - { x:271., y:448., size:31., angle:2.0060444641113281e+002,
       response:1.1503130197525024e-002, octave:0 }
   - { x:126., y:663., size:31., angle:8.0696609497070312e+001,
       response:6.4189611002802849e-003, octave:0 }
   - { x:450., y:269., size:31., angle:3.8180801391601563e+001,
       response:6.7312740720808506e-003, octave:0 }
   - { x:113., y:635., size:31., angle:2.7313012695312500e+002,
       response:7.2973170317709446e-003, octave:0 }
   - { x:407., y:288., size:31., angle:1.9333114624023437e+002,
       response:7.8089917078614235e-003, octave:0 }
   - { x:193., y:243., size:31., angle:1.8365939331054687e+002,
       response:7.7844983898103237e-003, octave:0 }
   - { x:330., y:389., size:31., angle:9.9117866516113281e+001,
       response:6.3963332213461399e-003, octave:0 }
   - { x:393., y:655., size:31., angle:2.2297399902343750e+002,
       response:1.0171011090278625e-002, octave:0 }
   - { x:143., y:692., size:31., angle:2.9091448974609375e+002,
       response:8.2892347127199173e-003, octave:0 }
   - { x:197., y:301., size:31., angle:1.3556216430664062e+002,
       response:7.9933786764740944e-003, octave:0 }
   - { x:383., y:192., size:31., angle:3.0064428710937500e+002,
       response:1.0645006783306599e-002, octave:0 }
   - { x:305., y:382., size:31., angle:9.9415412902832031e+001,
       response:7.9652126878499985e-003, octave:0 }
   - { x:344., y:180., size:31., angle:1.6864262390136719e+002,
       response:7.2003016248345375e-003, octave:0 }
   - { x:192., y:234., size:31., angle:2.0582824707031250e+002,
       response:8.2470523193478584e-003, octave:0 }
   - { x:416., y:150., size:31., angle:2.9656912231445312e+002,
       response:9.2901205644011497e-003, octave:0 }
   - { x:447., y:583., size:31., angle:2.0354108810424805e+001,
       response:8.2931835204362869e-003, octave:0 }
   - { x:442., y:217., size:31., angle:2.7243331909179687e+001,
       response:6.6041657701134682e-003, octave:0 }
   - { x:111., y:689., size:31., angle:2.1418635559082031e+002,
       response:1.1724985204637051e-002, octave:0 }
   - { x:192., y:689., size:31., angle:3.2536978149414062e+002,
       response:1.3238913379609585e-002, octave:0 }
   - { x:170., y:689., size:31., angle:2.8444692993164062e+002,
       response:1.3958684168756008e-002, octave:0 }
   - { x:161., y:689., size:31., angle:2.7523840332031250e+002,
       response:8.0631030723452568e-003, octave:0 }
   - { x:153., y:689., size:31., angle:2.5459063720703125e+002,
       response:1.0814437642693520e-002, octave:0 }
   - { x:295., y:312., size:31., angle:6.4438400268554688e+001,
       response:9.2312833294272423e-003, octave:0 }
   - { x:283., y:303., size:31., angle:1.9118978881835937e+002,
       response:8.5455002263188362e-003, octave:0 }
   - { x:360., y:192., size:31., angle:5.2762799263000488e+000,
       response:7.9642413184046745e-003, octave:0 }
   - { x:157., y:720., size:31., angle:1.1927195739746094e+002,
       response:7.9668480902910233e-003, octave:0 }
   - { x:327., y:387., size:31., angle:1.0818727874755859e+002,
       response:8.7794689461588860e-003, octave:0 }
   - { x:148., y:689., size:31., angle:2.7358178710937500e+002,
       response:1.2807020917534828e-002, octave:0 }
   - { x:143., y:717., size:31., angle:7.1146804809570313e+001,
       response:8.1882439553737640e-003, octave:0 }
   - { x:260., y:490., size:31., angle:1.6905627441406250e+002,
