%YAML:1.0
KeyPoints:
   - { x:341., y:660., size:31., angle:9.0297803878784180e+000,
       response:5.7360772043466568e-003, octave:0 }
   - { x:273., y:654., size:31., angle:2.4373162841796875e+002,
       response:4.9489559605717659e-003, octave:0 }
   - { x:323., y:712., size:31., angle:2.4865721130371094e+002,
       response:5.3426614031195641e-003, octave:0 }
   - { x:211., y:660., size:31., angle:2.8976770019531250e+002,
       response:7.0458590053021908e-003, octave:0 }
   - { x:253., y:634., size:31., angle:8.5825096130371094e+001,
       response:4.7398004680871964e-003, octave:0 }
   - { x:450., y:686., size:31., angle:6.2543605804443359e+001,
       response:5.8630057610571384e-003, octave:0 }
   - { x:478., y:632., size:31., angle:2.4805114746093750e+002,
       response:5.1201819442212582e-003, octave:0 }
   - { x:257., y:634., size:31., angle:2.0437255859375000e+001,
       response:7.2074756026268005e-003, octave:0 }
   - { x:387., y:686., size:31., angle:1.6868858337402344e+002,
       response:7.3358803056180477e-003, octave:0 }
   - { x:119., y:683., size:31., angle:1.9775236511230469e+002,
       response:4.6099699102342129e-003, octave:0 }
   - { x:150., y:712., size:31., angle:3.0641305541992187e+002,
       response:6.1197453178465366e-003, octave:0 }
   - { x:284., y:662., size:31., angle:2.6746507644653320e+001,
       response:9.4695016741752625e-003, octave:0 }
   - { x:401., y:661., size:31., angle:1.5771720886230469e+002,
       response:6.9604250602424145e-003, octave:0 }
   - { x:397., y:637., size:31., angle:7.2427856445312500e+001,
       response:5.2400347776710987e-003, octave:0 }
   - { x:157., y:686., size:31., angle:2.5602685546875000e+002,
       response:7.2419396601617336e-003, octave:0 }
   - { x:227., y:660., size:31., angle:2.5000886535644531e+002,
       response:4.8025297001004219e-003, octave:0 }
   - { x:284., y:660., size:31., angle:3.4856231689453125e+002,
       response:9.2072319239377975e-003, octave:0 }
   - { x:245., y:626., size:31., angle:2.5037246704101562e+002,
       response:5.3602345287799835e-003, octave:0 }
   - { x:440., y:679., size:31., angle:2.4698989868164062e+002,
       response:4.4771437533199787e-003, octave:0 }
   - { x:145., y:661., size:31., angle:2.8723947525024414e+001,
       response:5.6861885823309422e-003, octave:0 }
   - { x:148., y:633., size:31., angle:2.6933813476562500e+002,
       response:4.8280884511768818e-003, octave:0 }
   - { x:117., y:635., size:31., angle:1.2004101562500000e+002,
       response:4.7050137072801590e-003, octave:0 }
   - { x:357., y:712., size:31., angle:2.6046176147460937e+002,
       response:5.7309754192829132e-003, octave:0 }
   - { x:256., y:632., size:31., angle:3.3982067871093750e+002,
       response:5.9775547124445438e-003, octave:0 }
   - { x:165., y:635., size:31., angle:1.3136141967773437e+002,
       response:8.1248711794614792e-003, octave:0 }
   - { x:303., y:658., size:31., angle:3.2837420654296875e+002,
       response:4.5312158763408661e-003, octave:0 }
   - { x:451., y:684., size:31., angle:2.7160290527343750e+002,
       response:6.2767686322331429e-003, octave:0 }
   - { x:341., y:712., size:31., angle:2.7071649169921875e+002,
       response:4.5846537686884403e-003, octave:0 }
   - { x:385., y:635., size:31., angle:1.3895431518554687e+002,
       response:5.8053983375430107e-003, octave:0 }
   - { x:180., y:634., size:31., angle:8.4750259399414063e+001,
       response:4.6960567124187946e-003, octave:0 }
   - { x:231., y:687., size:31., angle:6.3215744018554687e+001,
       response:7.1964650414884090e-003, octave:0 }
   - { x:269., y:716., size:31., angle:2.2261026000976562e+002,
       response:4.5515531674027443e-003, octave:0 }
   - { x:322., y:655., size:31., angle:2.1902609252929687e+002,
       response:4.4612125493586063e-003, octave:0 }
   - { x:132., y:632., size:31., angle:3.3640805053710937e+002,
       response:2.9482757672667503e-003, octave:0 }
   - { x:325., y:625., size:31., angle:2.2707055664062500e+002,
       response:3.0270791612565517e-003, octave:0 }
   - { x:463., y:684., size:31., angle:3.2713275146484375e+002,
       response:4.3361382558941841e-003, octave:0 }
   - { x:413., y:656., size:31., angle:3.2085015869140625e+002,
       response:2.8103722725063562e-003, octave:0 }
   - { x:170., y:685., size:31., angle:3.0418353271484375e+002,
       response:2.9187484178692102e-003, octave:0 }
   - { x:249., y:545., size:31., angle:1.9525109863281250e+002,
       response:4.3963515199720860e-003, octave:0 }
   - { x:470., y:196., size:31., angle:1.6455950927734375e+002,
       response:2.7269492857158184e-003, octave:0 }
   - { x:222., y:658., size:31., angle:3.0629193115234375e+002,
       response:2.7695081662386656e-003, octave:0 }
   - { x:417., y:713., size:31., angle:1.8801556396484375e+002,
       response:2.7648634277284145e-003, octave:0 }
   - { x:119., y:681., size:31., angle:2.2771549987792969e+002,
       response:4.0995241142809391e-003, octave:0 }
   - { x:372., y:655., size:31., angle:2.2911608886718750e+002,
       response:2.7480588760226965e-003, octave:0 }
   - { x:322., y:328., size:31., angle:3.2569519042968750e+002,
       response:2.8054807335138321e-003, octave:0 }
   - { x:338., y:625., size:31., angle:2.9440731811523437e+002,
       response:2.9254856053739786e-003, octave:0 }
   - { x:522., y:213., size:31., angle:6.2540221214294434e+000,
       response:3.6348889116197824e-003, octave:0 }
   - { x:402., y:629., size:31., angle:2.6758407592773437e+002,
       response:3.1886387150734663e-003, octave:0 }
   - { x:308., y:323., size:31., angle:2.8976455688476562e+002,
       response:2.8163010720163584e-003, octave:0 }
   - { x:555., y:212., size:31., angle:1.8114453125000000e+002,
       response:2.8424828778952360e-003, octave:0 }
   - { x:454., y:141., size:31., angle:1.8252644348144531e+002,
       response:3.2650278881192207e-003, octave:0 }
   - { x:371., y:712., size:31., angle:2.9759735107421875e+002,
       response:4.2684460058808327e-003, octave:0 }
   - { x:303., y:687., size:31., angle:4.6408802032470703e+001,
       response:3.1912166159600019e-003, octave:0 }
   - { x:258., y:584., size:31., angle:1.5285058593750000e+002,
       response:3.4774015657603741e-003, octave:0 }
   - { x:327., y:655., size:31., angle:2.3801728820800781e+002,
       response:3.4770690836012363e-003, octave:0 }
   - { x:298., y:631., size:31., angle:3.4013555908203125e+002,
       response:2.7035963721573353e-003, octave:0 }
   - { x:439., y:277., size:31., angle:2.8033065795898438e+002,
       response:2.7889946941286325e-003, octave:0 }
   - { x:500., y:624., size:31., angle:3.3308154296875000e+002,
       response:2.8069615364074707e-003, octave:0 }
   - { x:557., y:201., size:31., angle:1.9677801513671875e+002,
       response:2.7001353446394205e-003, octave:0 }
   - { x:321., y:683., size:31., angle:3.2087969970703125e+002,
       response:2.7749922592192888e-003, octave:0 }
   - { x:463., y:686., size:31., angle:3.5297625732421875e+002,
       response:3.3589059021323919e-003, octave:0 }
   - { x:424., y:715., size:31., angle:2.6445388793945313e+002,
       response:2.8801534790545702e-003, octave:0 }
   - { x:191., y:631., size:31., angle:2.9631561279296875e+002,
       response:3.1301744747906923e-003, octave:0 }
   - { x:191., y:712., size:31., angle:2.2940562438964844e+002,
       response:3.4209345467388630e-003, octave:0 }
   - { x:331., y:637., size:31., angle:9.9695457458496094e+001,
       response:3.9770836010575294e-003, octave:0 }
   - { x:311., y:325., size:31., angle:2.8593188476562500e+002,
       response:2.9505917336791754e-003, octave:0 }
   - { x:303., y:328., size:31., angle:2.9559436035156250e+002,
       response:2.9581154230982065e-003, octave:0 }
   - { x:299., y:662., size:31., angle:3.5757467651367187e+002,
       response:3.1662562396377325e-003, octave:0 }
   - { x:266., y:630., size:31., angle:2.8501666259765625e+002,
