%YAML:1.0
KeyPoints:
   - { x:90., y:315., size:31., angle:2.4192990112304687e+002,
       response:6.9617046974599361e-003, octave:0 }
   - { x:350., y:607., size:31., angle:2.9361431884765625e+002,
       response:6.1101992614567280e-003, octave:0 }
   - { x:318., y:415., size:31., angle:1.9596917724609375e+002,
       response:6.4075924456119537e-003, octave:0 }
   - { x:120., y:191., size:31., angle:1.9809332275390625e+002,
       response:8.0844191834330559e-003, octave:0 }
   - { x:419., y:419., size:31., angle:2.3908062744140625e+002,
       response:8.4145227447152138e-003, octave:0 }
   - { x:151., y:191., size:31., angle:4.9004470825195313e+001,
       response:7.1014589630067348e-003, octave:0 }
   - { x:303., y:174., size:31., angle:2.5539878845214844e+002,
       response:5.8996165171265602e-003, octave:0 }
   - { x:208., y:190., size:31., angle:1.7422888183593750e+002,
       response:6.5498137846589088e-003, octave:0 }
   - { x:396., y:449., size:31., angle:1.7378678894042969e+002,
       response:6.7122732289135456e-003, octave:0 }
   - { x:134., y:451., size:31., angle:3.0284863281250000e+002,
       response:5.9119979850947857e-003, octave:0 }
   - { x:453., y:452., size:31., angle:3.0435595703125000e+002,
       response:6.7752050235867500e-003, octave:0 }
   - { x:420., y:66., size:31., angle:4.5973945617675781e+001,
       response:6.8076862953603268e-003, octave:0 }
   - { x:176., y:428., size:31., angle:1.0001609802246094e+002,
       response:4.7331801615655422e-003, octave:0 }
   - { x:338., y:271., size:31., angle:3.3284698486328125e+002,
       response:5.1091504283249378e-003, octave:0 }
   - { x:401., y:171., size:31., angle:3.2562416076660156e+001,
       response:6.4257448539137840e-003, octave:0 }
   - { x:343., y:635., size:31., angle:5.6459546089172363e+000,
       response:6.3851946033537388e-003, octave:0 }
   - { x:404., y:440., size:31., angle:2.2510522460937500e+002,
       response:4.6315789222717285e-003, octave:0 }
   - { x:377., y:544., size:31., angle:1.5372708129882812e+002,
       response:5.3763962350785732e-003, octave:0 }
   - { x:400., y:543., size:31., angle:1.0452592468261719e+002,
       response:6.2108552083373070e-003, octave:0 }
   - { x:289., y:455., size:31., angle:2.3309451293945312e+002,
       response:5.5581573396921158e-003, octave:0 }
   - { x:293., y:445., size:31., angle:5.7504062652587891e+001,
       response:5.7343919761478901e-003, octave:0 }
   - { x:125., y:196., size:31., angle:7.6258354187011719e+001,
       response:5.0865742377936840e-003, octave:0 }
   - { x:481., y:312., size:31., angle:2.2906489562988281e+002,
       response:4.7674356028437614e-003, octave:0 }
   - { x:83., y:449., size:31., angle:3.1689916610717773e+001,
       response:8.5317390039563179e-003, octave:0 }
   - { x:501., y:336., size:31., angle:3.9202350616455078e+001,
       response:5.4751355201005936e-003, octave:0 }
   - { x:139., y:487., size:31., angle:2.8174243164062500e+002,
       response:5.9269657358527184e-003, octave:0 }
   - { x:241., y:248., size:31., angle:2.6504092407226562e+002,
       response:7.2563737630844116e-003, octave:0 }
   - { x:453., y:471., size:31., angle:6.6874931335449219e+001,
       response:4.7936174087226391e-003, octave:0 }
   - { x:242., y:100., size:31., angle:3.2160473632812500e+002,
       response:6.5083168447017670e-003, octave:0 }
   - { x:169., y:442., size:31., angle:3.0170242309570312e+002,
       response:5.3382981568574905e-003, octave:0 }
   - { x:447., y:441., size:31., angle:3.1986102294921875e+002,
       response:6.3271936960518360e-003, octave:0 }
   - { x:170., y:507., size:31., angle:5.3304832458496094e+001,
       response:5.3390776738524437e-003, octave:0 }
   - { x:179., y:280., size:31., angle:2.4752885437011719e+002,
       response:7.1891346015036106e-003, octave:0 }
   - { x:250., y:107., size:31., angle:8.8202619552612305e+000,
       response:6.7699849605560303e-003, octave:0 }
   - { x:451., y:535., size:31., angle:6.0340591430664063e+001,
       response:5.7438593357801437e-003, octave:0 }
   - { x:239., y:111., size:31., angle:9.9330406188964844e+001,
       response:5.4736551828682423e-003, octave:0 }
   - { x:548., y:592., size:31., angle:2.3331100463867187e+002,
       response:5.4482533596456051e-003, octave:0 }
   - { x:470., y:687., size:31., angle:3.2164804077148437e+002,
       response:4.7689802013337612e-003, octave:0 }
   - { x:312., y:180., size:31., angle:3.4703195190429688e+002,
       response:5.9371823444962502e-003, octave:0 }
   - { x:354., y:123., size:31., angle:2.5342355346679688e+002,
       response:5.2558374591171741e-003, octave:0 }
   - { x:124., y:460., size:31., angle:2.2855972290039063e+002,
       response:6.1480440199375153e-003, octave:0 }
   - { x:217., y:131., size:31., angle:3.0533813476562500e+002,
       response:5.3715975955128670e-003, octave:0 }
   - { x:151., y:346., size:31., angle:2.0271644592285156e+002,
       response:5.7726264931261539e-003, octave:0 }
   - { x:444., y:440., size:31., angle:3.1467126464843750e+002,
       response:5.4684025235474110e-003, octave:0 }
   - { x:449., y:521., size:31., angle:4.6888875961303711e+000,
       response:5.7450514286756516e-003, octave:0 }
   - { x:288., y:447., size:31., angle:1.1282713317871094e+002,
       response:5.7818572968244553e-003, octave:0 }
   - { x:394., y:527., size:31., angle:2.0438711547851562e+002,
       response:6.2793968245387077e-003, octave:0 }
   - { x:446., y:702., size:31., angle:1.5485272216796875e+002,
       response:4.9051404930651188e-003, octave:0 }
   - { x:130., y:181., size:31., angle:1.5409788513183594e+002,
       response:5.7619763538241386e-003, octave:0 }
   - { x:196., y:146., size:31., angle:2.4107437133789062e+002,
       response:7.1335169486701488e-003, octave:0 }
   - { x:427., y:617., size:31., angle:5.6180891990661621e+000,
       response:1.0056298226118088e-002, octave:0 }
   - { x:445., y:460., size:31., angle:1.1359709167480469e+002,
       response:7.8805703669786453e-003, octave:0 }
   - { x:134., y:748., size:31., angle:2.3968161010742187e+002,
       response:6.2344772741198540e-003, octave:0 }
   - { x:353., y:295., size:31., angle:3.2633140563964844e+001,
       response:5.7192267850041389e-003, octave:0 }
   - { x:314., y:763., size:31., angle:8.9323791503906250e+001,
       response:4.7783665359020233e-003, octave:0 }
   - { x:160., y:353., size:31., angle:6.1943412780761719e+001,
       response:8.4060579538345337e-003, octave:0 }
   - { x:44., y:420., size:31., angle:1.3934608459472656e+001,
       response:7.9258279874920845e-003, octave:0 }
   - { x:45., y:297., size:31., angle:1.6852384948730469e+002,
       response:7.8340200707316399e-003, octave:0 }
   - { x:314., y:765., size:31., angle:8.7657127380371094e+001,
       response:9.9409548565745354e-003, octave:0 }
   - { x:397., y:435., size:31., angle:2.1948106384277344e+002,
       response:4.8332675360143185e-003, octave:0 }
   - { x:130., y:465., size:31., angle:1.7136566162109375e+001,
       response:7.6221516355872154e-003, octave:0 }
   - { x:355., y:161., size:31., angle:2.0233596801757812e+002,
       response:8.1592956557869911e-003, octave:0 }
   - { x:204., y:157., size:31., angle:1.8549239635467529e+000,
       response:7.5929802842438221e-003, octave:0 }
   - { x:447., y:462., size:31., angle:1.0444867706298828e+002,
       response:1.3331684283912182e-002, octave:0 }
   - { x:432., y:436., size:31., angle:2.9366851806640625e+002,
       response:6.5361638553440571e-003, octave:0 }
   - { x:363., y:159., size:31., angle:3.2465942382812500e+002,
       response:5.8728423900902271e-003, octave:0 }
   - { x:118., y:193., size:31., angle:1.8424270629882813e+002,
       response:9.6041131764650345e-003, octave:0 }
   - { x:426., y:422., size:31., angle:2.7528713989257812e+002,
       response:5.4704011417925358e-003, octave:0 }
   - { x:96., y:327., size:31., angle:4.5487033843994141e+001,
