%YAML:1.0
KeyPoints:
   - { x:332., y:738., size:31., angle:8.7436828613281250e+001,
       response:6.1445385217666626e-003, octave:0 }
   - { x:285., y:501., size:31., angle:2.7656979370117187e+002,
       response:2.2270139306783676e-003, octave:0 }
   - { x:435., y:412., size:31., angle:1.0674620056152344e+002,
       response:2.9959965031594038e-003, octave:0 }
   - { x:405., y:342., size:31., angle:6.5421508789062500e+001,
       response:2.7283374220132828e-003, octave:0 }
   - { x:303., y:501., size:31., angle:2.6829858398437500e+002,
       response:2.6705043856054544e-003, octave:0 }
   - { x:313., y:501., size:31., angle:2.3702020263671875e+002,
       response:1.5926968771964312e-003, octave:0 }
   - { x:353., y:48., size:31., angle:2.7625244140625000e+002,
       response:2.3103363346308470e-003, octave:0 }
   - { x:404., y:309., size:31., angle:2.7578546142578125e+002,
       response:3.3502771984785795e-003, octave:0 }
   - { x:414., y:319., size:31., angle:3.4995101928710937e+002,
       response:1.6364819603040814e-003, octave:0 }
   - { x:158., y:465., size:31., angle:1.4904183959960937e+002,
       response:1.7007394926622510e-003, octave:0 }
   - { x:76., y:465., size:31., angle:1.1786186218261719e+002,
       response:2.9570676852017641e-003, octave:0 }
   - { x:366., y:312., size:31., angle:2.6132351684570312e+002,
       response:2.8393750544637442e-003, octave:0 }
   - { x:431., y:493., size:31., angle:3.0200189208984375e+002,
       response:3.2897386699914932e-003, octave:0 }
   - { x:320., y:494., size:31., angle:2.4452917480468750e+002,
       response:2.7534456457942724e-003, octave:0 }
   - { x:169., y:338., size:31., angle:2.5795925903320312e+002,
       response:4.6817059628665447e-003, octave:0 }
   - { x:172., y:358., size:31., angle:1.2155053710937500e+002,
       response:1.9445457728579640e-003, octave:0 }
   - { x:457., y:610., size:31., angle:4.0510093688964844e+001,
       response:2.2672556806355715e-003, octave:0 }
   - { x:74., y:463., size:31., angle:1.3835043334960937e+002,
       response:1.6555053880438209e-003, octave:0 }
   - { x:159., y:357., size:31., angle:1.6663615417480469e+002,
       response:2.4708195123821497e-003, octave:0 }
   - { x:462., y:213., size:31., angle:1.0363798522949219e+002,
       response:3.3720075152814388e-003, octave:0 }
   - { x:159., y:353., size:31., angle:1.7434649658203125e+002,
       response:3.5632038488984108e-003, octave:0 }
   - { x:408., y:337., size:31., angle:5.3104167938232422e+001,
       response:2.8268718160688877e-003, octave:0 }
   - { x:430., y:395., size:31., angle:2.5515719604492188e+002,
       response:4.1182278655469418e-003, octave:0 }
   - { x:55., y:396., size:31., angle:1.5608160400390625e+002,
       response:2.4570776149630547e-003, octave:0 }
   - { x:83., y:316., size:31., angle:3.1469461059570312e+002,
       response:2.9200352728366852e-003, octave:0 }
   - { x:414., y:323., size:31., angle:2.3538913726806641e+000,
       response:2.2553221788257360e-003, octave:0 }
   - { x:493., y:316., size:31., angle:3.2106744384765625e+002,
       response:1.9889043178409338e-003, octave:0 }
   - { x:457., y:320., size:31., angle:2.0803765869140625e+002,
       response:2.1228431724011898e-003, octave:0 }
   - { x:159., y:351., size:31., angle:1.8097317504882812e+002,
       response:2.6741328183561563e-003, octave:0 }
   - { x:255., y:94., size:31., angle:1.3342814636230469e+002,
       response:1.7498398665338755e-003, octave:0 }
   - { x:440., y:94., size:31., angle:2.1133802795410156e+002,
       response:1.7389196436852217e-003, octave:0 }
   - { x:255., y:96., size:31., angle:1.4068363952636719e+002,
       response:1.6913278959691525e-003, octave:0 }
   - { x:165., y:349., size:31., angle:2.0000540161132812e+002,
       response:3.1841334421187639e-003, octave:0 }
   - { x:68., y:339., size:31., angle:1.2790863037109375e+002,
       response:1.8119094893336296e-003, octave:0 }
   - { x:57., y:399., size:31., angle:1.3096798706054687e+002,
       response:2.5568304117769003e-003, octave:0 }
   - { x:496., y:335., size:31., angle:4.0249980926513672e+001,
       response:3.1481594778597355e-003, octave:0 }
   - { x:322., y:456., size:31., angle:2.2791928100585937e+002,
       response:1.7512532649561763e-003, octave:0 }
   - { x:87., y:335., size:31., angle:3.8795341491699219e+001,
       response:1.8413466168567538e-003, octave:0 }
   - { x:494., y:256., size:31., angle:3.1198666381835937e+002,
       response:1.7165044555440545e-003, octave:0 }
   - { x:104., y:424., size:31., angle:1.8588125610351562e+002,
       response:2.6319879107177258e-003, octave:0 }
   - { x:409., y:317., size:31., angle:3.2433877563476562e+002,
       response:3.2776405569165945e-003, octave:0 }
   - { x:414., y:326., size:31., angle:6.5655837059020996e+000,
       response:1.8031797371804714e-003, octave:0 }
   - { x:331., y:479., size:31., angle:1.1592970275878906e+002,
       response:4.2851422913372517e-003, octave:0 }
   - { x:206., y:334., size:31., angle:2.7257009887695312e+002,
       response:3.5114791244268417e-003, octave:0 }
   - { x:398., y:483., size:31., angle:2.6857742309570312e+002,
       response:4.6614836901426315e-003, octave:0 }
   - { x:141., y:408., size:31., angle:3.2172058105468750e+002,
       response:2.2224921267479658e-003, octave:0 }
   - { x:533., y:264., size:31., angle:3.5256958007812500e+002,
       response:2.1856860257685184e-003, octave:0 }
   - { x:461., y:332., size:31., angle:1.7987031555175781e+002,
       response:3.3543021418154240e-003, octave:0 }
   - { x:278., y:514., size:31., angle:2.5767987060546875e+002,
       response:1.5620886115357280e-003, octave:0 }
   - { x:532., y:266., size:31., angle:6.3196611404418945e+000,
       response:2.5074537843465805e-003, octave:0 }
   - { x:264., y:484., size:31., angle:7.5499679565429688e+001,
       response:3.7291918415576220e-003, octave:0 }
   - { x:473., y:426., size:31., angle:1.1474894714355469e+002,
       response:2.1189604885876179e-003, octave:0 }
   - { x:503., y:486., size:31., angle:2.4996145629882813e+002,
       response:1.5641958452761173e-003, octave:0 }
   - { x:403., y:330., size:31., angle:5.1884048461914063e+001,
       response:2.1252757869660854e-003, octave:0 }
   - { x:78., y:375., size:31., angle:1.9906732177734375e+002,
       response:1.6049750847741961e-003, octave:0 }
   - { x:427., y:412., size:31., angle:1.1867303466796875e+002,
       response:2.2149155847728252e-003, octave:0 }
   - { x:116., y:374., size:31., angle:3.5850421142578125e+002,
       response:2.0165243186056614e-003, octave:0 }
   - { x:115., y:372., size:31., angle:3.4366705322265625e+002,
       response:3.4480316098779440e-003, octave:0 }
   - { x:93., y:182., size:31., angle:3.0528793334960937e+002,
       response:4.2781671509146690e-003, octave:0 }
   - { x:101., y:182., size:31., angle:3.1174737548828125e+002,
       response:2.4932031519711018e-003, octave:0 }
   - { x:474., y:281., size:31., angle:1.2529228973388672e+002,
       response:1.6669020988047123e-003, octave:0 }
   - { x:171., y:370., size:31., angle:1.0442382049560547e+002,
       response:2.6774429716169834e-003, octave:0 }
   - { x:333., y:487., size:31., angle:1.3473425292968750e+002,
       response:1.8713951576501131e-003, octave:0 }
   - { x:268., y:493., size:31., angle:4.8547668457031250e+001,
       response:2.6004600804299116e-003, octave:0 }
   - { x:331., y:176., size:31., angle:1.0229843902587891e+002,
       response:1.5440124552696943e-003, octave:0 }
   - { x:140., y:406., size:31., angle:3.0669924926757812e+002,
       response:1.3942304067313671e-003, octave:0 }
   - { x:456., y:322., size:31., angle:1.9773570251464844e+002,
       response:1.2666078982874751e-003, octave:0 }
   - { x:165., y:339., size:31., angle:2.4002723693847656e+002,
       response:1.3600462116301060e-003, octave:0 }
   - { x:363., y:67., size:31., angle:2.0355716705322266e+001,
