%YAML:1.0
KeyPoints:
   - { x:143., y:336., size:31., angle:3.4536184692382812e+002,
       response:1.8712914315983653e-003, octave:0 }
   - { x:167., y:380., size:31., angle:3.5847329711914062e+002,
       response:1.0047007817775011e-003, octave:0 }
   - { x:341., y:468., size:31., angle:1.4350805664062500e+002,
       response:1.6055220039561391e-003, octave:0 }
   - { x:166., y:377., size:31., angle:3.3862078857421875e+002,
       response:1.6780615551397204e-003, octave:0 }
   - { x:460., y:267., size:31., angle:2.2314881896972656e+002,
       response:2.4643386714160442e-003, octave:0 }
   - { x:443., y:617., size:31., angle:4.2917427062988281e+001,
       response:2.4106248747557402e-003, octave:0 }
   - { x:161., y:374., size:31., angle:2.9977447509765625e+002,
       response:1.1163729941472411e-003, octave:0 }
   - { x:163., y:373., size:31., angle:3.0506637573242187e+002,
       response:1.5064730541780591e-003, octave:0 }
   - { x:342., y:466., size:31., angle:1.3702142333984375e+002,
       response:9.2857761774212122e-004, octave:0 }
   - { x:176., y:673., size:31., angle:5.6711315155029297e+001,
       response:8.4565882571041584e-004, octave:0 }
   - { x:131., y:347., size:31., angle:2.7246938705444336e+001,
       response:1.4725797809660435e-003, octave:0 }
   - { x:382., y:35., size:31., angle:2.8159167480468750e+002,
       response:1.9256141968071461e-003, octave:0 }
   - { x:257., y:464., size:31., angle:4.1872798919677734e+001,
       response:1.2410751078277826e-003, octave:0 }
   - { x:257., y:462., size:31., angle:5.0375732421875000e+001,
       response:1.0257425019517541e-003, octave:0 }
   - { x:510., y:407., size:31., angle:5.7727783203125000e+001,
       response:1.1663089971989393e-003, octave:0 }
   - { x:87., y:358., size:31., angle:1.3124530029296875e+002,
       response:1.5044740866869688e-003, octave:0 }
   - { x:500., y:258., size:31., angle:3.0730044555664062e+002,
       response:8.4630702622234821e-004, octave:0 }
   - { x:193., y:329., size:31., angle:1.3332318115234375e+002,
       response:1.7177216941490769e-003, octave:0 }
   - { x:498., y:258., size:31., angle:3.1261044311523437e+002,
       response:1.3838044833391905e-003, octave:0 }
   - { x:174., y:674., size:31., angle:4.6462745666503906e+001,
       response:1.2869875645264983e-003, octave:0 }
   - { x:201., y:456., size:31., angle:1.4128707885742187e+002,
       response:1.4270934043452144e-003, octave:0 }
   - { x:424., y:440., size:31., angle:6.1736960411071777e+000,
       response:2.4043994490057230e-003, octave:0 }
   - { x:425., y:674., size:31., angle:1.3377685546875000e+002,
       response:2.6847668923437595e-003, octave:0 }
   - { x:178., y:440., size:31., angle:1.8421798706054687e+002,
       response:9.8475674167275429e-004, octave:0 }
   - { x:130., y:349., size:31., angle:2.1559192657470703e+001,
       response:1.4094731304794550e-003, octave:0 }
   - { x:288., y:679., size:31., angle:1.2594609832763672e+002,
       response:8.9915632270276546e-004, octave:0 }
   - { x:292., y:45., size:31., angle:2.4118054199218750e+002,
       response:1.4940941473469138e-003, octave:0 }
   - { x:294., y:45., size:31., angle:2.3676124572753906e+002,
       response:1.6870364779606462e-003, octave:0 }
   - { x:290., y:679., size:31., angle:1.3217974853515625e+002,
       response:8.3627080311998725e-004, octave:0 }
   - { x:390., y:190., size:31., angle:1.3005874633789063e+002,
       response:1.8298890208825469e-003, octave:0 }
   - { x:180., y:438., size:31., angle:1.7392297363281250e+002,
       response:1.2464409228414297e-003, octave:0 }
   - { x:473., y:332., size:31., angle:1.5570462036132812e+002,
       response:2.7580347377806902e-003, octave:0 }
   - { x:100., y:429., size:31., angle:1.1391891479492187e+002,
       response:1.4689447125419974e-003, octave:0 }
   - { x:129., y:351., size:31., angle:1.2323223114013672e+001,
       response:8.3048071246594191e-004, octave:0 }
   - { x:527., y:332., size:31., angle:3.2614257335662842e+000,
       response:1.3941858196631074e-003, octave:0 }
   - { x:471., y:209., size:31., angle:1.0532386779785156e+002,
       response:2.9613878577947617e-003, octave:0 }
   - { x:300., y:751., size:31., angle:9.0948020935058594e+001,
       response:1.8122015753760934e-003, octave:0 }
   - { x:482., y:371., size:31., angle:3.4350958251953125e+002,
       response:1.4048785669729114e-003, octave:0 }
   - { x:298., y:753., size:31., angle:8.3439811706542969e+001,
       response:1.6126871341839433e-003, octave:0 }
   - { x:425., y:445., size:31., angle:3.4088406372070312e+002,
       response:1.0416763834655285e-003, octave:0 }
   - { x:97., y:424., size:31., angle:1.5495989990234375e+002,
       response:1.5649140113964677e-003, octave:0 }
   - { x:154., y:484., size:31., angle:7.3323001861572266e+000,
       response:1.5565323410555720e-003, octave:0 }
   - { x:465., y:320., size:31., angle:1.9964883422851562e+002,
       response:2.3153231013566256e-003, octave:0 }
   - { x:140., y:334., size:31., angle:3.2526080322265625e+002,
       response:1.0656327940523624e-003, octave:0 }
   - { x:465., y:318., size:31., angle:2.1090325927734375e+002,
       response:2.4244920350611210e-003, octave:0 }
   - { x:142., y:334., size:31., angle:3.3059979248046875e+002,
       response:1.5884882304817438e-003, octave:0 }
   - { x:138., y:403., size:31., angle:9.2875114440917969e+001,
       response:2.7747345156967640e-003, octave:0 }
   - { x:462., y:364., size:31., angle:2.4443994140625000e+002,
       response:1.7141010612249374e-003, octave:0 }
   - { x:285., y:67., size:31., angle:1.3778305053710938e+002,
       response:1.8522014142945409e-003, octave:0 }
   - { x:527., y:334., size:31., angle:1.7040157318115234e+001,
       response:2.8060551267117262e-003, octave:0 }
   - { x:283., y:68., size:31., angle:1.3493931579589844e+002,
       response:1.3348729116842151e-003, octave:0 }
   - { x:447., y:488., size:31., angle:1.8662997436523437e+002,
       response:9.0646737953647971e-004, octave:0 }
   - { x:285., y:69., size:31., angle:1.4501121520996094e+002,
       response:1.7572639044374228e-003, octave:0 }
   - { x:478., y:315., size:31., angle:2.2760679626464844e+002,
       response:1.4192640082910657e-003, octave:0 }
   - { x:138., y:501., size:31., angle:7.7400657653808594e+001,
       response:1.8264367245137691e-003, octave:0 }
   - { x:99., y:299., size:31., angle:1.3288581848144531e+002,
       response:1.4731758274137974e-003, octave:0 }
   - { x:117., y:298., size:31., angle:3.4270336151123047e+001,
       response:8.7159144459292293e-004, octave:0 }
   - { x:457., y:501., size:31., angle:8.3759361267089844e+001,
       response:1.4229919761419296e-003, octave:0 }
   - { x:100., y:297., size:31., angle:1.2993797302246094e+002,
       response:1.0699236299842596e-003, octave:0 }
   - { x:136., y:502., size:31., angle:6.9136108398437500e+001,
       response:1.1512386845424771e-003, octave:0 }
   - { x:141., y:502., size:31., angle:9.1728149414062500e+001,
       response:9.7372627351433039e-004, octave:0 }
   - { x:460., y:502., size:31., angle:9.8510932922363281e+001,
       response:1.7098257085308433e-003, octave:0 }
   - { x:462., y:503., size:31., angle:1.0887797546386719e+002,
       response:1.4171459479257464e-003, octave:0 }
   - { x:462., y:88., size:31., angle:2.2961666870117187e+002,
       response:1.5520234592258930e-003, octave:0 }
   - { x:464., y:89., size:31., angle:2.2725129699707031e+002,
       response:1.2858477421104908e-003, octave:0 }
   - { x:60., y:296., size:31., angle:1.4744630432128906e+002,
       response:2.4603956844657660e-003, octave:0 }
   - { x:119., y:295., size:31., angle:5.1265491485595703e+001,
       response:8.2292064325883985e-004, octave:0 }
   - { x:178., y:510., size:31., angle:2.5418334960937500e+002,
       response:3.0733991879969835e-003, octave:0 }
   - { x:421., y:511., size:31., angle:2.8561431884765625e+002,
