%YAML:1.0
KeyPoints:
   - { x:114., y:408., size:31., angle:2.4372300720214844e+002,
       response:6.2981024384498596e-003, octave:0 }
   - { x:375., y:575., size:31., angle:2.4511824035644531e+002,
       response:4.9783065915107727e-003, octave:0 }
   - { x:308., y:585., size:31., angle:1.7848313903808594e+002,
       response:6.5755955874919891e-003, octave:0 }
   - { x:162., y:618., size:31., angle:1.2898475646972656e+002,
       response:5.1287175156176090e-003, octave:0 }
   - { x:349., y:575., size:31., angle:2.3018711853027344e+002,
       response:5.4174745455384254e-003, octave:0 }
   - { x:275., y:531., size:31., angle:5.8421157836914063e+001,
       response:4.8688743263483047e-003, octave:0 }
   - { x:168., y:618., size:31., angle:3.5108517456054687e+002,
       response:3.3232874702662230e-003, octave:0 }
   - { x:451., y:310., size:31., angle:1.1356845855712891e+002,
       response:5.1599903963506222e-003, octave:0 }
   - { x:191., y:536., size:31., angle:1.4020698547363281e+002,
       response:4.9662473611533642e-003, octave:0 }
   - { x:275., y:497., size:31., angle:5.8493247985839844e+001,
       response:3.0125144403427839e-003, octave:0 }
   - { x:186., y:619., size:31., angle:5.8431868553161621e+000,
       response:3.6834396887570620e-003, octave:0 }
   - { x:82., y:145., size:31., angle:2.4499993896484375e+002,
       response:1.7639964353293180e-003, octave:0 }
   - { x:347., y:619., size:31., angle:2.2166554260253906e+002,
       response:3.0364710837602615e-003, octave:0 }
   - { x:85., y:151., size:31., angle:2.4855220031738281e+002,
       response:1.7516714287921786e-003, octave:0 }
   - { x:159., y:601., size:31., angle:2.1360111999511719e+002,
       response:3.0232788994908333e-003, octave:0 }
   - { x:301., y:408., size:31., angle:2.8859771728515625e+002,
       response:7.2529385797679424e-003, octave:0 }
   - { x:164., y:599., size:31., angle:3.0919982910156250e+002,
       response:5.7369442656636238e-003, octave:0 }
   - { x:349., y:452., size:31., angle:2.7878026962280273e+000,
       response:5.4327081888914108e-003, octave:0 }
   - { x:347., y:568., size:31., angle:9.8502258300781250e+001,
       response:5.0654881633818150e-003, octave:0 }
   - { x:252., y:763., size:31., angle:1.0479476165771484e+002,
       response:6.1025614850223064e-003, octave:0 }
   - { x:163., y:452., size:31., angle:1.4873593139648437e+002,
       response:4.5221745967864990e-003, octave:0 }
   - { x:366., y:597., size:31., angle:1.9119075012207031e+002,
       response:6.6021750681102276e-003, octave:0 }
   - { x:228., y:690., size:31., angle:2.0873869323730469e+002,
       response:2.9399935156106949e-003, octave:0 }
   - { x:488., y:166., size:31., angle:3.0538128662109375e+002,
       response:3.1613463070243597e-003, octave:0 }
   - { x:386., y:585., size:31., angle:3.3509793090820312e+002,
       response:6.1971861869096756e-003, octave:0 }
   - { x:331., y:449., size:31., angle:1.6840147399902344e+002,
       response:7.8547364100813866e-003, octave:0 }
   - { x:186., y:292., size:31., angle:3.2751806640625000e+002,
       response:1.9315168028697371e-003, octave:0 }
   - { x:161., y:621., size:31., angle:1.5067811584472656e+002,
       response:5.7771145366132259e-003, octave:0 }
   - { x:344., y:621., size:31., angle:2.1265124511718750e+002,
       response:4.0191216394305229e-003, octave:0 }
   - { x:189., y:654., size:31., angle:1.1632621765136719e+002,
       response:3.9977710694074631e-003, octave:0 }
   - { x:156., y:587., size:31., angle:2.3895883178710937e+002,
       response:4.9444050528109074e-003, octave:0 }
   - { x:170., y:622., size:31., angle:3.5403640747070312e+002,
       response:4.0775286033749580e-003, octave:0 }
   - { x:155., y:554., size:31., angle:5.0563297271728516e+001,
       response:6.5987790003418922e-003, octave:0 }
   - { x:331., y:446., size:31., angle:1.8434420776367187e+002,
       response:5.8408705517649651e-003, octave:0 }
   - { x:420., y:421., size:31., angle:3.0284869384765625e+002,
       response:3.9598424918949604e-003, octave:0 }
   - { x:162., y:625., size:31., angle:1.4707954406738281e+002,
       response:4.8954691737890244e-003, octave:0 }
   - { x:231., y:640., size:31., angle:3.0567550659179688e+002,
       response:3.2254985999315977e-003, octave:0 }
   - { x:224., y:640., size:31., angle:2.5950097656250000e+002,
       response:2.1492294035851955e-003, octave:0 }
   - { x:229., y:639., size:31., angle:2.9714099121093750e+002,
       response:2.2307082545012236e-003, octave:0 }
   - { x:224., y:638., size:31., angle:2.5488157653808594e+002,
       response:3.5230929497629404e-003, octave:0 }
   - { x:160., y:588., size:31., angle:3.1150317382812500e+002,
       response:4.9277609214186668e-003, octave:0 }
   - { x:370., y:588., size:31., angle:2.0746586608886719e+002,
       response:3.9511267095804214e-003, octave:0 }
   - { x:162., y:589., size:31., angle:3.0620501708984375e+002,
       response:5.6589692831039429e-003, octave:0 }
   - { x:156., y:591., size:31., angle:2.1457601928710937e+002,
       response:3.4195715561509132e-003, octave:0 }
   - { x:95., y:196., size:31., angle:9.8466262817382813e+001,
       response:3.7189372815191746e-003, octave:0 }
   - { x:418., y:421., size:31., angle:3.0858538818359375e+002,
       response:3.5477764904499054e-003, octave:0 }
   - { x:82., y:199., size:31., angle:2.6270535278320312e+002,
       response:5.9718047268688679e-003, octave:0 }
   - { x:93., y:257., size:31., angle:7.4941314697265625e+001,
       response:3.7725979927927256e-003, octave:0 }
   - { x:343., y:434., size:31., angle:3.1575018310546875e+002,
       response:3.0539364088326693e-003, octave:0 }
   - { x:181., y:434., size:31., angle:3.0721615600585937e+002,
       response:4.5554996468126774e-003, octave:0 }
   - { x:317., y:632., size:31., angle:3.2388336181640625e+002,
       response:1.9832742400467396e-003, octave:0 }
   - { x:165., y:627., size:31., angle:1.2100814819335938e+002,
       response:5.5916942656040192e-003, octave:0 }
   - { x:164., y:631., size:31., angle:1.2060723876953125e+002,
       response:6.3446694985032082e-003, octave:0 }
   - { x:173., y:628., size:31., angle:2.9891469955444336e+001,
       response:6.3698152080178261e-003, octave:0 }
   - { x:178., y:433., size:31., angle:3.1616436767578125e+002,
       response:6.0479482635855675e-003, octave:0 }
   - { x:160., y:432., size:31., angle:1.8579516601562500e+002,
       response:3.6435530055314302e-003, octave:0 }
   - { x:462., y:227., size:31., angle:1.2524362182617187e+002,
       response:2.7976431883871555e-003, octave:0 }
   - { x:477., y:237., size:31., angle:3.0702178955078125e+002,
       response:5.6556961499154568e-003, octave:0 }
   - { x:177., y:427., size:31., angle:2.8538232421875000e+002,
       response:3.5719224251806736e-003, octave:0 }
   - { x:297., y:616., size:31., angle:1.6503295898437500e+002,
       response:6.0894051566720009e-003, octave:0 }
   - { x:175., y:600., size:31., angle:3.3250137329101563e+002,
       response:5.5752405896782875e-003, octave:0 }
   - { x:167., y:612., size:31., angle:4.5135369300842285e+000,
       response:4.2269742116332054e-003, octave:0 }
   - { x:166., y:616., size:31., angle:3.4404281616210937e+001,
       response:2.8788486961275339e-003, octave:0 }
   - { x:125., y:349., size:31., angle:2.3934823608398437e+002,
       response:6.4627332612872124e-003, octave:0 }
   - { x:314., y:603., size:31., angle:2.2586642456054687e+002,
       response:2.5714144576340914e-003, octave:0 }
   - { x:160., y:615., size:31., angle:1.3047778320312500e+002,
       response:3.6654463037848473e-003, octave:0 }
   - { x:355., y:614., size:31., angle:2.3221389770507812e+002,
       response:3.2321736216545105e-003, octave:0 }
   - { x:410., y:358., size:31., angle:3.1774685668945312e+002,
       response:4.9100434407591820e-003, octave:0 }
   - { x:391., y:603., size:31., angle:3.4462866210937500e+002,
