%YAML:1.0
KeyPoints:
   - { x:220., y:510., size:31., angle:1.1297335052490234e+002,
       response:7.1521797217428684e-003, octave:0 }
   - { x:262., y:521., size:31., angle:4.7827869415283203e+001,
       response:6.3766892999410629e-003, octave:0 }
   - { x:397., y:313., size:31., angle:1.7360327148437500e+002,
       response:7.4327411130070686e-003, octave:0 }
   - { x:136., y:336., size:31., angle:3.3321420288085937e+002,
       response:6.1435708776116371e-003, octave:0 }
   - { x:159., y:533., size:31., angle:7.8859336853027344e+001,
       response:5.9181768447160721e-003, octave:0 }
   - { x:347., y:375., size:31., angle:2.3739718627929687e+002,
       response:5.9491991996765137e-003, octave:0 }
   - { x:471., y:617., size:31., angle:1.5096794128417969e+002,
       response:4.9470830708742142e-003, octave:0 }
   - { x:225., y:677., size:31., angle:5.0444549560546875e+001,
       response:5.8802668936550617e-003, octave:0 }
   - { x:210., y:426., size:31., angle:2.2478250122070312e+002,
       response:5.7857166975736618e-003, octave:0 }
   - { x:128., y:536., size:31., angle:6.6269508361816406e+001,
       response:5.4212710820138454e-003, octave:0 }
   - { x:394., y:311., size:31., angle:1.7348052978515625e+002,
       response:5.3949556313455105e-003, octave:0 }
   - { x:447., y:566., size:31., angle:9.2919876098632813e+001,
       response:6.7006982862949371e-003, octave:0 }
   - { x:429., y:469., size:31., angle:2.7189501953125000e+002,
       response:5.4850992746651173e-003, octave:0 }
   - { x:373., y:366., size:31., angle:2.4692984008789062e+002,
       response:5.5965464562177658e-003, octave:0 }
   - { x:214., y:683., size:31., angle:7.8700126647949219e+001,
       response:5.8540455065667629e-003, octave:0 }
   - { x:333., y:536., size:31., angle:1.3621363830566406e+002,
       response:4.9181883223354816e-003, octave:0 }
   - { x:98., y:462., size:31., angle:3.1394735717773437e+002,
       response:5.5291405878961086e-003, octave:0 }
   - { x:319., y:515., size:31., angle:9.4106605529785156e+001,
       response:9.1287018731236458e-003, octave:0 }
   - { x:274., y:512., size:31., angle:1.0437879943847656e+002,
       response:7.7738747932016850e-003, octave:0 }
   - { x:461., y:568., size:31., angle:1.1777669525146484e+002,
       response:5.4974048398435116e-003, octave:0 }
   - { x:277., y:511., size:31., angle:1.1276344299316406e+002,
       response:6.2763323076069355e-003, octave:0 }
   - { x:341., y:607., size:31., angle:3.1424212646484375e+002,
       response:8.6131803691387177e-003, octave:0 }
   - { x:143., y:346., size:31., angle:3.1164956665039062e+002,
       response:6.5788817591965199e-003, octave:0 }
   - { x:402., y:322., size:31., angle:1.6998287963867187e+002,
       response:4.8648309893906116e-003, octave:0 }
   - { x:366., y:439., size:31., angle:2.7871841430664062e+002,
       response:5.5667827837169170e-003, octave:0 }
   - { x:352., y:377., size:31., angle:2.4621017456054687e+002,
       response:8.6436001583933830e-003, octave:0 }
   - { x:466., y:568., size:31., angle:1.3121276855468750e+002,
       response:4.8591201193630695e-003, octave:0 }
   - { x:361., y:371., size:31., angle:2.4877848815917969e+002,
       response:5.0851898267865181e-003, octave:0 }
   - { x:440., y:468., size:31., angle:2.5568186950683594e+002,
       response:6.4453664235770702e-003, octave:0 }
   - { x:426., y:472., size:31., angle:2.7663763427734375e+002,
       response:7.8839780762791634e-003, octave:0 }
   - { x:388., y:363., size:31., angle:2.3537268066406250e+002,
       response:6.6882707178592682e-003, octave:0 }
   - { x:457., y:445., size:31., angle:1.8353877258300781e+002,
       response:4.9551506526768208e-003, octave:0 }
   - { x:102., y:469., size:31., angle:3.0387719726562500e+002,
       response:5.4824245162308216e-003, octave:0 }
   - { x:250., y:540., size:31., angle:2.8294471740722656e+001,
       response:5.1095546223223209e-003, octave:0 }
   - { x:158., y:351., size:31., angle:2.8678042602539062e+002,
       response:6.6742864437401295e-003, octave:0 }
   - { x:337., y:607., size:31., angle:3.1502154541015625e+002,
       response:6.9400789216160774e-003, octave:0 }
   - { x:326., y:592., size:31., angle:3.2085034179687500e+002,
       response:4.9326042644679546e-003, octave:0 }
   - { x:117., y:542., size:31., angle:5.6562015533447266e+001,
       response:5.1375553011894226e-003, octave:0 }
   - { x:152., y:352., size:31., angle:2.9419958496093750e+002,
       response:6.5680481493473053e-003, octave:0 }
   - { x:120., y:542., size:31., angle:6.0667366027832031e+001,
       response:5.1073585636913776e-003, octave:0 }
   - { x:437., y:472., size:31., angle:2.6327026367187500e+002,
       response:7.6200100593268871e-003, octave:0 }
   - { x:372., y:438., size:31., angle:2.9902224731445312e+002,
       response:5.2427444607019424e-003, octave:0 }
   - { x:170., y:353., size:31., angle:2.8203530883789062e+002,
       response:4.9000922590494156e-003, octave:0 }
   - { x:409., y:464., size:31., angle:3.0266778564453125e+002,
       response:5.3926073014736176e-003, octave:0 }
   - { x:322., y:591., size:31., angle:3.2329626464843750e+002,
       response:4.8992908559739590e-003, octave:0 }
   - { x:199., y:475., size:31., angle:1.7540304565429687e+002,
       response:6.2521309591829777e-003, octave:0 }
   - { x:441., y:563., size:31., angle:8.1307510375976562e+001,
       response:5.3581385873258114e-003, octave:0 }
   - { x:399., y:457., size:31., angle:3.0852804565429687e+002,
       response:6.9473939947783947e-003, octave:0 }
   - { x:163., y:355., size:31., angle:2.8321481323242187e+002,
       response:6.2145008705556393e-003, octave:0 }
   - { x:165., y:355., size:31., angle:2.8140411376953125e+002,
       response:7.6716043986380100e-003, octave:0 }
   - { x:341., y:483., size:31., angle:1.0464390754699707e+001,
       response:6.1113233678042889e-003, octave:0 }
   - { x:383., y:362., size:31., angle:2.4083151245117187e+002,
       response:7.1010049432516098e-003, octave:0 }
   - { x:190., y:362., size:31., angle:2.9635134887695312e+002,
       response:5.5087553337216377e-003, octave:0 }
   - { x:380., y:445., size:31., angle:2.9663327026367187e+002,
       response:5.4738442413508892e-003, octave:0 }
   - { x:439., y:471., size:31., angle:2.6129257202148437e+002,
       response:7.2793229483067989e-003, octave:0 }
   - { x:119., y:474., size:31., angle:2.6090841674804687e+002,
       response:8.0159883946180344e-003, octave:0 }
   - { x:176., y:357., size:31., angle:2.8550952148437500e+002,
       response:8.0404607579112053e-003, octave:0 }
   - { x:369., y:440., size:31., angle:2.9207531738281250e+002,
       response:8.2475282251834869e-003, octave:0 }
   - { x:402., y:456., size:31., angle:3.0919528198242187e+002,
       response:5.7327025569975376e-003, octave:0 }
   - { x:112., y:548., size:31., angle:5.0542480468750000e+001,
       response:5.4336041212081909e-003, octave:0 }
   - { x:365., y:435., size:31., angle:2.7502252197265625e+002,
       response:5.1643862389028072e-003, octave:0 }
   - { x:111., y:474., size:31., angle:2.8160180664062500e+002,
       response:6.3780886121094227e-003, octave:0 }
   - { x:364., y:373., size:31., angle:2.4948130798339844e+002,
       response:5.6800725869834423e-003, octave:0 }
   - { x:379., y:368., size:31., angle:2.4441587829589844e+002,
       response:6.8365801125764847e-003, octave:0 }
   - { x:451., y:563., size:31., angle:9.8590942382812500e+001,
       response:5.8180070482194424e-003, octave:0 }
   - { x:201., y:369., size:31., angle:3.0795523071289062e+002,
       response:6.5214927308261395e-003, octave:0 }
   - { x:377., y:369., size:31., angle:2.4500018310546875e+002,
       response:8.5439104586839676e-003, octave:0 }
   - { x:367., y:372., size:31., angle:2.5140930175781250e+002,
       response:6.0459142550826073e-003, octave:0 }
   - { x:449., y:565., size:31., angle:9.7483238220214844e+001,
