%YAML:1.0
KeyPoints:
   - { x:415., y:756., size:31., angle:1.0233251190185547e+002,
       response:7.2154714725911617e-003, octave:0 }
   - { x:388., y:756., size:31., angle:9.2706222534179687e+001,
       response:5.9629408642649651e-003, octave:0 }
   - { x:387., y:760., size:31., angle:9.5683731079101563e+001,
       response:4.4462867081165314e-003, octave:0 }
   - { x:378., y:756., size:31., angle:1.0419644927978516e+002,
       response:4.6310792677104473e-003, octave:0 }
   - { x:357., y:756., size:31., angle:1.2185975646972656e+002,
       response:3.6852310877293348e-003, octave:0 }
   - { x:302., y:756., size:31., angle:9.8028274536132813e+001,
       response:4.0748436003923416e-003, octave:0 }
   - { x:416., y:760., size:31., angle:9.7312698364257813e+001,
       response:4.2651570402085781e-003, octave:0 }
   - { x:391., y:749., size:31., angle:3.1502227783203125e+002,
       response:4.7545051202178001e-003, octave:0 }
   - { x:425., y:755., size:31., angle:4.3969760894775391e+001,
       response:4.6705892309546471e-003, octave:0 }
   - { x:398., y:755., size:31., angle:7.3375411987304688e+001,
       response:4.3772477656602859e-003, octave:0 }
   - { x:369., y:755., size:31., angle:9.9495231628417969e+001,
       response:5.6376368738710880e-003, octave:0 }
   - { x:310., y:755., size:31., angle:1.0159815216064453e+002,
       response:3.7164206150919199e-003, octave:0 }
   - { x:282., y:755., size:31., angle:8.0704505920410156e+001,
       response:4.0434380061924458e-003, octave:0 }
   - { x:273., y:755., size:31., angle:7.9028106689453125e+001,
       response:3.6831253673881292e-003, octave:0 }
   - { x:247., y:755., size:31., angle:8.7660995483398437e+001,
       response:4.6170400455594063e-003, octave:0 }
   - { x:209., y:756., size:31., angle:8.9109390258789063e+001,
       response:4.8957546241581440e-003, octave:0 }
   - { x:384., y:749., size:31., angle:3.1191683959960937e+002,
       response:4.3809046037495136e-003, octave:0 }
   - { x:388., y:753., size:31., angle:9.6107940673828125e+001,
       response:5.8568250387907028e-003, octave:0 }
   - { x:369., y:753., size:31., angle:9.8738235473632813e+001,
       response:3.5963428672403097e-003, octave:0 }
   - { x:359., y:752., size:31., angle:1.2197872161865234e+002,
       response:3.9136898703873158e-003, octave:0 }
   - { x:186., y:758., size:31., angle:8.9884544372558594e+001,
       response:5.7542701251804829e-003, octave:0 }
   - { x:248., y:752., size:31., angle:4.8131320953369141e+001,
       response:4.3016192503273487e-003, octave:0 }
   - { x:280., y:748., size:31., angle:2.7680999755859375e+002,
       response:3.5444290842860937e-003, octave:0 }
   - { x:418., y:757., size:31., angle:8.2675781250000000e+001,
       response:6.5546468831598759e-003, octave:0 }
   - { x:290., y:757., size:31., angle:7.1970855712890625e+001,
       response:4.2273951694369316e-003, octave:0 }
   - { x:414., y:752., size:31., angle:1.2061048889160156e+002,
       response:5.5806785821914673e-003, octave:0 }
   - { x:197., y:758., size:31., angle:8.0077369689941406e+001,
       response:4.7202208079397678e-003, octave:0 }
   - { x:258., y:757., size:31., angle:8.8693931579589844e+001,
       response:4.0498836897313595e-003, octave:0 }
   - { x:366., y:757., size:31., angle:9.9515830993652344e+001,
       response:5.3156064823269844e-003, octave:0 }
   - { x:425., y:744., size:31., angle:3.1514599609375000e+002,
       response:4.7685150057077408e-003, octave:0 }
   - { x:376., y:757., size:31., angle:1.0505325317382812e+002,
       response:4.6911262907087803e-003, octave:0 }
   - { x:309., y:759., size:31., angle:9.1855468750000000e+001,
       response:6.1933998949825764e-003, octave:0 }
   - { x:292., y:758., size:31., angle:8.2032173156738281e+001,
       response:4.1220677085220814e-003, octave:0 }
   - { x:388., y:744., size:31., angle:2.7002362060546875e+002,
       response:3.9022914133965969e-003, octave:0 }
   - { x:369., y:744., size:31., angle:2.7017120361328125e+002,
       response:3.9198496378958225e-003, octave:0 }
   - { x:376., y:749., size:31., angle:2.1036830139160156e+002,
       response:4.1815615259110928e-003, octave:0 }
   - { x:372., y:749., size:31., angle:2.1768127441406250e+002,
       response:4.3113501742482185e-003, octave:0 }
   - { x:369., y:749., size:31., angle:2.5859573364257812e+002,
       response:4.5631988905370235e-003, octave:0 }
   - { x:357., y:749., size:31., angle:1.9921902465820312e+002,
       response:3.5836519673466682e-003, octave:0 }
   - { x:413., y:758., size:31., angle:9.8542236328125000e+001,
       response:5.6352084502577782e-003, octave:0 }
   - { x:260., y:749., size:31., angle:2.7047885131835937e+002,
       response:3.6643848288804293e-003, octave:0 }
   - { x:258., y:749., size:31., angle:2.7405194091796875e+002,
       response:3.7213221658021212e-003, octave:0 }
   - { x:247., y:749., size:31., angle:2.8865905761718750e+002,
       response:3.6327133420854807e-003, octave:0 }
   - { x:210., y:749., size:31., angle:2.5332046508789062e+002,
       response:4.0154922753572464e-003, octave:0 }
   - { x:210., y:759., size:31., angle:9.3957595825195313e+001,
       response:5.0380006432533264e-003, octave:0 }
   - { x:225., y:759., size:31., angle:8.7343719482421875e+001,
       response:5.0938548520207405e-003, octave:0 }
   - { x:380., y:748., size:31., angle:2.3137998962402344e+002,
       response:3.7102205678820610e-003, octave:0 }
   - { x:229., y:759., size:31., angle:8.8526100158691406e+001,
       response:4.3513136915862560e-003, octave:0 }
   - { x:247., y:759., size:31., angle:9.2728996276855469e+001,
       response:5.3645195439457893e-003, octave:0 }
   - { x:260., y:759., size:31., angle:9.0149032592773437e+001,
       response:6.6038193181157112e-003, octave:0 }
   - { x:274., y:759., size:31., angle:8.5320899963378906e+001,
       response:6.7962924949824810e-003, octave:0 }
   - { x:282., y:759., size:31., angle:8.5063354492187500e+001,
       response:6.9234329275786877e-003, octave:0 }
   - { x:303., y:747., size:31., angle:2.6170153808593750e+002,
       response:3.8270808290690184e-003, octave:0 }
   - { x:283., y:747., size:31., angle:2.8309573364257812e+002,
       response:4.1493256576359272e-003, octave:0 }
   - { x:302., y:759., size:31., angle:9.5879791259765625e+001,
       response:5.7400618679821491e-003, octave:0 }
   - { x:405., y:742., size:31., angle:2.6612976074218750e+002,
       response:4.0871379896998405e-003, octave:0 }
   - { x:349., y:759., size:31., angle:1.3315516662597656e+002,
       response:4.2686308734118938e-003, octave:0 }
   - { x:352., y:759., size:31., angle:1.2919395446777344e+002,
       response:5.5365096777677536e-003, octave:0 }
   - { x:416., y:740., size:31., angle:2.6292980957031250e+002,
       response:4.3990081176161766e-003, octave:0 }
   - { x:360., y:759., size:31., angle:9.4462692260742187e+001,
       response:6.3387621194124222e-003, octave:0 }
   - { x:397., y:740., size:31., angle:2.8240634155273437e+002,
       response:4.3814443051815033e-003, octave:0 }
   - { x:369., y:759., size:31., angle:9.6530418395996094e+001,
       response:6.9587812758982182e-003, octave:0 }
   - { x:378., y:759., size:31., angle:9.9725456237792969e+001,
       response:6.3014128245413303e-003, octave:0 }
   - { x:398., y:759., size:31., angle:7.7816589355468750e+001,
       response:7.1389055810868740e-003, octave:0 }
   - { x:405., y:759., size:31., angle:9.2381225585937500e+001,
       response:4.6526575461030006e-003, octave:0 }
   - { x:378., y:745., size:31., angle:2.4957019042968750e+002,
       response:5.3148786537349224e-003, octave:0 }
   - { x:408., y:759., size:31., angle:9.3525253295898437e+001,
       response:6.4769070595502853e-003, octave:0 }
   - { x:425., y:759., size:31., angle:5.5293609619140625e+001,
       response:7.0001566782593727e-003, octave:0 }
   - { x:415., y:744., size:31., angle:2.6072543334960937e+002,
