%YAML:1.0
KeyPoints:
   - { x:455., y:739., size:31., angle:3.3748876953125000e+002,
       response:4.4030104763805866e-003, octave:0 }
   - { x:398., y:754., size:31., angle:8.2023086547851562e+001,
       response:5.2938526496291161e-003, octave:0 }
   - { x:536., y:714., size:31., angle:2.0890472412109375e+002,
       response:6.2710130587220192e-003, octave:0 }
   - { x:313., y:725., size:31., angle:2.9044998168945312e+002,
       response:7.0706414990127087e-003, octave:0 }
   - { x:59., y:716., size:31., angle:2.8302355957031250e+002,
       response:7.4137710034847260e-003, octave:0 }
   - { x:301., y:754., size:31., angle:7.5582015991210938e+001,
       response:4.6012219972908497e-003, octave:0 }
   - { x:281., y:754., size:31., angle:9.6130432128906250e+001,
       response:4.5595052652060986e-003, octave:0 }
   - { x:388., y:735., size:31., angle:2.4880972290039062e+002,
       response:5.9733157977461815e-003, octave:0 }
   - { x:84., y:733., size:31., angle:2.7072906494140625e+002,
       response:5.0016869790852070e-003, octave:0 }
   - { x:517., y:733., size:31., angle:2.5845819091796875e+002,
       response:4.7428756952285767e-003, octave:0 }
   - { x:237., y:754., size:31., angle:9.1011924743652344e+001,
       response:6.1801341362297535e-003, octave:0 }
   - { x:540., y:716., size:31., angle:2.5892434692382813e+002,
       response:7.6594827696681023e-003, octave:0 }
   - { x:529., y:674., size:31., angle:1.4139309692382812e+002,
       response:5.2688452415168285e-003, octave:0 }
   - { x:269., y:755., size:31., angle:7.9710166931152344e+001,
       response:4.2683547362685204e-003, octave:0 }
   - { x:153., y:732., size:31., angle:2.7063934326171875e+002,
       response:5.0715878605842590e-003, octave:0 }
   - { x:200., y:718., size:31., angle:2.5490463256835937e+002,
       response:5.0256950780749321e-003, octave:0 }
   - { x:390., y:755., size:31., angle:9.7796173095703125e+001,
       response:5.1951166242361069e-003, octave:0 }
   - { x:337., y:458., size:31., angle:2.7950256347656250e+002,
       response:4.7284755855798721e-003, octave:0 }
   - { x:70., y:674., size:31., angle:3.8717845916748047e+001,
       response:5.0892592407763004e-003, octave:0 }
   - { x:222., y:752., size:31., angle:9.7710273742675781e+001,
       response:4.4253598898649216e-003, octave:0 }
   - { x:384., y:754., size:31., angle:1.1595225524902344e+002,
       response:5.2295811474323273e-003, octave:0 }
   - { x:191., y:312., size:31., angle:3.3696548461914063e+001,
       response:6.5965624526143074e-003, octave:0 }
   - { x:339., y:425., size:31., angle:3.1262765502929688e+002,
       response:4.2894463986158371e-003, octave:0 }
   - { x:533., y:671., size:31., angle:5.9533058166503906e+001,
       response:1.0186579078435898e-002, octave:0 }
   - { x:63., y:714., size:31., angle:3.3046368408203125e+002,
       response:6.2654893845319748e-003, octave:0 }
   - { x:331., y:424., size:31., angle:2.7351022338867187e+002,
       response:4.4181221164762974e-003, octave:0 }
   - { x:340., y:458., size:31., angle:2.8936154174804687e+002,
       response:5.0055547617375851e-003, octave:0 }
   - { x:277., y:743., size:31., angle:2.6974426269531250e+002,
       response:5.6369202211499214e-003, octave:0 }
   - { x:309., y:755., size:31., angle:5.4090301513671875e+001,
       response:4.5993817038834095e-003, octave:0 }
   - { x:66., y:671., size:31., angle:1.2106980133056641e+002,
       response:9.7725819796323776e-003, octave:0 }
   - { x:241., y:755., size:31., angle:9.2715744018554687e+001,
       response:4.2611816897988319e-003, octave:0 }
   - { x:523., y:739., size:31., angle:3.4529794311523437e+002,
       response:4.5901434496045113e-003, octave:0 }
   - { x:511., y:739., size:31., angle:2.0563436889648437e+002,
       response:4.5356848277151585e-003, octave:0 }
   - { x:488., y:739., size:31., angle:3.3183895874023437e+002,
       response:4.4272271916270256e-003, octave:0 }
   - { x:545., y:691., size:31., angle:3.4684091186523437e+002,
       response:6.4417566172778606e-003, octave:0 }
   - { x:339., y:441., size:31., angle:5.0208866119384766e+001,
       response:4.9471319653093815e-003, octave:0 }
   - { x:476., y:739., size:31., angle:2.0332534790039062e+002,
       response:4.7082114033401012e-003, octave:0 }
   - { x:261., y:735., size:31., angle:2.6381436157226562e+002,
       response:4.5935739763081074e-003, octave:0 }
   - { x:113., y:739., size:31., angle:2.0720433044433594e+002,
       response:4.5638824813067913e-003, octave:0 }
   - { x:91., y:739., size:31., angle:3.3685568237304687e+002,
       response:4.4378768652677536e-003, octave:0 }
   - { x:78., y:739., size:31., angle:2.0124435424804687e+002,
       response:4.6956879086792469e-003, octave:0 }
   - { x:224., y:744., size:31., angle:2.1904536437988281e+002,
       response:7.7519733458757401e-003, octave:0 }
   - { x:255., y:735., size:31., angle:2.6817315673828125e+002,
       response:5.3980760276317596e-003, octave:0 }
   - { x:202., y:735., size:31., angle:2.5566101074218750e+002,
       response:5.4766694083809853e-003, octave:0 }
   - { x:206., y:759., size:31., angle:9.6089332580566406e+001,
       response:4.5900279656052589e-003, octave:0 }
   - { x:442., y:739., size:31., angle:2.0398213195800781e+002,
       response:4.6152761206030846e-003, octave:0 }
   - { x:391., y:723., size:31., angle:3.1211203002929687e+002,
       response:4.7589745372533798e-003, octave:0 }
   - { x:216., y:750., size:31., angle:9.2154975891113281e+001,
       response:4.4238064438104630e-003, octave:0 }
   - { x:290., y:734., size:31., angle:2.6611007690429687e+002,
       response:5.6447871029376984e-003, octave:0 }
   - { x:243., y:734., size:31., angle:2.7927844238281250e+002,
       response:4.2731328867375851e-003, octave:0 }
   - { x:191., y:307., size:31., angle:4.7549774169921875e+001,
       response:6.6501847468316555e-003, octave:0 }
   - { x:267., y:735., size:31., angle:2.7435882568359375e+002,
       response:4.6851122751832008e-003, octave:0 }
   - { x:483., y:732., size:31., angle:2.7247009277343750e+002,
       response:4.5014061033725739e-003, octave:0 }
   - { x:241., y:725., size:31., angle:2.7510140991210937e+002,
       response:6.5271281637251377e-003, octave:0 }
   - { x:401., y:735., size:31., angle:2.7696060180664062e+002,
       response:5.0270408391952515e-003, octave:0 }
   - { x:81., y:749., size:31., angle:1.1527990722656250e+002,
       response:4.2530978098511696e-003, octave:0 }
   - { x:204., y:724., size:31., angle:3.1066635131835937e+002,
       response:3.9278408512473106e-003, octave:0 }
   - { x:199., y:742., size:31., angle:2.1420298767089844e+002,
       response:3.9076516404747963e-003, octave:0 }
   - { x:147., y:739., size:31., angle:2.0565634155273438e+002,
       response:4.1882442310452461e-003, octave:0 }
   - { x:216., y:755., size:31., angle:7.5521186828613281e+001,
       response:3.7274840287864208e-003, octave:0 }
   - { x:359., y:755., size:31., angle:1.1110773468017578e+002,
       response:3.7718035746365786e-003, octave:0 }
   - { x:410., y:750., size:31., angle:4.1263156890869141e+001,
       response:3.9947014302015305e-003, octave:0 }
   - { x:293., y:755., size:31., angle:8.9160392761230469e+001,
       response:3.6562641616910696e-003, octave:0 }
   - { x:232., y:754., size:31., angle:1.0072680664062500e+002,
       response:3.8952489849179983e-003, octave:0 }
   - { x:125., y:739., size:31., angle:3.3580673217773437e+002,
       response:4.2058019898831844e-003, octave:0 }
   - { x:289., y:461., size:31., angle:2.4983294677734375e+002,
       response:4.2201676405966282e-003, octave:0 }
   - { x:273., y:734., size:31., angle:2.7393972778320312e+002,
       response:3.9039715193212032e-003, octave:0 }
   - { x:118., y:202., size:31., angle:2.2063946533203125e+002,
       response:3.7711290642619133e-003, octave:0 }
   - { x:298., y:734., size:31., angle:2.5211672973632812e+002,
