%YAML:1.0
KeyPoints:
   - { x:146., y:64., size:31., angle:3.3897744750976562e+002,
       response:2.3079677484929562e-003, octave:0 }
   - { x:156., y:33., size:31., angle:2.7792578125000000e+002,
       response:2.5270169135183096e-003, octave:0 }
   - { x:200., y:33., size:31., angle:5.0848159790039063e+001,
       response:2.9434056486934423e-003, octave:0 }
   - { x:200., y:61., size:31., angle:2.0409524536132812e+002,
       response:3.7624188698828220e-003, octave:0 }
   - { x:229., y:34., size:31., angle:2.4835150146484375e+002,
       response:1.1370631400495768e-003, octave:0 }
   - { x:416., y:68., size:31., angle:1.0587039947509766e+001,
       response:2.3012442979961634e-003, octave:0 }
   - { x:198., y:37., size:31., angle:8.6419853210449219e+001,
       response:5.0703366287052631e-003, octave:0 }
   - { x:337., y:86., size:31., angle:9.2612251281738281e+001,
       response:8.4229297935962677e-003, octave:0 }
   - { x:411., y:249., size:31., angle:3.4196078491210937e+002,
       response:4.5621902681887150e-003, octave:0 }
   - { x:458., y:746., size:31., angle:1.5625871276855469e+002,
       response:1.6329671489074826e-003, octave:0 }
   - { x:179., y:56., size:31., angle:3.4521679687500000e+002,
       response:4.8424238339066505e-003, octave:0 }
   - { x:221., y:56., size:31., angle:9.6292976379394531e+001,
       response:1.8732008757069707e-003, octave:0 }
   - { x:232., y:41., size:31., angle:2.3472795104980469e+002,
       response:6.9485073909163475e-003, octave:0 }
   - { x:455., y:728., size:31., angle:1.4181579589843750e+002,
       response:2.7751955203711987e-003, octave:0 }
   - { x:279., y:63., size:31., angle:1.3819787597656250e+002,
       response:4.3335342779755592e-003, octave:0 }
   - { x:159., y:42., size:31., angle:1.9593383789062500e+001,
       response:4.2725959792733192e-003, octave:0 }
   - { x:442., y:283., size:31., angle:1.9734817504882812e+002,
       response:3.5054779145866632e-003, octave:0 }
   - { x:151., y:38., size:31., angle:2.2551530456542969e+002,
       response:1.6272587236016989e-003, octave:0 }
   - { x:178., y:31., size:31., angle:1.2170271301269531e+002,
       response:1.0076570324599743e-003, octave:0 }
   - { x:162., y:64., size:31., angle:4.0305740356445313e+001,
       response:7.3935757391154766e-003, octave:0 }
   - { x:149., y:57., size:31., angle:3.0970367431640625e+002,
       response:4.3581654317677021e-003, octave:0 }
   - { x:299., y:684., size:31., angle:2.8362225341796875e+002,
       response:1.0214642388746142e-003, octave:0 }
   - { x:214., y:283., size:31., angle:1.8765005111694336e+001,
       response:5.3798840381205082e-003, octave:0 }
   - { x:216., y:74., size:31., angle:3.2455260753631592e+000,
       response:1.3520256616175175e-003, octave:0 }
   - { x:421., y:285., size:31., angle:3.2350573730468750e+002,
       response:2.5871228426694870e-003, octave:0 }
   - { x:225., y:637., size:31., angle:2.4301968383789062e+002,
       response:1.3451083796098828e-003, octave:0 }
   - { x:230., y:188., size:31., angle:1.6682498931884766e+001,
       response:1.5210849232971668e-003, octave:0 }
   - { x:67., y:462., size:31., angle:8.2428115844726563e+001,
       response:9.3174201902002096e-004, octave:0 }
   - { x:281., y:457., size:31., angle:3.4306265258789062e+002,
       response:1.1305453954264522e-003, octave:0 }
   - { x:390., y:206., size:31., angle:2.8585427856445312e+002,
       response:1.0047529358416796e-003, octave:0 }
   - { x:261., y:59., size:31., angle:1.1750905609130859e+002,
       response:5.8372672647237778e-003, octave:0 }
   - { x:263., y:49., size:31., angle:2.5838336181640625e+002,
       response:5.3588324226438999e-003, octave:0 }
   - { x:214., y:411., size:31., angle:1.0077873229980469e+002,
       response:1.3564479304477572e-003, octave:0 }
   - { x:286., y:59., size:31., angle:2.5302877807617187e+002,
       response:4.6977256424725056e-003, octave:0 }
   - { x:261., y:104., size:31., angle:1.6927877807617187e+002,
       response:1.5218954067677259e-003, octave:0 }
   - { x:453., y:238., size:31., angle:3.5767578125000000e+001,
       response:2.2391120437532663e-003, octave:0 }
   - { x:442., y:239., size:31., angle:1.7228399658203125e+002,
       response:4.7828727401793003e-003, octave:0 }
   - { x:153., y:60., size:31., angle:3.2411724853515625e+002,
       response:6.4764632843434811e-003, octave:0 }
   - { x:375., y:505., size:31., angle:1.7145364379882812e+002,
       response:1.2349218595772982e-003, octave:0 }
   - { x:282., y:506., size:31., angle:4.7807666778564453e+001,
       response:5.5909710936248302e-003, octave:0 }
   - { x:233., y:374., size:31., angle:3.3777301025390625e+002,
       response:1.6263424186035991e-003, octave:0 }
   - { x:200., y:377., size:31., angle:8.4773651123046875e+001,
       response:4.2596911080181599e-003, octave:0 }
   - { x:342., y:73., size:31., angle:3.2617419433593750e+002,
       response:3.2326658256351948e-003, octave:0 }
   - { x:102., y:89., size:31., angle:1.1382518768310547e+002,
       response:4.1426415555179119e-003, octave:0 }
   - { x:270., y:119., size:31., angle:6.8055770874023438e+001,
       response:1.2036423431709409e-003, octave:0 }
   - { x:200., y:59., size:31., angle:2.1737011718750000e+002,
       response:2.7188854292035103e-003, octave:0 }
   - { x:222., y:765., size:31., angle:1.4701403808593750e+002,
       response:2.4287509731948376e-003, octave:0 }
   - { x:450., y:242., size:31., angle:1.4181733703613281e+002,
       response:2.2328973282128572e-003, octave:0 }
   - { x:196., y:707., size:31., angle:1.2060139465332031e+002,
       response:7.2187895420938730e-004, octave:0 }
   - { x:150., y:65., size:31., angle:3.4787579345703125e+002,
       response:1.7618066631257534e-003, octave:0 }
   - { x:268., y:115., size:31., angle:6.9359016418457031e+001,
       response:8.5863220738247037e-004, octave:0 }
   - { x:445., y:531., size:31., angle:3.0975566864013672e+001,
       response:2.3453540634363890e-003, octave:0 }
   - { x:154., y:41., size:31., angle:3.5562588500976562e+002,
       response:3.0204653739929199e-003, octave:0 }
   - { x:229., y:375., size:31., angle:3.3237136840820312e+002,
       response:1.8765219720080495e-003, octave:0 }
   - { x:349., y:514., size:31., angle:2.4513414382934570e+001,
       response:8.4104336565360427e-004, octave:0 }
   - { x:149., y:42., size:31., angle:1.9057406616210937e+002,
       response:2.0424320828169584e-003, octave:0 }
   - { x:297., y:516., size:31., angle:1.5770011901855469e+002,
       response:1.3602584367617965e-003, octave:0 }
   - { x:352., y:603., size:31., angle:5.1132431030273437e+000,
       response:8.8686967501416802e-004, octave:0 }
   - { x:151., y:44., size:31., angle:1.8217340087890625e+002,
       response:4.9275537021458149e-003, octave:0 }
   - { x:449., y:239., size:31., angle:1.6073721313476562e+002,
       response:3.9493115618824959e-003, octave:0 }
   - { x:161., y:45., size:31., angle:1.5779885292053223e+001,
       response:1.6635181382298470e-003, octave:0 }
   - { x:301., y:736., size:31., angle:2.8443433761596680e+001,
       response:1.0960838990285993e-003, octave:0 }
   - { x:321., y:723., size:31., angle:3.2488494873046875e+001,
       response:7.2030880255624652e-004, octave:0 }
   - { x:437., y:716., size:31., angle:1.4671655273437500e+002,
       response:2.4653277359902859e-003, octave:0 }
   - { x:350., y:606., size:31., angle:1.4729334831237793e+001,
       response:1.1404684046283364e-003, octave:0 }
   - { x:260., y:100., size:31., angle:2.0196997070312500e+002,
       response:1.2889476493000984e-003, octave:0 }
   - { x:266., y:111., size:31., angle:7.4604820251464844e+001,
       response:8.8402064284309745e-004, octave:0 }
   - { x:401., y:258., size:31., angle:1.2524401855468750e+002,
       response:1.1062334524467587e-003, octave:0 }
   - { x:301., y:599., size:31., angle:1.7816992187500000e+002,
       response:1.0219105752184987e-003, octave:0 }
