%YAML:1.0
KeyPoints:
   - { x:125., y:272., size:31., angle:1.1993839263916016e+002,
       response:1.4935947023332119e-002, octave:0 }
   - { x:164., y:411., size:31., angle:1.3711817932128906e+002,
       response:9.5141883939504623e-003, octave:0 }
   - { x:193., y:68., size:31., angle:2.8572448730468750e+002,
       response:5.9358766302466393e-003, octave:0 }
   - { x:253., y:316., size:31., angle:2.2758291625976562e+002,
       response:7.8758019953966141e-003, octave:0 }
   - { x:499., y:262., size:31., angle:3.1025827026367188e+002,
       response:1.1661246418952942e-002, octave:0 }
   - { x:121., y:265., size:31., angle:1.5796096801757812e+002,
       response:6.2373168766498566e-003, octave:0 }
   - { x:192., y:81., size:31., angle:1.0470491027832031e+002,
       response:5.8599412441253662e-003, octave:0 }
   - { x:93., y:316., size:31., angle:6.5800025939941406e+001,
       response:1.0822177864611149e-002, octave:0 }
   - { x:270., y:367., size:31., angle:2.8779345703125000e+002,
       response:5.9304139576852322e-003, octave:0 }
   - { x:224., y:249., size:31., angle:3.5698880004882812e+002,
       response:9.2379022389650345e-003, octave:0 }
   - { x:237., y:109., size:31., angle:2.9516656494140625e+002,
       response:7.7652656473219395e-003, octave:0 }
   - { x:59., y:602., size:31., angle:2.2005809020996094e+002,
       response:8.8085429742932320e-003, octave:0 }
   - { x:79., y:530., size:31., angle:2.8690557861328125e+002,
       response:9.4129443168640137e-003, octave:0 }
   - { x:146., y:612., size:31., angle:3.0586862182617187e+002,
       response:1.4686583541333675e-002, octave:0 }
   - { x:191., y:430., size:31., angle:8.6861656188964844e+001,
       response:7.4952337890863419e-003, octave:0 }
   - { x:74., y:383., size:31., angle:4.9384059906005859e+001,
       response:1.1464433744549751e-002, octave:0 }
   - { x:294., y:117., size:31., angle:2.5823748779296875e+002,
       response:1.3100370764732361e-002, octave:0 }
   - { x:477., y:682., size:31., angle:1.1929116821289062e+002,
       response:1.2122347950935364e-002, octave:0 }
   - { x:76., y:403., size:31., angle:3.5634295654296875e+002,
       response:9.2194359749555588e-003, octave:0 }
   - { x:265., y:120., size:31., angle:2.7035925292968750e+002,
       response:1.1528415605425835e-002, octave:0 }
   - { x:510., y:314., size:31., angle:2.3816543579101562e+002,
       response:9.7453305497765541e-003, octave:0 }
   - { x:90., y:599., size:31., angle:1.1128121185302734e+002,
       response:1.3809593394398689e-002, octave:0 }
   - { x:135., y:613., size:31., angle:2.7636199951171875e+002,
       response:1.2566902674734592e-002, octave:0 }
   - { x:281., y:240., size:31., angle:1.5492376708984375e+002,
       response:7.4791251681745052e-003, octave:0 }
   - { x:127., y:374., size:31., angle:2.9347460937500000e+002,
       response:1.0569545440375805e-002, octave:0 }
   - { x:284., y:238., size:31., angle:1.5706080627441406e+002,
       response:1.2948840856552124e-002, octave:0 }
   - { x:486., y:272., size:31., angle:1.5472665405273437e+002,
       response:9.7857890650629997e-003, octave:0 }
   - { x:140., y:619., size:31., angle:3.3877935791015625e+002,
       response:1.6929481178522110e-002, octave:0 }
   - { x:408., y:687., size:31., angle:8.8446060180664062e+001,
       response:1.3526747003197670e-002, octave:0 }
   - { x:275., y:129., size:31., angle:1.2751017570495605e+001,
       response:1.0067848488688469e-002, octave:0 }
   - { x:289., y:129., size:31., angle:1.0063043212890625e+002,
       response:9.1301230713725090e-003, octave:0 }
   - { x:522., y:539., size:31., angle:7.1437392234802246e+000,
       response:9.0937847271561623e-003, octave:0 }
   - { x:297., y:685., size:31., angle:9.1090766906738281e+001,
       response:1.5616465359926224e-002, octave:0 }
   - { x:260., y:685., size:31., angle:9.0052085876464844e+001,
       response:1.4895767904818058e-002, octave:0 }
   - { x:132., y:625., size:31., angle:4.2994033813476562e+001,
       response:1.5805725008249283e-002, octave:0 }
   - { x:118., y:627., size:31., angle:1.3300837707519531e+002,
       response:1.2643075548112392e-002, octave:0 }
   - { x:95., y:542., size:31., angle:3.4485824584960937e+002,
       response:9.8596764728426933e-003, octave:0 }
   - { x:487., y:274., size:31., angle:1.4625209045410156e+002,
       response:1.1097940616309643e-002, octave:0 }
   - { x:94., y:312., size:31., angle:4.2138881683349609e+001,
       response:7.0280516520142555e-003, octave:0 }
   - { x:519., y:322., size:31., angle:3.4955834960937500e+002,
       response:8.9817149564623833e-003, octave:0 }
   - { x:291., y:141., size:31., angle:1.8864933013916016e+001,
       response:6.9851228035986423e-003, octave:0 }
   - { x:64., y:318., size:31., angle:1.7186572265625000e+002,
       response:6.3198944553732872e-003, octave:0 }
   - { x:78., y:573., size:31., angle:1.1578842926025391e+002,
       response:6.3433283939957619e-003, octave:0 }
   - { x:487., y:545., size:31., angle:1.8216165161132812e+002,
       response:1.2652443721890450e-002, octave:0 }
   - { x:69., y:571., size:31., angle:8.0950027465820313e+001,
       response:1.2608603574335575e-002, octave:0 }
   - { x:511., y:548., size:31., angle:1.0673483276367188e+002,
       response:7.2867777198553085e-003, octave:0 }
   - { x:108., y:321., size:31., angle:4.3037441253662109e+001,
       response:1.4043608680367470e-002, octave:0 }
   - { x:267., y:676., size:31., angle:2.8770324707031250e+002,
       response:8.3841541782021523e-003, octave:0 }
   - { x:387., y:154., size:31., angle:2.8148275756835937e+002,
       response:1.4968138188123703e-002, octave:0 }
   - { x:80., y:570., size:31., angle:1.2378255462646484e+002,
       response:1.0784460231661797e-002, octave:0 }
   - { x:484., y:674., size:31., angle:3.5909594726562500e+002,
       response:6.4859781414270401e-003, octave:0 }
   - { x:178., y:640., size:31., angle:2.6696478271484375e+002,
       response:1.0813620872795582e-002, octave:0 }
   - { x:459., y:652., size:31., angle:2.7952432250976562e+002,
       response:1.2144571170210838e-002, octave:0 }
   - { x:95., y:317., size:31., angle:6.1364753723144531e+001,
       response:1.2831932865083218e-002, octave:0 }
   - { x:80., y:567., size:31., angle:1.3332003784179687e+002,
       response:7.9276552423834801e-003, octave:0 }
   - { x:214., y:168., size:31., angle:2.0425558471679687e+002,
       response:1.2757705524563789e-002, octave:0 }
   - { x:296., y:669., size:31., angle:2.7077276611328125e+002,
       response:6.2797013670206070e-003, octave:0 }
   - { x:266., y:669., size:31., angle:2.8451782226562500e+002,
       response:9.7900182008743286e-003, octave:0 }
   - { x:97., y:287., size:31., angle:1.1844909667968750e+002,
       response:1.1844630353152752e-002, octave:0 }
   - { x:128., y:377., size:31., angle:3.4069982910156250e+002,
       response:9.5177264884114265e-003, octave:0 }
   - { x:367., y:198., size:31., angle:1.1408696746826172e+002,
       response:9.5081450417637825e-003, octave:0 }
   - { x:290., y:287., size:31., angle:1.7743856811523438e+002,
       response:9.0344715863466263e-003, octave:0 }
   - { x:63., y:563., size:31., angle:1.8529490661621094e+002,
       response:6.3032950274646282e-003, octave:0 }
   - { x:489., y:664., size:31., angle:6.9293838500976563e+001,
       response:1.2186827138066292e-002, octave:0 }
   - { x:85., y:178., size:31., angle:2.2939070129394531e+002,
       response:1.0552220046520233e-002, octave:0 }
   - { x:287., y:288., size:31., angle:1.8151107788085937e+002,
       response:9.9491681903600693e-003, octave:0 }
   - { x:87., y:193., size:31., angle:9.2359092712402344e+001,
       response:1.1145451106131077e-002, octave:0 }
   - { x:482., y:656., size:31., angle:2.2901147460937500e+002,
       response:7.1934605948626995e-003, octave:0 }
   - { x:176., y:657., size:31., angle:1.0129714965820312e+002,
