%YAML:1.0
KeyPoints:
   - { x:448., y:155., size:31., angle:3.2138381958007812e+002,
       response:1.2738181278109550e-002, octave:0 }
   - { x:162., y:646., size:31., angle:1.8486842346191406e+002,
       response:1.8418949330225587e-003, octave:0 }
   - { x:69., y:437., size:31., angle:2.3927186584472656e+002,
       response:3.2837328035384417e-003, octave:0 }
   - { x:277., y:645., size:31., angle:1.0288275146484375e+002,
       response:3.1274927314370871e-003, octave:0 }
   - { x:224., y:113., size:31., angle:2.5284783935546875e+002,
       response:1.3651458546519279e-002, octave:0 }
   - { x:105., y:436., size:31., angle:1.1420156478881836e+001,
       response:1.3160232454538345e-002, octave:0 }
   - { x:67., y:434., size:31., angle:2.5143862915039062e+002,
       response:1.9339289283379912e-003, octave:0 }
   - { x:273., y:645., size:31., angle:8.5791000366210938e+001,
       response:2.0859418436884880e-003, octave:0 }
   - { x:519., y:427., size:31., angle:3.5835528564453125e+002,
       response:8.9295040816068649e-003, octave:0 }
   - { x:109., y:424., size:31., angle:2.9151873779296875e+002,
       response:1.7840754240751266e-002, octave:0 }
   - { x:142., y:409., size:31., angle:2.4100904846191406e+002,
       response:1.9600454252213240e-003, octave:0 }
   - { x:275., y:644., size:31., angle:9.4816001892089844e+001,
       response:2.8595393523573875e-003, octave:0 }
   - { x:98., y:544., size:31., angle:1.5325704956054687e+002,
       response:1.0383555665612221e-002, octave:0 }
   - { x:500., y:552., size:31., angle:1.7032276153564453e+001,
       response:1.0769322514533997e-002, octave:0 }
   - { x:205., y:357., size:31., angle:2.8137841796875000e+002,
       response:1.7510438337922096e-003, octave:0 }
   - { x:60., y:344., size:31., angle:9.1430961608886719e+001,
       response:2.3779608309268951e-003, octave:0 }
   - { x:71., y:305., size:31., angle:3.1648107910156250e+002,
       response:5.0888624973595142e-003, octave:0 }
   - { x:99., y:156., size:31., angle:5.4500350952148438e+001,
       response:6.6221118904650211e-003, octave:0 }
   - { x:97., y:157., size:31., angle:5.1722679138183594e+001,
       response:7.9006226733326912e-003, octave:0 }
   - { x:58., y:343., size:31., angle:9.5094314575195313e+001,
       response:4.5609185472130775e-003, octave:0 }
   - { x:121., y:158., size:31., angle:1.2591487121582031e+002,
       response:2.5583484675735235e-003, octave:0 }
   - { x:137., y:159., size:31., angle:2.6507791137695312e+002,
       response:1.0157153010368347e-002, octave:0 }
   - { x:276., y:707., size:31., angle:2.4709814453125000e+002,
       response:3.6650174297392368e-003, octave:0 }
   - { x:278., y:706., size:31., angle:2.4689099121093750e+002,
       response:4.3425033800303936e-003, octave:0 }
   - { x:253., y:703., size:31., angle:3.1310583496093750e+002,
       response:3.2845789100974798e-003, octave:0 }
   - { x:252., y:701., size:31., angle:3.1954760742187500e+002,
       response:5.8334791101515293e-003, octave:0 }
   - { x:295., y:691., size:31., angle:6.5966392517089844e+001,
       response:1.7565142363309860e-002, octave:0 }
   - { x:293., y:691., size:31., angle:7.4630508422851563e+001,
       response:1.0929733514785767e-002, octave:0 }
   - { x:240., y:209., size:31., angle:8.8941749572753906e+001,
       response:1.1727475561201572e-002, octave:0 }
   - { x:240., y:691., size:31., angle:1.2106539154052734e+002,
       response:1.4932450838387012e-002, octave:0 }
   - { x:129., y:213., size:31., angle:2.2522760009765625e+002,
       response:7.1492278948426247e-003, octave:0 }
   - { x:98., y:215., size:31., angle:3.0184173583984375e+002,
       response:9.9620679393410683e-003, octave:0 }
   - { x:336., y:671., size:31., angle:7.6951560974121094e+001,
       response:1.7660481855273247e-002, octave:0 }
   - { x:85., y:221., size:31., angle:1.9838357543945312e+002,
       response:5.9208879247307777e-003, octave:0 }
   - { x:409., y:667., size:31., angle:8.9820526123046875e+001,
       response:2.0140420645475388e-002, octave:0 }
   - { x:454., y:666., size:31., angle:4.9600921630859375e+001,
       response:2.7877730317413807e-003, octave:0 }
   - { x:156., y:622., size:31., angle:1.1397538757324219e+002,
       response:1.1699644848704338e-002, octave:0 }
   - { x:97., y:239., size:31., angle:6.0900913238525391e+001,
       response:2.3912363685667515e-003, octave:0 }
   - { x:424., y:666., size:31., angle:2.9121160888671875e+002,
       response:5.0431373529136181e-003, octave:0 }
   - { x:149., y:666., size:31., angle:2.5085464477539062e+002,
       response:4.1224174201488495e-003, octave:0 }
   - { x:196., y:263., size:31., angle:1.0795133209228516e+002,
       response:1.8653641454875469e-003, octave:0 }
   - { x:198., y:264., size:31., angle:9.8447914123535156e+001,
       response:3.1643179245293140e-003, octave:0 }
   - { x:204., y:264., size:31., angle:6.9685699462890625e+001,
       response:8.1118717789649963e-003, octave:0 }
   - { x:422., y:665., size:31., angle:3.0115960693359375e+002,
       response:4.6071121469140053e-003, octave:0 }
   - { x:502., y:295., size:31., angle:3.3923306274414062e+002,
       response:1.0061386041343212e-002, octave:0 }
   - { x:151., y:665., size:31., angle:2.4458836364746094e+002,
       response:2.4787487927824259e-003, octave:0 }
   - { x:171., y:664., size:31., angle:9.1018592834472656e+001,
       response:1.9988019019365311e-002, octave:0 }
   - { x:151., y:622., size:31., angle:8.9458290100097656e+001,
       response:5.3071253933012486e-003, octave:0 }
   - { x:67., y:303., size:31., angle:3.2526892089843750e+002,
       response:2.4790447205305099e-003, octave:0 }
   - { x:238., y:304., size:31., angle:1.8682651519775391e+001,
       response:1.9025260116904974e-003, octave:0 }
   - { x:416., y:617., size:31., angle:7.9159057617187500e+001,
       response:1.4086856506764889e-002, octave:0 }
   - { x:61., y:306., size:31., angle:3.2090454101562500e+002,
       response:1.4687887160107493e-003, octave:0 }
   - { x:443., y:662., size:31., angle:2.0367648315429688e+002,
       response:7.9072918742895126e-003, octave:0 }
   - { x:132., y:658., size:31., angle:3.3831005859375000e+002,
       response:2.9702573083341122e-003, octave:0 }
   - { x:132., y:656., size:31., angle:3.4710955810546875e+002,
       response:2.1783874835819006e-003, octave:0 }
   - { x:65., y:443., size:31., angle:1.4427525329589844e+002,
       response:1.7332505667582154e-003, octave:0 }
   - { x:199., y:400., size:31., angle:1.0420264434814453e+002,
       response:1.4450333546847105e-003, octave:0 }
   - { x:404., y:645., size:31., angle:2.5413713073730469e+002,
       response:1.0380949242971838e-004, octave:0 }
   - { x:328., y:121., size:31., angle:1.0438385009765625e+002,
       response:3.0254033845267259e-005, octave:0 }
   - { x:330., y:122., size:31., angle:9.6734222412109375e+001,
       response:2.9626247851410881e-005, octave:0 }
   - { x:258., y:202., size:31., angle:3.5181246948242187e+002,
       response:1.2585998047143221e-003, octave:0 }
   - { x:229., y:135., size:31., angle:7.3559082031250000e+001,
       response:8.5444706201087683e-005, octave:0 }
   - { x:94., y:138., size:31., angle:2.4404226684570312e+002,
       response:1.0934135207207873e-004, octave:0 }
   - { x:486., y:235., size:31., angle:1.6012039184570312e+002,
       response:3.1368475174531341e-004, octave:0 }
   - { x:198., y:244., size:31., angle:2.5332308959960937e+002,
       response:3.0782210524193943e-004, octave:0 }
   - { x:168., y:604., size:31., angle:3.1756484985351562e+002,
       response:2.2542380975210108e-005, octave:0 }
   - { x:256., y:260., size:31., angle:2.0231245422363281e+002,
       response:1.3262070715427399e-003, octave:0 }
   - { x:119., y:157., size:31., angle:1.2148721313476562e+002,
       response:1.4369984855875373e-003, octave:0 }
   - { x:222., y:297., size:31., angle:1.9683404541015625e+002,
