%YAML:1.0
KeyPoints:
   - { x:163., y:546., size:31., angle:1.1059027099609375e+002,
       response:6.9848103448748589e-003, octave:0 }
   - { x:454., y:426., size:31., angle:2.3868890762329102e+001,
       response:6.3014929182827473e-003, octave:0 }
   - { x:418., y:269., size:31., angle:2.9998189926147461e+001,
       response:1.2293158099055290e-002, octave:0 }
   - { x:526., y:500., size:31., angle:2.1276554870605469e+002,
       response:3.6052013747394085e-003, octave:0 }
   - { x:407., y:397., size:31., angle:3.3816668701171875e+002,
       response:6.4841904677450657e-003, octave:0 }
   - { x:479., y:272., size:31., angle:3.1517572021484375e+002,
       response:6.7856772802770138e-003, octave:0 }
   - { x:186., y:559., size:31., angle:2.5407085418701172e+001,
       response:4.3309824541211128e-003, octave:0 }
   - { x:174., y:559., size:31., angle:1.5865216064453125e+002,
       response:4.8364200629293919e-003, octave:0 }
   - { x:531., y:501., size:31., angle:2.7337963867187500e+002,
       response:3.5956325009465218e-003, octave:0 }
   - { x:152., y:240., size:31., angle:2.8727005004882812e+002,
       response:8.9831976220011711e-003, octave:0 }
   - { x:191., y:241., size:31., angle:2.3503482055664062e+002,
       response:6.5640066750347614e-003, octave:0 }
   - { x:141., y:529., size:31., angle:1.9399716186523437e+002,
       response:5.9407027438282967e-003, octave:0 }
   - { x:230., y:504., size:31., angle:1.4620665550231934e+001,
       response:4.2689740657806396e-003, octave:0 }
   - { x:276., y:360., size:31., angle:1.1228516697883606e-002,
       response:3.3002451527863741e-003, octave:0 }
   - { x:433., y:409., size:31., angle:2.4451968383789062e+002,
       response:5.9729712083935738e-003, octave:0 }
   - { x:201., y:530., size:31., angle:3.1685437011718750e+002,
       response:3.4579134080559015e-003, octave:0 }
   - { x:450., y:422., size:31., angle:3.4268161010742187e+002,
       response:3.3694934099912643e-003, octave:0 }
   - { x:273., y:422., size:31., angle:1.1600696563720703e+001,
       response:3.4361544530838728e-003, octave:0 }
   - { x:437., y:413., size:31., angle:2.7326116943359375e+002,
       response:4.3233390897512436e-003, octave:0 }
   - { x:455., y:516., size:31., angle:6.1360466003417969e+001,
       response:4.3044998310506344e-003, octave:0 }
   - { x:35., y:306., size:31., angle:2.8469592285156250e+002,
       response:3.6890490446239710e-003, octave:0 }
   - { x:527., y:505., size:31., angle:1.5008692932128906e+002,
       response:3.8118290249258280e-003, octave:0 }
   - { x:411., y:243., size:31., angle:3.0015203857421875e+002,
       response:4.2526563629508018e-003, octave:0 }
   - { x:444., y:496., size:31., angle:2.5356417846679687e+002,
       response:8.6313756182789803e-003, octave:0 }
   - { x:561., y:495., size:31., angle:2.0538429260253906e+001,
       response:9.2382114380598068e-003, octave:0 }
   - { x:192., y:243., size:31., angle:2.3252462768554687e+002,
       response:3.2818254549056292e-003, octave:0 }
   - { x:565., y:374., size:31., angle:2.4086770629882812e+002,
       response:1.4272228814661503e-002, octave:0 }
   - { x:476., y:256., size:31., angle:1.7872953796386719e+002,
       response:4.2630163952708244e-003, octave:0 }
   - { x:553., y:494., size:31., angle:2.7457269287109375e+002,
       response:3.4021926112473011e-003, octave:0 }
   - { x:473., y:507., size:31., angle:3.0577835083007812e+002,
       response:3.7739109247922897e-003, octave:0 }
   - { x:124., y:519., size:31., angle:1.5066036987304687e+002,
       response:4.5894174836575985e-003, octave:0 }
   - { x:494., y:525., size:31., angle:1.2527982330322266e+002,
       response:1.5286667272448540e-002, octave:0 }
   - { x:556., y:493., size:31., angle:2.8733441162109375e+002,
       response:4.8257131129503250e-003, octave:0 }
   - { x:464., y:549., size:31., angle:4.5765522003173828e+001,
       response:3.4563946537673473e-003, octave:0 }
   - { x:495., y:518., size:31., angle:2.7490164184570312e+002,
       response:3.6231891717761755e-003, octave:0 }
   - { x:444., y:275., size:31., angle:1.3442413330078125e+002,
       response:3.4678748343139887e-003, octave:0 }
   - { x:534., y:493., size:31., angle:2.7953717041015625e+002,
       response:7.0271929726004601e-003, octave:0 }
   - { x:403., y:401., size:31., angle:3.3878344726562500e+002,
       response:5.2665011025965214e-003, octave:0 }
   - { x:435., y:197., size:31., angle:2.0127139282226562e+002,
       response:1.1410729028284550e-002, octave:0 }
   - { x:411., y:249., size:31., angle:3.1535537719726562e+002,
       response:4.6402029693126678e-003, octave:0 }
   - { x:536., y:491., size:31., angle:2.7389825439453125e+002,
       response:6.2166447751224041e-003, octave:0 }
   - { x:499., y:299., size:31., angle:2.4708810806274414e+001,
       response:1.8621312454342842e-002, octave:0 }
   - { x:435., y:201., size:31., angle:1.2398072814941406e+002,
       response:9.1721061617136002e-003, octave:0 }
   - { x:473., y:548., size:31., angle:3.1039028930664062e+002,
       response:7.8621329739689827e-003, octave:0 }
   - { x:525., y:510., size:31., angle:1.3292680358886719e+002,
       response:1.0316646657884121e-002, octave:0 }
   - { x:430., y:276., size:31., angle:1.4185848999023437e+002,
       response:7.9132420942187309e-003, octave:0 }
   - { x:524., y:500., size:31., angle:2.0271688842773437e+002,
       response:6.5611293539404869e-003, octave:0 }
   - { x:443., y:270., size:31., angle:1.6397042846679687e+002,
       response:3.6148964427411556e-003, octave:0 }
   - { x:388., y:272., size:31., angle:1.2492843627929687e+002,
       response:7.2042290121316910e-003, octave:0 }
   - { x:449., y:556., size:31., angle:1.3959115600585937e+002,
       response:5.5770385079085827e-003, octave:0 }
   - { x:529., y:337., size:31., angle:1.3528022766113281e+002,
       response:1.7419165000319481e-002, octave:0 }
   - { x:538., y:496., size:31., angle:2.8020492553710937e+002,
       response:4.9901348538696766e-003, octave:0 }
   - { x:465., y:545., size:31., angle:3.0113024902343750e+002,
       response:3.8320943713188171e-003, octave:0 }
   - { x:196., y:546., size:31., angle:6.3529319763183594e+001,
       response:7.8230183571577072e-003, octave:0 }
   - { x:404., y:214., size:31., angle:2.2484503173828125e+002,
       response:1.0633056052029133e-002, octave:0 }
   - { x:467., y:221., size:31., angle:2.3874810791015625e+002,
       response:1.2528463266789913e-002, octave:0 }
   - { x:468., y:545., size:31., angle:3.0022869873046875e+002,
       response:1.1199313215911388e-002, octave:0 }
   - { x:526., y:340., size:31., angle:1.4145257568359375e+002,
       response:8.4887277334928513e-003, octave:0 }
   - { x:473., y:281., size:31., angle:6.0047082901000977e+000,
       response:7.9870307818055153e-003, octave:0 }
   - { x:424., y:461., size:31., angle:3.6889457702636719e+001,
       response:1.1555997654795647e-002, octave:0 }
   - { x:50., y:341., size:31., angle:1.3334956359863281e+002,
       response:4.9678757786750793e-003, octave:0 }
   - { x:442., y:495., size:31., angle:2.2155509948730469e+002,
       response:5.8863866142928600e-003, octave:0 }
   - { x:396., y:241., size:31., angle:2.5362179565429687e+002,
       response:7.0570162497460842e-003, octave:0 }
   - { x:476., y:259., size:31., angle:2.2568768310546875e+002,
       response:3.9368239231407642e-003, octave:0 }
   - { x:406., y:219., size:31., angle:3.2983718872070312e+002,
       response:1.0485483333468437e-002, octave:0 }
   - { x:409., y:219., size:31., angle:8.1021680831909180e+000,
       response:4.6288222074508667e-003, octave:0 }
   - { x:428., y:458., size:31., angle:3.4047897338867187e+002,
       response:5.4348008707165718e-003, octave:0 }
   - { x:454., y:525., size:31., angle:6.7307662963867188e+001,
       response:4.8112398944795132e-003, octave:0 }
   - { x:395., y:244., size:31., angle:2.5104248046875000e+002,
