%YAML:1.0
KeyPoints:
   - { x:430., y:612., size:31., angle:2.5082215881347656e+002,
       response:1.5333842020481825e-004, octave:0 }
   - { x:210., y:601., size:31., angle:1.5945950317382812e+002,
       response:1.6796276031527668e-004, octave:0 }
   - { x:114., y:219., size:31., angle:2.7047281265258789e+001,
       response:1.5588208043482155e-004, octave:0 }
   - { x:113., y:144., size:31., angle:6.6005682945251465e+000,
       response:1.4942947018425912e-004, octave:0 }
   - { x:305., y:299., size:31., angle:2.5738125610351562e+002,
       response:1.8259992066305131e-004, octave:0 }
   - { x:518., y:361., size:31., angle:3.1224166870117187e+002,
       response:1.5105829515960068e-004, octave:0 }
   - { x:437., y:667., size:31., angle:1.9795762634277344e+002,
       response:2.1831096091773361e-004, octave:0 }
   - { x:166., y:361., size:31., angle:7.1626439094543457e+000,
       response:1.1014738120138645e-003, octave:0 }
   - { x:450., y:763., size:31., angle:1.3355734252929687e+002,
       response:3.9091717917472124e-004, octave:0 }
   - { x:420., y:300., size:31., angle:3.6194145202636719e+001,
       response:2.3299132590182126e-004, octave:0 }
   - { x:166., y:358., size:31., angle:3.5717575073242187e+002,
       response:1.0378612205386162e-003, octave:0 }
   - { x:326., y:154., size:31., angle:1.6419635009765625e+002,
       response:1.5212316066026688e-004, octave:0 }
   - { x:152., y:357., size:31., angle:2.1132655334472656e+002,
       response:2.4876466486603022e-003, octave:0 }
   - { x:564., y:539., size:31., angle:8.6273216247558594e+001,
       response:1.7728871898725629e-004, octave:0 }
   - { x:297., y:249., size:31., angle:2.4340554809570312e+002,
       response:1.5740991511847824e-004, octave:0 }
   - { x:149., y:353., size:31., angle:1.9976658630371094e+002,
       response:1.3502368237823248e-003, octave:0 }
   - { x:236., y:622., size:31., angle:2.8137091064453125e+002,
       response:1.7542846035212278e-004, octave:0 }
   - { x:152., y:346., size:31., angle:2.1497253417968750e+002,
       response:5.2850279025733471e-003, octave:0 }
   - { x:546., y:415., size:31., angle:3.2329650878906250e+002,
       response:1.6624252020847052e-004, octave:0 }
   - { x:493., y:333., size:31., angle:1.8270549011230469e+002,
       response:2.1119277516845614e-004, octave:0 }
   - { x:505., y:332., size:31., angle:3.0564364624023437e+002,
       response:1.6017381858546287e-004, octave:0 }
   - { x:554., y:484., size:31., angle:1.7291787719726562e+002,
       response:1.9876516307704151e-004, octave:0 }
   - { x:245., y:78., size:31., angle:3.4802316284179687e+002,
       response:2.0403684175107628e-004, octave:0 }
   - { x:278., y:621., size:31., angle:2.9620559692382812e+002,
       response:1.7257769650314003e-004, octave:0 }
   - { x:504., y:597., size:31., angle:2.4878839111328125e+002,
       response:1.6382949252147228e-004, octave:0 }
   - { x:156., y:349., size:31., angle:2.2680392456054687e+002,
       response:7.9463387373834848e-004, octave:0 }
   - { x:302., y:328., size:31., angle:1.5184313964843750e+002,
       response:7.1806128835305572e-004, octave:0 }
   - { x:273., y:717., size:31., angle:3.3030090332031250e+002,
       response:1.8113593978341669e-004, octave:0 }
   - { x:245., y:83., size:31., angle:2.1103137969970703e+001,
       response:2.7449705521576107e-004, octave:0 }
   - { x:488., y:325., size:31., angle:2.9650463867187500e+002,
       response:1.6879502800293267e-004, octave:0 }
   - { x:302., y:325., size:31., angle:1.6664155578613281e+002,
       response:7.5400073546916246e-004, octave:0 }
   - { x:221., y:620., size:31., angle:1.4063574218750000e+002,
       response:2.2263593564275652e-004, octave:0 }
   - { x:282., y:164., size:31., angle:5.4778636932373047e+001,
       response:1.7654776456765831e-004, octave:0 }
   - { x:510., y:605., size:31., angle:3.5874865722656250e+002,
       response:1.4818730414845049e-004, octave:0 }
   - { x:475., y:322., size:31., angle:1.3258976745605469e+002,
       response:1.9983036327175796e-004, octave:0 }
   - { x:278., y:165., size:31., angle:1.4751062011718750e+002,
       response:2.8871302492916584e-004, octave:0 }
   - { x:313., y:316., size:31., angle:3.2039419555664062e+002,
       response:1.9695349037647247e-003, octave:0 }
   - { x:423., y:295., size:31., angle:3.3703335571289062e+002,
       response:1.8446682952344418e-004, octave:0 }
   - { x:485., y:325., size:31., angle:2.9357586669921875e+002,
       response:1.8049923528451473e-004, octave:0 }
   - { x:311., y:315., size:31., angle:3.1448703002929687e+002,
       response:2.1969769150018692e-003, octave:0 }
   - { x:204., y:594., size:31., angle:1.9339042663574219e+002,
       response:1.4741277846042067e-004, octave:0 }
   - { x:98., y:430., size:31., angle:1.7836589050292969e+002,
       response:1.6248386236838996e-004, octave:0 }
   - { x:221., y:616., size:31., angle:1.6753839111328125e+002,
       response:1.5225862443912774e-004, octave:0 }
   - { x:454., y:313., size:31., angle:1.3030755615234375e+002,
       response:2.5786872720345855e-004, octave:0 }
   - { x:308., y:96., size:31., angle:3.3046804809570312e+002,
       response:2.5215305504389107e-004, octave:0 }
   - { x:92., y:169., size:31., angle:3.4096054077148437e+002,
       response:2.9808576800860465e-004, octave:0 }
   - { x:315., y:312., size:31., angle:3.2614645385742187e+002,
       response:1.2991974363103509e-003, octave:0 }
   - { x:454., y:310., size:31., angle:1.4618202209472656e+002,
       response:2.5130258291028440e-004, octave:0 }
   - { x:279., y:170., size:31., angle:8.4346191406250000e+001,
       response:1.7178898269776255e-004, octave:0 }
   - { x:311., y:306., size:31., angle:2.9230691528320312e+002,
       response:4.0437579154968262e-003, octave:0 }
   - { x:174., y:471., size:31., angle:1.6310202026367187e+002,
       response:1.9301845168229192e-004, octave:0 }
   - { x:209., y:598., size:31., angle:1.9036206054687500e+002,
       response:2.4989439407363534e-004, octave:0 }
   - { x:302., y:445., size:31., angle:3.0689331054687500e+001,
       response:1.7823540838435292e-004, octave:0 }
   - { x:452., y:313., size:31., angle:1.3441419982910156e+002,
       response:1.8385794828645885e-004, octave:0 }
   - { x:397., y:674., size:31., angle:1.7672497558593750e+002,
       response:2.5096590979956090e-004, octave:0 }
   - { x:287., y:173., size:31., angle:8.4844932556152344e+001,
       response:1.8355752399656922e-004, octave:0 }
   - { x:100., y:208., size:31., angle:3.4583648681640625e+002,
       response:2.4645630037412047e-004, octave:0 }
   - { x:420., y:295., size:31., angle:3.3712100219726562e+002,
       response:3.1429421505890787e-004, octave:0 }
   - { x:336., y:674., size:31., angle:2.8475721359252930e+001,
       response:2.0588445477187634e-004, octave:0 }
   - { x:101., y:434., size:31., angle:1.4418563842773437e+002,
       response:1.6116574988700449e-004, octave:0 }
   - { x:391., y:677., size:31., angle:4.9186943054199219e+001,
       response:1.8023766460828483e-004, octave:0 }
   - { x:302., y:252., size:31., angle:2.1808187484741211e+001,
       response:2.0324916113168001e-004, octave:0 }
   - { x:243., y:751., size:31., angle:1.5151899719238281e+002,
       response:2.2573524620383978e-004, octave:0 }
   - { x:205., y:379., size:31., angle:2.2253861999511719e+002,
       response:1.7063297855202109e-004, octave:0 }
   - { x:547., y:412., size:31., angle:3.2836019897460937e+002,
       response:2.5406037457287312e-004, octave:0 }
   - { x:550., y:445., size:31., angle:1.7299551391601562e+002,
       response:1.8107461801264435e-004, octave:0 }
   - { x:402., y:288., size:31., angle:2.9663253784179687e+002,
       response:1.6039390175137669e-004, octave:0 }
   - { x:373., y:678., size:31., angle:1.3437145996093750e+002,
       response:1.7793507140595466e-004, octave:0 }
   - { x:335., y:750., size:31., angle:3.1688601684570312e+002,
