%YAML:1.0
KeyPoints:
   - { x:197., y:183., size:31., angle:3.0500140380859375e+002,
       response:5.8798439567908645e-004, octave:0 }
   - { x:136., y:155., size:31., angle:5.7915233612060547e+001,
       response:8.1516173668205738e-004, octave:0 }
   - { x:70., y:343., size:31., angle:8.4148132324218750e+001,
       response:5.8662466472014785e-004, octave:0 }
   - { x:222., y:288., size:31., angle:9.2169860839843750e+001,
       response:7.0149410748854280e-004, octave:0 }
   - { x:261., y:672., size:31., angle:1.6848857402801514e+000,
       response:5.1883305422961712e-004, octave:0 }
   - { x:101., y:344., size:31., angle:2.8052017211914062e+002,
       response:1.7321729101240635e-003, octave:0 }
   - { x:259., y:671., size:31., angle:2.1824851036071777e+000,
       response:6.2255875673145056e-004, octave:0 }
   - { x:390., y:203., size:31., angle:1.0349822998046875e+002,
       response:1.1096996022388339e-003, octave:0 }
   - { x:373., y:201., size:31., angle:1.0112324523925781e+002,
       response:7.7092705760151148e-004, octave:0 }
   - { x:171., y:155., size:31., angle:3.1915826416015625e+002,
       response:2.1232778672128916e-003, octave:0 }
   - { x:137., y:142., size:31., angle:7.1935409545898437e+001,
       response:3.6736644688062370e-004, octave:0 }
   - { x:150., y:116., size:31., angle:2.8895983886718750e+002,
       response:3.9257187745533884e-004, octave:0 }
   - { x:153., y:671., size:31., angle:2.4213500976562500e+002,
       response:5.8159389300271869e-004, octave:0 }
   - { x:206., y:351., size:31., angle:2.7154000854492188e+002,
       response:2.3698487784713507e-003, octave:0 }
   - { x:136., y:158., size:31., angle:6.3901832580566406e+001,
       response:4.3138506589457393e-004, octave:0 }
   - { x:234., y:752., size:31., angle:6.5038177490234375e+001,
       response:4.9472833052277565e-004, octave:0 }
   - { x:147., y:159., size:31., angle:2.3386396789550781e+002,
       response:1.5756608918309212e-003, octave:0 }
   - { x:203., y:659., size:31., angle:2.6886093139648437e+002,
       response:7.0662057260051370e-004, octave:0 }
   - { x:202., y:386., size:31., angle:1.7040910339355469e+002,
       response:7.4508192483335733e-004, octave:0 }
   - { x:236., y:751., size:31., angle:6.0086032867431641e+001,
       response:6.1503757024183869e-004, octave:0 }
   - { x:207., y:389., size:31., angle:1.6866065979003906e+002,
       response:7.8592752106487751e-004, octave:0 }
   - { x:371., y:190., size:31., angle:2.5244734191894531e+002,
       response:1.5496510313823819e-003, octave:0 }
   - { x:205., y:740., size:31., angle:1.0275491333007812e+002,
       response:5.1531498320400715e-004, octave:0 }
   - { x:203., y:352., size:31., angle:2.5374087524414062e+002,
       response:1.1840092483907938e-003, octave:0 }
   - { x:432., y:130., size:31., angle:1.3994113159179687e+002,
       response:5.0585484132170677e-004, octave:0 }
   - { x:224., y:645., size:31., angle:2.1584124755859375e+002,
       response:6.4928509527817369e-004, octave:0 }
   - { x:499., y:699., size:31., angle:3.8302268981933594e+001,
       response:6.8079185439273715e-004, octave:0 }
   - { x:333., y:255., size:31., angle:2.2280065917968750e+002,
       response:3.5377519088797271e-004, octave:0 }
   - { x:141., y:162., size:31., angle:1.9561471557617188e+002,
       response:1.3750013895332813e-003, octave:0 }
   - { x:158., y:138., size:31., angle:8.6291458129882813e+001,
       response:9.8367279861122370e-004, octave:0 }
   - { x:181., y:162., size:31., angle:3.0623080444335937e+002,
       response:8.2408799789845943e-004, octave:0 }
   - { x:473., y:545., size:31., angle:1.2113586425781250e+002,
       response:1.4677211875095963e-003, octave:0 }
   - { x:88., y:198., size:31., angle:2.3622958374023437e+002,
       response:4.0364335291087627e-004, octave:0 }
   - { x:100., y:189., size:31., angle:2.0855865478515625e+002,
       response:1.3345166807994246e-003, octave:0 }
   - { x:220., y:292., size:31., angle:7.7257850646972656e+001,
       response:2.8481779154390097e-003, octave:0 }
   - { x:173., y:141., size:31., angle:7.4921262264251709e-001,
       response:9.0698926942422986e-004, octave:0 }
   - { x:205., y:367., size:31., angle:2.0553173828125000e+002,
       response:3.7463768967427313e-004, octave:0 }
   - { x:185., y:163., size:31., angle:3.0804248046875000e+002,
       response:3.3792623435147107e-004, octave:0 }
   - { x:69., y:341., size:31., angle:8.8235847473144531e+001,
       response:7.2536122752353549e-004, octave:0 }
   - { x:248., y:297., size:31., angle:4.7408863067626953e+001,
       response:6.0176878469064832e-004, octave:0 }
   - { x:152., y:144., size:31., angle:7.5264144897460938e+001,
       response:3.0421074479818344e-003, octave:0 }
   - { x:464., y:703., size:31., angle:1.1734380340576172e+002,
       response:5.0118286162614822e-004, octave:0 }
   - { x:205., y:390., size:31., angle:1.6871067810058594e+002,
       response:1.0009470861405134e-003, octave:0 }
   - { x:464., y:701., size:31., angle:1.2933882141113281e+002,
       response:5.7397870114073157e-004, octave:0 }
   - { x:516., y:699., size:31., angle:1.2538561248779297e+002,
       response:5.7480280520394444e-004, octave:0 }
   - { x:106., y:244., size:31., angle:9.9275863647460938e+001,
       response:1.5968182124197483e-003, octave:0 }
   - { x:433., y:356., size:31., angle:3.4711782836914062e+002,
       response:9.6868979744613171e-004, octave:0 }
   - { x:162., y:146., size:31., angle:1.0617724609375000e+002,
       response:4.1077458299696445e-003, octave:0 }
   - { x:64., y:343., size:31., angle:1.0807386779785156e+002,
       response:5.6136591592803597e-004, octave:0 }
   - { x:175., y:146., size:31., angle:1.0775031089782715e+001,
       response:1.1086208978667855e-003, octave:0 }
   - { x:506., y:524., size:31., angle:1.8518049240112305e+001,
       response:2.1776703651994467e-003, octave:0 }
   - { x:64., y:341., size:31., angle:1.1035875701904297e+002,
       response:7.1089237462729216e-004, octave:0 }
   - { x:158., y:149., size:31., angle:1.2798461914062500e+002,
       response:1.3345045736059546e-003, octave:0 }
   - { x:100., y:192., size:31., angle:2.1707827758789062e+002,
       response:1.6821289900690317e-003, octave:0 }
   - { x:102., y:342., size:31., angle:2.8387426757812500e+002,
       response:1.0184010025113821e-003, octave:0 }
   - { x:140., y:150., size:31., angle:6.2551513671875000e+001,
       response:2.4577577132731676e-003, octave:0 }
   - { x:168., y:150., size:31., angle:3.4721847534179687e+002,
       response:5.4168957285583019e-004, octave:0 }
   - { x:143., y:151., size:31., angle:6.1635841369628906e+001,
       response:6.9828459527343512e-004, octave:0 }
   - { x:137., y:163., size:31., angle:2.2451092529296875e+002,
       response:6.9616775726899505e-004, octave:0 }
   - { x:128., y:171., size:31., angle:3.1516000366210937e+002,
       response:6.0133286751806736e-004, octave:0 }
   - { x:390., y:190., size:31., angle:2.5956369018554687e+002,
       response:9.5558020984753966e-004, octave:0 }
   - { x:147., y:153., size:31., angle:2.9709460449218750e+002,
       response:1.9850395619869232e-003, octave:0 }
   - { x:375., y:190., size:31., angle:2.5150772094726562e+002,
       response:3.5847112303599715e-004, octave:0 }
   - { x:157., y:154., size:31., angle:2.6104345703125000e+002,
       response:3.8197126705199480e-003, octave:0 }
   - { x:260., y:539., size:31., angle:7.8884863853454590e+000,
       response:3.3389701275154948e-004, octave:0 }
   - { x:289., y:740., size:31., angle:1.3283042907714844e+002,
       response:3.1425757333636284e-004, octave:0 }
   - { x:175., y:152., size:31., angle:3.4716119384765625e+002,
       response:3.3057277323678136e-004, octave:0 }
   - { x:50., y:679., size:31., angle:1.1401603698730469e+002,
       response:2.6286469073966146e-004, octave:0 }
   - { x:151., y:675., size:31., angle:2.5313299560546875e+002,
