%YAML:1.0
KeyPoints:
   - { x:326., y:729., size:31., angle:1.3112036132812500e+002,
       response:1.6922226175665855e-002, octave:0 }
   - { x:375., y:611., size:31., angle:3.2409790039062500e+002,
       response:9.9732307717204094e-003, octave:0 }
   - { x:332., y:748., size:31., angle:3.3707149028778076e+000,
       response:9.8398849368095398e-003, octave:0 }
   - { x:300., y:612., size:31., angle:2.5945336914062500e+002,
       response:8.2648675888776779e-003, octave:0 }
   - { x:206., y:721., size:31., angle:3.2146331787109375e+002,
       response:1.7022870481014252e-002, octave:0 }
   - { x:210., y:721., size:31., angle:3.1868447875976562e+002,
       response:2.0156580954790115e-002, octave:0 }
   - { x:389., y:589., size:31., angle:1.0329544067382812e+002,
       response:9.1743273660540581e-003, octave:0 }
   - { x:207., y:614., size:31., angle:2.7107708740234375e+002,
       response:8.6225830018520355e-003, octave:0 }
   - { x:246., y:422., size:31., angle:7.9787796020507813e+001,
       response:1.0871026664972305e-002, octave:0 }
   - { x:294., y:441., size:31., angle:1.6606083679199219e+002,
       response:1.0100357234477997e-002, octave:0 }
   - { x:96., y:725., size:31., angle:2.1941921997070312e+002,
       response:9.0664913877844810e-003, octave:0 }
   - { x:89., y:749., size:31., angle:1.3339027404785156e+002,
       response:9.5110731199383736e-003, octave:0 }
   - { x:300., y:439., size:31., angle:3.3456192016601562e+002,
       response:9.0132458135485649e-003, octave:0 }
   - { x:115., y:733., size:31., angle:8.5102844238281250e+001,
       response:1.1430325917899609e-002, octave:0 }
   - { x:325., y:726., size:31., angle:1.8270846557617187e+002,
       response:1.7741860821843147e-002, octave:0 }
   - { x:243., y:419., size:31., angle:1.9782360839843750e+002,
       response:1.2061817571520805e-002, octave:0 }
   - { x:252., y:422., size:31., angle:3.5838703155517578e+001,
       response:1.5993935987353325e-002, octave:0 }
   - { x:331., y:727., size:31., angle:1.6789936828613281e+002,
       response:9.5344949513673782e-003, octave:0 }
   - { x:172., y:159., size:31., angle:2.7221325683593750e+002,
       response:1.4947534538805485e-002, octave:0 }
   - { x:302., y:410., size:31., angle:3.3024365234375000e+002,
       response:1.2109976261854172e-002, octave:0 }
   - { x:244., y:194., size:31., angle:1.0202397918701172e+002,
       response:9.1790156438946724e-003, octave:0 }
   - { x:328., y:459., size:31., angle:2.5408499145507812e+002,
       response:9.5419120043516159e-003, octave:0 }
   - { x:527., y:744., size:31., angle:2.5871279239654541e+000,
       response:8.9009162038564682e-003, octave:0 }
   - { x:327., y:466., size:31., angle:1.3496704101562500e+002,
       response:1.8917888402938843e-002, octave:0 }
   - { x:216., y:750., size:31., angle:1.0574928283691406e+002,
       response:1.1174657382071018e-002, octave:0 }
   - { x:295., y:194., size:31., angle:1.3183889770507812e+002,
       response:9.8098814487457275e-003, octave:0 }
   - { x:261., y:412., size:31., angle:3.1375822067260742e+001,
       response:9.9252676591277122e-003, octave:0 }
   - { x:186., y:162., size:31., angle:1.2856817245483398e+001,
       response:9.7439102828502655e-003, octave:0 }
   - { x:328., y:402., size:31., angle:2.9692300415039063e+002,
       response:9.5212673768401146e-003, octave:0 }
   - { x:301., y:622., size:31., angle:1.3982836914062500e+002,
       response:1.2011821381747723e-002, octave:0 }
   - { x:324., y:412., size:31., angle:1.0118830871582031e+002,
       response:9.1805616393685341e-003, octave:0 }
   - { x:228., y:645., size:31., angle:3.3384346008300781e+001,
       response:1.0606759227812290e-002, octave:0 }
   - { x:258., y:400., size:31., angle:2.4975897216796875e+002,
       response:8.0673582851886749e-003, octave:0 }
   - { x:231., y:734., size:31., angle:2.8655072021484375e+002,
       response:8.4076719358563423e-003, octave:0 }
   - { x:319., y:404., size:31., angle:1.6109182739257812e+002,
       response:9.9284844473004341e-003, octave:0 }
   - { x:113., y:735., size:31., angle:8.6031906127929688e+001,
       response:1.1154064908623695e-002, octave:0 }
   - { x:298., y:413., size:31., angle:5.7425350189208984e+001,
       response:1.6021013259887695e-002, octave:0 }
   - { x:243., y:199., size:31., angle:1.0132524108886719e+002,
       response:1.2229426763951778e-002, octave:0 }
   - { x:267., y:300., size:31., angle:3.3021609497070312e+002,
       response:8.0376705154776573e-003, octave:0 }
   - { x:329., y:199., size:31., angle:1.0438014221191406e+002,
       response:8.0532990396022797e-003, octave:0 }
   - { x:242., y:429., size:31., angle:1.0909702301025391e+002,
       response:1.5534246340394020e-002, octave:0 }
   - { x:325., y:147., size:31., angle:1.2813766479492187e+002,
       response:9.1876965016126633e-003, octave:0 }
   - { x:276., y:131., size:31., angle:9.5868499755859375e+001,
       response:1.1924570426344872e-002, octave:0 }
   - { x:239., y:424., size:31., angle:1.6979273986816406e+002,
       response:2.2570829838514328e-002, octave:0 }
   - { x:260., y:303., size:31., angle:3.1772283935546875e+002,
       response:8.3113415166735649e-003, octave:0 }
   - { x:218., y:752., size:31., angle:1.0559632873535156e+002,
       response:1.6821293160319328e-002, octave:0 }
   - { x:331., y:200., size:31., angle:9.9658386230468750e+001,
       response:1.3819124549627304e-002, octave:0 }
   - { x:118., y:736., size:31., angle:8.9530754089355469e+001,
       response:1.0677995160222054e-002, octave:0 }
   - { x:235., y:764., size:31., angle:1.2001422882080078e+002,
       response:9.7557734698057175e-003, octave:0 }
   - { x:206., y:135., size:31., angle:3.5737602233886719e+001,
       response:1.1619776487350464e-002, octave:0 }
   - { x:238., y:135., size:31., angle:9.8258476257324219e+001,
       response:1.2615271843969822e-002, octave:0 }
   - { x:243., y:315., size:31., angle:1.9976367187500000e+002,
       response:1.0372129268944263e-002, octave:0 }
   - { x:238., y:433., size:31., angle:1.1781356811523437e+002,
       response:2.1053524687886238e-002, octave:0 }
   - { x:305., y:136., size:31., angle:1.0188442993164062e+002,
       response:1.4433900825679302e-002, octave:0 }
   - { x:240., y:314., size:31., angle:1.8758616638183594e+002,
       response:1.5853593125939369e-002, octave:0 }
   - { x:206., y:143., size:31., angle:7.5890998840332031e+001,
       response:8.6044007912278175e-003, octave:0 }
   - { x:206., y:482., size:31., angle:1.2279798126220703e+002,
       response:7.9584643244743347e-003, octave:0 }
   - { x:112., y:214., size:31., angle:1.3018157958984375e+002,
       response:1.2903125956654549e-002, octave:0 }
   - { x:384., y:206., size:31., angle:1.1672510528564453e+002,
       response:1.2150288559496403e-002, octave:0 }
   - { x:197., y:754., size:31., angle:7.9531150817871094e+001,
       response:9.9071692675352097e-003, octave:0 }
   - { x:213., y:737., size:31., angle:2.9409228515625000e+002,
       response:9.9730193614959717e-003, octave:0 }
   - { x:252., y:409., size:31., angle:2.4282659912109375e+002,
       response:1.2712378054857254e-002, octave:0 }
   - { x:332., y:190., size:31., angle:1.5558013916015625e+002,
       response:8.8536655530333519e-003, octave:0 }
   - { x:392., y:358., size:31., angle:1.7912397384643555e+001,
       response:9.1205202043056488e-003, octave:0 }
   - { x:116., y:738., size:31., angle:2.5072590637207031e+002,
       response:1.2068563140928745e-002, octave:0 }
   - { x:239., y:323., size:31., angle:1.7974256896972656e+002,
       response:1.5767822042107582e-002, octave:0 }
   - { x:242., y:318., size:31., angle:2.2601501464843750e+002,
       response:7.9358024522662163e-003, octave:0 }
   - { x:305., y:419., size:31., angle:4.2980575561523438e+001,
       response:7.8723803162574768e-003, octave:0 }
   - { x:255., y:413., size:31., angle:3.5070590972900391e+001,
