%YAML:1.0
KeyPoints:
   - { x:238., y:56., size:31., angle:8.7980575561523438e+001,
       response:2.4518971331417561e-003, octave:0 }
   - { x:407., y:52., size:31., angle:1.1420626831054687e+002,
       response:2.7062308508902788e-003, octave:0 }
   - { x:93., y:676., size:31., angle:2.2562051391601562e+002,
       response:4.5499377883970737e-003, octave:0 }
   - { x:527., y:209., size:31., angle:2.0975289916992187e+002,
       response:2.9506643768399954e-003, octave:0 }
   - { x:446., y:225., size:31., angle:6.5839729309082031e+001,
       response:2.9864411335438490e-003, octave:0 }
   - { x:485., y:402., size:31., angle:3.2165240478515625e+002,
       response:3.4175121691077948e-003, octave:0 }
   - { x:516., y:473., size:31., angle:9.7162429809570313e+001,
       response:3.4705288708209991e-003, octave:0 }
   - { x:504., y:536., size:31., angle:2.2599359130859375e+002,
       response:3.3751863520592451e-003, octave:0 }
   - { x:185., y:56., size:31., angle:5.2714458465576172e+001,
       response:2.4777965154498816e-003, octave:0 }
   - { x:147., y:229., size:31., angle:1.0594704437255859e+002,
       response:4.5535699464380741e-003, octave:0 }
   - { x:158., y:379., size:31., angle:1.0635935974121094e+002,
       response:3.3837170340120792e-003, octave:0 }
   - { x:511., y:474., size:31., angle:1.0280916595458984e+002,
       response:4.2293332517147064e-003, octave:0 }
   - { x:112., y:537., size:31., angle:2.9334103393554687e+002,
       response:3.1856610439717770e-003, octave:0 }
   - { x:520., y:681., size:31., angle:3.2892517089843750e+002,
       response:3.0778495129197836e-003, octave:0 }
   - { x:68., y:222., size:31., angle:3.2129202270507812e+002,
       response:2.1025636233389378e-003, octave:0 }
   - { x:194., y:721., size:31., angle:3.0653656005859375e+002,
       response:2.1342013496905565e-003, octave:0 }
   - { x:111., y:707., size:31., angle:1.3409271240234375e+002,
       response:3.2505930867046118e-003, octave:0 }
   - { x:317., y:162., size:31., angle:2.6753463745117187e+002,
       response:3.3186206128448248e-003, octave:0 }
   - { x:485., y:404., size:31., angle:3.1619082641601562e+002,
       response:3.0676843598484993e-003, octave:0 }
   - { x:405., y:52., size:31., angle:1.2304304504394531e+002,
       response:2.8278306126594543e-003, octave:0 }
   - { x:123., y:173., size:31., angle:1.0322944641113281e+002,
       response:2.0401440560817719e-003, octave:0 }
   - { x:172., y:172., size:31., angle:2.3726416015625000e+002,
       response:1.1068067979067564e-003, octave:0 }
   - { x:76., y:558., size:31., angle:1.9635175704956055e+001,
       response:5.3110928274691105e-004, octave:0 }
   - { x:102., y:132., size:31., angle:2.0290731811523437e+002,
       response:6.2740535940974951e-004, octave:0 }
   - { x:403., y:41., size:31., angle:1.4968005371093750e+002,
       response:8.4296707063913345e-004, octave:0 }
   - { x:199., y:185., size:31., angle:3.4051104736328125e+002,
       response:8.4562244592234492e-004, octave:0 }
   - { x:438., y:381., size:31., angle:5.0571483612060547e+001,
       response:1.4092327328398824e-003, octave:0 }
   - { x:435., y:126., size:31., angle:2.3791583251953125e+002,
       response:4.7450925922021270e-004, octave:0 }
   - { x:135., y:179., size:31., angle:1.7087275695800781e+002,
       response:4.7634507063776255e-004, octave:0 }
   - { x:433., y:128., size:31., angle:2.2306132507324219e+002,
       response:1.6055757878348231e-003, octave:0 }
   - { x:70., y:626., size:31., angle:3.4381152343750000e+002,
       response:7.7762058936059475e-004, octave:0 }
   - { x:452., y:145., size:31., angle:5.9212196350097656e+001,
       response:1.1100171832367778e-003, octave:0 }
   - { x:328., y:232., size:31., angle:3.0283303833007812e+002,
       response:5.4859922965988517e-004, octave:0 }
   - { x:126., y:614., size:31., angle:1.7994194030761719e+001,
       response:7.2876235935837030e-004, octave:0 }
   - { x:174., y:171., size:31., angle:2.2700825500488281e+002,
       response:8.5627910448238254e-004, octave:0 }
   - { x:152., y:169., size:31., angle:3.1064218139648437e+002,
       response:4.9491407116875052e-004, octave:0 }
   - { x:450., y:146., size:31., angle:5.0966953277587891e+001,
       response:1.0945211397483945e-003, octave:0 }
   - { x:183., y:148., size:31., angle:2.5249404907226562e+002,
       response:1.4206437626853585e-003, octave:0 }
   - { x:187., y:148., size:31., angle:2.7606765747070312e+002,
       response:4.9099972238764167e-004, octave:0 }
   - { x:326., y:231., size:31., angle:2.9181237792968750e+002,
       response:5.4937327513471246e-004, octave:0 }
   - { x:291., y:195., size:31., angle:2.8284445190429687e+002,
       response:9.8233344033360481e-004, octave:0 }
   - { x:126., y:164., size:31., angle:1.1224368286132812e+002,
       response:1.4187842607498169e-003, octave:0 }
   - { x:375., y:163., size:31., angle:2.2288717651367187e+002,
       response:1.0246912715956569e-003, octave:0 }
   - { x:182., y:150., size:31., angle:2.4342498779296875e+002,
       response:1.6256327508017421e-003, octave:0 }
   - { x:82., y:210., size:31., angle:8.1627868652343750e+001,
       response:1.2791857589036226e-003, octave:0 }
   - { x:183., y:745., size:31., angle:1.1740768432617187e+002,
       response:6.9897115463390946e-004, octave:0 }
   - { x:180., y:746., size:31., angle:1.1073530578613281e+002,
       response:1.0196710936725140e-003, octave:0 }
   - { x:113., y:151., size:31., angle:1.6212818908691406e+002,
       response:1.6558005008846521e-003, octave:0 }
   - { x:381., y:158., size:31., angle:2.6190725708007812e+002,
       response:5.5231887381523848e-004, octave:0 }
   - { x:461., y:161., size:31., angle:2.4508117675781250e+002,
       response:2.0098346285521984e-003, octave:0 }
   - { x:140., y:92., size:31., angle:2.0920162200927734e+001,
       response:9.2399824643507600e-004, octave:0 }
   - { x:376., y:161., size:31., angle:2.3159831237792969e+002,
       response:1.7582975560799241e-003, octave:0 }
   - { x:267., y:200., size:31., angle:9.8107864379882813e+001,
       response:1.5364503487944603e-003, octave:0 }
   - { x:404., y:50., size:31., angle:1.3027037048339844e+002,
       response:1.0993237374350429e-003, octave:0 }
   - { x:509., y:197., size:31., angle:2.6083076477050781e+001,
       response:1.5357427764683962e-003, octave:0 }
   - { x:432., y:130., size:31., angle:2.1159484863281250e+002,
       response:9.2758890241384506e-004, octave:0 }
   - { x:147., y:130., size:31., angle:3.1924084472656250e+002,
       response:1.7040432430803776e-003, octave:0 }
   - { x:108., y:485., size:31., angle:6.4278783798217773e+000,
       response:9.4531860668212175e-004, octave:0 }
   - { x:109., y:488., size:31., angle:1.6689405441284180e+001,
       response:1.8405937589704990e-003, octave:0 }
   - { x:295., y:194., size:31., angle:2.6344598388671875e+002,
       response:7.6054688543081284e-004, octave:0 }
   - { x:327., y:193., size:31., angle:7.0983772277832031e+001,
       response:8.8782055536285043e-004, octave:0 }
   - { x:293., y:194., size:31., angle:2.7379467773437500e+002,
       response:5.1207875367254019e-004, octave:0 }
   - { x:119., y:130., size:31., angle:2.8959912109375000e+002,
       response:5.4420519154518843e-004, octave:0 }
   - { x:388., y:182., size:31., angle:8.4561943054199219e+001,
       response:5.4418481886386871e-004, octave:0 }
   - { x:144., y:189., size:31., angle:1.6475117492675781e+002,
       response:1.0722690494731069e-003, octave:0 }
   - { x:422., y:186., size:31., angle:1.2446555328369141e+002,
       response:1.4671310782432556e-003, octave:0 }
   - { x:191., y:32., size:31., angle:2.7337278366088867e+001,
       response:4.5459537068381906e-004, octave:0 }
   - { x:69., y:564., size:31., angle:5.8381961822509766e+001,
       response:3.1998040503822267e-004, octave:0 }
   - { x:564., y:593., size:31., angle:1.8994152832031250e+002,
