%YAML:1.0
KeyPoints:
   - { x:391., y:583., size:31., angle:3.1908323287963867e+001,
       response:1.8799224868416786e-002, octave:0 }
   - { x:273., y:391., size:31., angle:4.1830593109130859e+001,
       response:1.4327257871627808e-002, octave:0 }
   - { x:340., y:127., size:31., angle:3.5781002807617187e+002,
       response:1.3725340366363525e-002, octave:0 }
   - { x:385., y:363., size:31., angle:2.8129171371459961e+001,
       response:1.5748167410492897e-002, octave:0 }
   - { x:220., y:414., size:31., angle:2.3974000930786133e+001,
       response:1.7414797097444534e-002, octave:0 }
   - { x:224., y:359., size:31., angle:1.8943456649780273e+001,
       response:2.6153750717639923e-002, octave:0 }
   - { x:281., y:625., size:31., angle:1.0446736907958984e+002,
       response:1.3875479809939861e-002, octave:0 }
   - { x:273., y:279., size:31., angle:2.5282321166992187e+002,
       response:1.5342501923441887e-002, octave:0 }
   - { x:378., y:361., size:31., angle:1.5345939636230469e+002,
       response:1.5892902389168739e-002, octave:0 }
   - { x:208., y:518., size:31., angle:2.5200949096679687e+002,
       response:1.5031584538519382e-002, octave:0 }
   - { x:266., y:623., size:31., angle:7.2905967712402344e+001,
       response:1.6675295308232307e-002, octave:0 }
   - { x:386., y:414., size:31., angle:1.4443737792968750e+002,
       response:1.7294183373451233e-002, octave:0 }
   - { x:287., y:625., size:31., angle:2.6469190597534180e+001,
       response:1.3816463761031628e-002, octave:0 }
   - { x:308., y:266., size:31., angle:2.9250042724609375e+002,
       response:1.4211311936378479e-002, octave:0 }
   - { x:333., y:157., size:31., angle:7.5982658386230469e+001,
       response:1.4020036906003952e-002, octave:0 }
   - { x:386., y:410., size:31., angle:2.0590374755859375e+002,
       response:1.5387357212603092e-002, octave:0 }
   - { x:380., y:357., size:31., angle:2.1593733215332031e+002,
       response:1.3861737214028835e-002, octave:0 }
   - { x:251., y:321., size:31., angle:5.2569862365722656e+001,
       response:2.2865055128931999e-002, octave:0 }
   - { x:331., y:281., size:31., angle:2.8810342407226563e+002,
       response:1.8043471500277519e-002, octave:0 }
   - { x:219., y:363., size:31., angle:1.5730905151367187e+002,
       response:1.4498319476842880e-002, octave:0 }
   - { x:350., y:180., size:31., angle:3.1172744750976563e+002,
       response:1.4281682670116425e-002, octave:0 }
   - { x:334., y:176., size:31., angle:1.5072763061523438e+002,
       response:1.4675267040729523e-002, octave:0 }
   - { x:325., y:711., size:31., angle:5.6458711624145508e+000,
       response:2.3722283542156219e-002, octave:0 }
   - { x:274., y:710., size:31., angle:3.0847695922851562e+002,
       response:2.3726092651486397e-002, octave:0 }
   - { x:211., y:522., size:31., angle:3.2559460449218750e+002,
       response:1.8765440210700035e-002, octave:0 }
   - { x:219., y:410., size:31., angle:3.3995715332031250e+002,
       response:1.6642075031995773e-002, octave:0 }
   - { x:388., y:577., size:31., angle:2.5436901855468750e+002,
       response:1.9661601632833481e-002, octave:0 }
   - { x:397., y:518., size:31., angle:2.9785760498046875e+002,
       response:1.3736067339777946e-002, octave:0 }
   - { x:352., y:322., size:31., angle:1.3455108642578125e+002,
       response:1.5887664631009102e-002, octave:0 }
   - { x:331., y:625., size:31., angle:1.0497582244873047e+002,
       response:1.5028823167085648e-002, octave:0 }
   - { x:392., y:522., size:31., angle:2.0292770385742187e+002,
       response:1.6675299033522606e-002, octave:0 }
   - { x:253., y:322., size:31., angle:4.5173038482666016e+001,
       response:1.5716878697276115e-002, octave:0 }
   - { x:256., y:607., size:31., angle:2.8332427978515625e+002,
       response:1.5557949431240559e-002, octave:0 }
   - { x:378., y:359., size:31., angle:1.6831549072265625e+002,
       response:2.6687471196055412e-002, octave:0 }
   - { x:381., y:359., size:31., angle:1.5016658020019531e+002,
       response:2.3014180362224579e-002, octave:0 }
   - { x:219., y:578., size:31., angle:1.0721477508544922e+001,
       response:1.5367656946182251e-002, octave:0 }
   - { x:337., y:95., size:31., angle:1.7649066162109375e+002,
       response:2.0390596240758896e-002, octave:0 }
   - { x:340., y:95., size:31., angle:1.5664117431640625e+002,
       response:2.0686876028776169e-002, octave:0 }
   - { x:354., y:320., size:31., angle:1.2785861206054687e+002,
       response:2.1804843097925186e-002, octave:0 }
   - { x:213., y:525., size:31., angle:6.4266009330749512e+000,
       response:2.2958626970648766e-002, octave:0 }
   - { x:303., y:607., size:31., angle:2.7763595581054687e+002,
       response:1.4302756637334824e-002, octave:0 }
   - { x:351., y:99., size:31., angle:2.4840175628662109e+001,
       response:2.0699424669146538e-002, octave:0 }
   - { x:301., y:608., size:31., angle:2.5796014404296875e+002,
       response:2.2950697690248489e-002, octave:0 }
   - { x:385., y:576., size:31., angle:2.1723396301269531e+002,
       response:2.6059666648507118e-002, octave:0 }
   - { x:320., y:130., size:31., angle:1.0052175140380859e+002,
       response:1.6420502215623856e-002, octave:0 }
   - { x:225., y:361., size:31., angle:3.4262126922607422e+001,
       response:1.6531009227037430e-002, octave:0 }
   - { x:380., y:361., size:31., angle:1.3925340270996094e+002,
       response:1.7481118440628052e-002, octave:0 }
   - { x:217., y:575., size:31., angle:2.9491656494140625e+002,
       response:1.9500991329550743e-002, octave:0 }
   - { x:214., y:417., size:31., angle:1.2872366333007812e+002,
       response:1.5508137643337250e-002, octave:0 }
   - { x:374., y:607., size:31., angle:1.2627799987792969e+002,
       response:1.3677327893674374e-002, octave:0 }
   - { x:347., y:607., size:31., angle:2.4642669677734375e+002,
       response:1.4219869859516621e-002, octave:0 }
   - { x:213., y:572., size:31., angle:2.0793754577636719e+002,
       response:1.6147984191775322e-002, octave:0 }
   - { x:349., y:607., size:31., angle:2.5904776000976562e+002,
       response:1.4906073920428753e-002, octave:0 }
   - { x:293., y:280., size:31., angle:1.5468193054199219e+002,
       response:1.4787997119128704e-002, octave:0 }
   - { x:225., y:357., size:31., angle:3.3760433959960937e+002,
       response:1.4980623498558998e-002, octave:0 }
   - { x:395., y:460., size:31., angle:2.8505499267578125e+002,
       response:1.4560854062438011e-002, octave:0 }
   - { x:329., y:392., size:31., angle:3.5378395080566406e+001,
       response:1.4360647648572922e-002, octave:0 }
   - { x:393., y:526., size:31., angle:1.5564459228515625e+002,
       response:1.6038369387388229e-002, octave:0 }
   - { x:213., y:523., size:31., angle:3.4800891113281250e+002,
       response:2.2619651630520821e-002, octave:0 }
   - { x:211., y:526., size:31., angle:2.9501617431640625e+001,
       response:1.6464406624436378e-002, octave:0 }
   - { x:330., y:494., size:31., angle:2.7056051635742187e+002,
       response:1.4056246727705002e-002, octave:0 }
   - { x:393., y:465., size:31., angle:2.0793679809570312e+002,
       response:1.4967622235417366e-002, octave:0 }
   - { x:330., y:501., size:31., angle:2.7464648437500000e+002,
       response:1.3717034831643105e-002, octave:0 }
   - { x:331., y:125., size:31., angle:3.4072674560546875e+002,
       response:1.5096158720552921e-002, octave:0 }
   - { x:214., y:467., size:31., angle:7.5102601051330566e+000,
       response:2.5036225095391273e-002, octave:0 }
   - { x:324., y:704., size:31., angle:2.6997012329101563e+002,
       response:1.6086734831333160e-002, octave:0 }
   - { x:391., y:571., size:31., angle:3.0343713378906250e+002,
       response:1.4951099641621113e-002, octave:0 }
   - { x:273., y:502., size:31., angle:2.6283068847656250e+002,
       response:1.5084880404174328e-002, octave:0 }
   - { x:393., y:468., size:31., angle:1.4300082397460937e+002,
