%YAML:1.0
KeyPoints:
   - { x:374., y:684., size:31., angle:3.3485574340820312e+002,
       response:8.5783039685338736e-004, octave:0 }
   - { x:111., y:34., size:31., angle:1.3139144897460937e+002,
       response:4.5431533362716436e-004, octave:0 }
   - { x:157., y:342., size:31., angle:1.1522560119628906e+002,
       response:3.5956638748757541e-004, octave:0 }
   - { x:296., y:532., size:31., angle:3.5960171508789062e+002,
       response:4.8750292626209557e-004, octave:0 }
   - { x:253., y:374., size:31., angle:1.1508685302734375e+002,
       response:4.7160283429548144e-004, octave:0 }
   - { x:109., y:466., size:31., angle:3.9221977233886719e+001,
       response:6.7504832986742258e-004, octave:0 }
   - { x:90., y:455., size:31., angle:2.3693911743164062e+002,
       response:5.4968416225165129e-004, octave:0 }
   - { x:315., y:323., size:31., angle:2.0471035003662109e+001,
       response:5.7833734899759293e-004, octave:0 }
   - { x:354., y:697., size:31., angle:1.5396232604980469e+002,
       response:8.1013975432142615e-004, octave:0 }
   - { x:254., y:182., size:31., angle:1.7287269592285156e+002,
       response:3.8840365596115589e-004, octave:0 }
   - { x:284., y:282., size:31., angle:3.4373510742187500e+002,
       response:3.3831092878244817e-004, octave:0 }
   - { x:361., y:677., size:31., angle:2.4867126464843750e+002,
       response:3.8302276516333222e-004, octave:0 }
   - { x:451., y:658., size:31., angle:3.4952175903320312e+002,
       response:6.5456080483272672e-004, octave:0 }
   - { x:98., y:599., size:31., angle:2.5381472778320312e+002,
       response:4.7401722986251116e-004, octave:0 }
   - { x:396., y:692., size:31., angle:1.5605728149414062e+002,
       response:5.7372089941054583e-004, octave:0 }
   - { x:414., y:712., size:31., angle:2.7024377441406250e+002,
       response:4.0237017674371600e-004, octave:0 }
   - { x:430., y:91., size:31., angle:1.2791284179687500e+002,
       response:4.3369218474254012e-004, octave:0 }
   - { x:309., y:206., size:31., angle:2.7554809570312500e+002,
       response:4.0234567131847143e-004, octave:0 }
   - { x:225., y:588., size:31., angle:1.4693417358398438e+002,
       response:6.4406561432406306e-004, octave:0 }
   - { x:279., y:283., size:31., angle:2.4035256958007812e+002,
       response:4.3958693277090788e-004, octave:0 }
   - { x:112., y:540., size:31., angle:2.5716464233398438e+002,
       response:4.8559816787019372e-004, octave:0 }
   - { x:240., y:436., size:31., angle:2.0844174194335937e+002,
       response:3.5809029941447079e-004, octave:0 }
   - { x:379., y:686., size:31., angle:3.1889010620117187e+002,
       response:8.2136807031929493e-004, octave:0 }
   - { x:53., y:299., size:31., angle:2.3933938598632812e+002,
       response:5.0046975957229733e-004, octave:0 }
   - { x:301., y:729., size:31., angle:3.0326660156250000e+002,
       response:4.1910665458999574e-004, octave:0 }
   - { x:254., y:372., size:31., angle:1.1642234039306641e+002,
       response:6.2022107886150479e-004, octave:0 }
   - { x:220., y:447., size:31., angle:1.7190307617187500e+002,
       response:5.5355340009555221e-004, octave:0 }
   - { x:269., y:565., size:31., angle:3.2424044799804687e+002,
       response:4.1536561911925673e-004, octave:0 }
   - { x:391., y:79., size:31., angle:1.1811040496826172e+002,
       response:3.4861927269957960e-004, octave:0 }
   - { x:285., y:287., size:31., angle:5.4855785369873047e+001,
       response:8.1354205030947924e-004, octave:0 }
   - { x:279., y:202., size:31., angle:3.1544104003906250e+002,
       response:3.8979211240075529e-004, octave:0 }
   - { x:81., y:448., size:31., angle:1.1857057189941406e+002,
       response:8.1449217395856977e-004, octave:0 }
   - { x:418., y:749., size:31., angle:6.9965194702148438e+001,
       response:5.8223324595019221e-004, octave:0 }
   - { x:448., y:636., size:31., angle:1.3512051391601562e+002,
       response:3.3939213608391583e-004, octave:0 }
   - { x:129., y:749., size:31., angle:3.1260430908203125e+002,
       response:6.4568762900307775e-004, octave:0 }
   - { x:306., y:249., size:31., angle:4.4462390899658203e+001,
       response:5.9572147438302636e-004, octave:0 }
   - { x:417., y:747., size:31., angle:7.3033218383789063e+001,
       response:5.1595031982287765e-004, octave:0 }
   - { x:402., y:742., size:31., angle:2.4998976135253906e+002,
       response:4.4279429130256176e-004, octave:0 }
   - { x:397., y:737., size:31., angle:2.9184265136718750e+002,
       response:4.5516790123656392e-004, octave:0 }
   - { x:413., y:679., size:31., angle:2.9556997680664062e+002,
       response:3.3893511863425374e-004, octave:0 }
   - { x:367., y:677., size:31., angle:2.8186215209960937e+002,
       response:3.9734356687404215e-004, octave:0 }
   - { x:438., y:736., size:31., angle:5.8019226074218750e+001,
       response:5.6761375162750483e-004, octave:0 }
   - { x:426., y:733., size:31., angle:2.9853509902954102e+001,
       response:4.0612521115690470e-004, octave:0 }
   - { x:415., y:676., size:31., angle:2.8622406005859375e+002,
       response:3.9786798879504204e-004, octave:0 }
   - { x:480., y:722., size:31., angle:4.5996360778808594e+001,
       response:3.9335354813374579e-004, octave:0 }
   - { x:417., y:730., size:31., angle:2.1310198974609375e+002,
       response:3.6991422530263662e-004, octave:0 }
   - { x:365., y:764., size:31., angle:2.5106533813476562e+002,
       response:5.6988291908055544e-004, octave:0 }
   - { x:226., y:452., size:31., angle:9.1010910034179688e+001,
       response:3.4121604403480887e-004, octave:0 }
   - { x:304., y:228., size:31., angle:1.5348080444335937e+002,
       response:1.3203725684434175e-003, octave:0 }
   - { x:243., y:443., size:31., angle:7.8847328186035156e+001,
       response:4.1029351996257901e-004, octave:0 }
   - { x:443., y:724., size:31., angle:3.9777133941650391e+001,
       response:4.4400620390661061e-004, octave:0 }
   - { x:442., y:717., size:31., angle:2.6933544921875000e+002,
       response:5.1224476192146540e-004, octave:0 }
   - { x:262., y:372., size:31., angle:6.2591117858886719e+001,
       response:6.2936375616118312e-004, octave:0 }
   - { x:411., y:717., size:31., angle:1.8757589721679687e+002,
       response:4.6730245230719447e-004, octave:0 }
   - { x:303., y:231., size:31., angle:1.9979853820800781e+002,
       response:1.3491862919181585e-003, octave:0 }
   - { x:428., y:713., size:31., angle:2.6453546142578125e+002,
       response:1.0284691816195846e-003, octave:0 }
   - { x:264., y:373., size:31., angle:5.6321697235107422e+001,
       response:8.2191609544679523e-004, octave:0 }
   - { x:404., y:709., size:31., angle:1.9105035400390625e+002,
       response:4.7103219549171627e-004, octave:0 }
   - { x:226., y:166., size:31., angle:2.9288320922851562e+002,
       response:5.5832107318565249e-004, octave:0 }
   - { x:124., y:46., size:31., angle:3.1127120971679687e+002,
       response:3.6913668736815453e-004, octave:0 }
   - { x:118., y:609., size:31., angle:3.5063143920898437e+002,
       response:4.3161198846064508e-004, octave:0 }
   - { x:267., y:423., size:31., angle:4.3218166351318359e+001,
       response:3.5712914541363716e-004, octave:0 }
   - { x:298., y:532., size:31., angle:2.4656100273132324e+000,
       response:4.3467115028761327e-004, octave:0 }
   - { x:445., y:713., size:31., angle:2.8098645019531250e+002,
       response:3.6141669261269271e-004, octave:0 }
   - { x:380., y:693., size:31., angle:4.2749500274658203e+001,
       response:3.9424898568540812e-004, octave:0 }
   - { x:344., y:685., size:31., angle:2.0954544067382812e+002,
       response:3.8744695484638214e-004, octave:0 }
   - { x:303., y:729., size:31., angle:3.0363674926757812e+002,
       response:6.2027957756072283e-004, octave:0 }
   - { x:378., y:618., size:31., angle:2.7143139648437500e+002,
       response:3.6376877687871456e-004, octave:0 }
   - { x:412., y:705., size:31., angle:3.2843960571289062e+002,
