%YAML:1.0
KeyPoints:
   - { x:86., y:588., size:31., angle:1.3405194091796875e+002,
       response:9.1219339519739151e-003, octave:0 }
   - { x:295., y:144., size:31., angle:1.6089306640625000e+002,
       response:4.0806753531796858e-005, octave:0 }
   - { x:304., y:144., size:31., angle:1.9188749313354492e+001,
       response:2.2571117369807325e-005, octave:0 }
   - { x:291., y:145., size:31., angle:1.6157548522949219e+002,
       response:2.2581948724109679e-004, octave:0 }
   - { x:309., y:145., size:31., angle:1.7702585220336914e+001,
       response:2.1542221657000482e-004, octave:0 }
   - { x:511., y:668., size:31., angle:1.2196223449707031e+002,
       response:6.6075590439140797e-003, octave:0 }
   - { x:258., y:441., size:31., angle:1.6107318115234375e+002,
       response:-1.1874552001245320e-004, octave:0 }
   - { x:314., y:147., size:31., angle:1.7276731491088867e+001,
       response:5.8007653569802642e-004, octave:0 }
   - { x:104., y:371., size:31., angle:3.3937255859375000e+002,
       response:-1.0454186849528924e-004, octave:0 }
   - { x:259., y:444., size:31., angle:1.6025906372070312e+002,
       response:-1.1869639274664223e-004, octave:0 }
   - { x:524., y:667., size:31., angle:3.7359977722167969e+001,
       response:1.0574493557214737e-002, octave:0 }
   - { x:239., y:571., size:31., angle:3.0247351074218750e+002,
       response:5.5897361598908901e-003, octave:0 }
   - { x:468., y:667., size:31., angle:5.2804512023925781e+001,
       response:7.1359318681061268e-003, octave:0 }
   - { x:384., y:586., size:31., angle:1.3604701232910156e+002,
       response:8.2587897777557373e-003, octave:0 }
   - { x:455., y:667., size:31., angle:1.4050604248046875e+002,
       response:1.2199602089822292e-002, octave:0 }
   - { x:421., y:667., size:31., angle:4.4381908416748047e+001,
       response:7.8336531296372414e-003, octave:0 }
   - { x:490., y:592., size:31., angle:8.9922607421875000e+001,
       response:2.6830723509192467e-003, octave:0 }
   - { x:482., y:571., size:31., angle:2.3718177795410156e+002,
       response:6.1158300377428532e-003, octave:0 }
   - { x:105., y:588., size:31., angle:4.6234111785888672e+001,
       response:1.0094594210386276e-002, octave:0 }
   - { x:407., y:667., size:31., angle:1.3582855224609375e+002,
       response:7.8562190756201744e-003, octave:0 }
   - { x:526., y:375., size:31., angle:2.0756931304931641e+001,
       response:-9.2580965429078788e-005, octave:0 }
   - { x:307., y:493., size:31., angle:3.4310729980468750e+002,
       response:8.4816929302178323e-005, octave:0 }
   - { x:32., y:768., size:31., angle:2.8438265991210937e+002,
       response:4.2893294448731467e-005, octave:0 }
   - { x:300., y:195., size:31., angle:8.9483558654785156e+001,
       response:-1.1290584552625660e-005, octave:0 }
   - { x:261., y:667., size:31., angle:4.7698665618896484e+001,
       response:1.2083735316991806e-002, octave:0 }
   - { x:248., y:667., size:31., angle:1.3554940795898437e+002,
       response:8.0591440200805664e-003, octave:0 }
   - { x:102., y:667., size:31., angle:4.6000965118408203e+001,
       response:1.1114438064396381e-002, octave:0 }
   - { x:88., y:667., size:31., angle:1.3748324584960937e+002,
       response:9.0654343366622925e-003, octave:0 }
   - { x:293., y:493., size:31., angle:1.9722319030761719e+002,
       response:8.8700813648756593e-005, octave:0 }
   - { x:47., y:759., size:31., angle:3.0115048217773438e+002,
       response:3.6603018088499084e-005, octave:0 }
   - { x:444., y:572., size:31., angle:3.1771728515625000e+002,
       response:6.7369840107858181e-003, octave:0 }
   - { x:503., y:649., size:31., angle:1.2755314636230469e+002,
       response:6.0305297374725342e-003, octave:0 }
   - { x:475., y:649., size:31., angle:5.2659442901611328e+001,
       response:6.6658598370850086e-003, octave:0 }
   - { x:300., y:436., size:31., angle:2.7058508300781250e+002,
       response:1.8103452021023259e-005, octave:0 }
   - { x:265., y:321., size:31., angle:4.6840476989746094e+001,
       response:1.6452599084004760e-003, octave:0 }
   - { x:336., y:320., size:31., angle:1.3249566650390625e+002,
       response:1.1395970359444618e-003, octave:0 }
   - { x:276., y:406., size:31., angle:3.4005264282226562e+002,
       response:-1.2527572107501328e-004, octave:0 }
   - { x:257., y:438., size:31., angle:1.6199937438964844e+002,
       response:-1.1979874398093671e-004, octave:0 }
   - { x:272., y:572., size:31., angle:2.3366815185546875e+002,
       response:5.9264260344207287e-003, octave:0 }
   - { x:441., y:218., size:31., angle:1.9532351684570312e+002,
       response:-1.1612629168666899e-004, octave:0 }
   - { x:444., y:586., size:31., angle:4.3881095886230469e+001,
       response:7.2692348621785641e-003, octave:0 }
   - { x:358., y:269., size:31., angle:3.0447875976562500e+002,
       response:1.6359435394406319e-003, octave:0 }
   - { x:384., y:572., size:31., angle:2.2232116699218750e+002,
       response:7.6604573987424374e-003, octave:0 }
   - { x:256., y:613., size:31., angle:2.7291070556640625e+002,
       response:5.4239607416093349e-003, octave:0 }
   - { x:361., y:317., size:31., angle:4.0521568298339844e+001,
       response:1.2857662513852119e-003, octave:0 }
   - { x:473., y:224., size:31., angle:6.9477081298828125e+001,
       response:1.4232317334972322e-004, octave:0 }
   - { x:239., y:317., size:31., angle:1.3909243774414062e+002,
       response:1.2566616060212255e-003, octave:0 }
   - { x:126., y:227., size:31., angle:1.0779277038574219e+002,
       response:5.4748787079006433e-004, octave:0 }
   - { x:242., y:268., size:31., angle:2.3401605224609375e+002,
       response:2.3103815037757158e-003, octave:0 }
   - { x:499., y:572., size:31., angle:3.0944818115234375e+002,
       response:6.2279831618070602e-003, octave:0 }
   - { x:475., y:228., size:31., angle:7.4968597412109375e+001,
       response:1.0409957030788064e-003, octave:0 }
   - { x:498., y:630., size:31., angle:2.1751893615722656e+002,
       response:8.9922863990068436e-003, octave:0 }
   - { x:223., y:572., size:31., angle:2.1319987487792969e+002,
       response:8.6751598864793777e-003, octave:0 }
   - { x:480., y:630., size:31., angle:3.2283187866210937e+002,
       response:9.5091741532087326e-003, octave:0 }
   - { x:104., y:266., size:31., angle:2.0949682235717773e+001,
       response:-9.7422685939818621e-005, octave:0 }
   - { x:479., y:574., size:31., angle:2.2234278869628906e+002,
       response:1.9928687252104282e-003, octave:0 }
   - { x:66., y:572., size:31., angle:2.2365019226074219e+002,
       response:8.1804841756820679e-003, octave:0 }
   - { x:92., y:768., size:31., angle:2.6740435791015625e+002,
       response:2.1568948795902543e-005, octave:0 }
   - { x:100., y:362., size:31., angle:3.4301528930664062e+002,
       response:-1.1767229443648830e-004, octave:0 }
   - { x:254., y:609., size:31., angle:2.8324078369140625e+002,
       response:9.9597347434610128e-004, octave:0 }
   - { x:405., y:588., size:31., angle:1.3528192138671875e+002,
       response:6.2786205671727657e-003, octave:0 }
   - { x:125., y:572., size:31., angle:3.1696578979492187e+002,
       response:7.9053062945604324e-003, octave:0 }
   - { x:423., y:588., size:31., angle:4.4463897705078125e+001,
       response:5.9566358104348183e-003, octave:0 }
   - { x:286., y:572., size:31., angle:3.2448675537109375e+002,
       response:9.8988069221377373e-003, octave:0 }
   - { x:472., y:247., size:31., angle:2.2166858673095703e+001,
       response:-1.2289284495636821e-004, octave:0 }
   - { x:267., y:273., size:31., angle:3.2035604858398437e+002,
       response:9.9059054628014565e-004, octave:0 }
   - { x:125., y:586., size:31., angle:4.4774337768554688e+001,
       response:8.3370199427008629e-003, octave:0 }
   - { x:66., y:586., size:31., angle:1.3473663330078125e+002,
       response:8.8764382526278496e-003, octave:0 }
   - { x:125., y:231., size:31., angle:1.0737408447265625e+002,
