%YAML:1.0
KeyPoints:
   - { x:242., y:402., size:31., angle:1.8310470581054687e+002,
       response:8.0243749544024467e-003, octave:0 }
   - { x:442., y:196., size:31., angle:3.1013983154296875e+002,
       response:1.1977397836744785e-002, octave:0 }
   - { x:460., y:591., size:31., angle:4.2299320220947266e+001,
       response:6.6375141032040119e-003, octave:0 }
   - { x:32., y:427., size:31., angle:2.1822964477539062e+002,
       response:6.9181560538709164e-003, octave:0 }
   - { x:96., y:512., size:31., angle:1.5658181762695312e+002,
       response:9.3164006248116493e-003, octave:0 }
   - { x:308., y:661., size:31., angle:1.3440493774414062e+002,
       response:7.8108096495270729e-003, octave:0 }
   - { x:303., y:324., size:31., angle:2.8439111328125000e+002,
       response:1.0204073973000050e-002, octave:0 }
   - { x:229., y:156., size:31., angle:2.4537106323242187e+002,
       response:1.0496414266526699e-002, octave:0 }
   - { x:116., y:56., size:31., angle:3.0556954956054687e+002,
       response:6.7459810525178909e-003, octave:0 }
   - { x:150., y:595., size:31., angle:1.3570074462890625e+002,
       response:8.0495113506913185e-003, octave:0 }
   - { x:457., y:595., size:31., angle:4.3789215087890625e+001,
       response:9.0751731768250465e-003, octave:0 }
   - { x:304., y:471., size:31., angle:6.6458435058593750e+001,
       response:9.6512688323855400e-003, octave:0 }
   - { x:337., y:181., size:31., angle:2.7292382812500000e+002,
       response:1.0785963386297226e-002, octave:0 }
   - { x:450., y:602., size:31., angle:4.6978656768798828e+001,
       response:6.2613640911877155e-003, octave:0 }
   - { x:202., y:169., size:31., angle:2.4026239013671875e+002,
       response:8.7292250245809555e-003, octave:0 }
   - { x:532., y:397., size:31., angle:4.4172771453857422e+001,
       response:9.3576479703187943e-003, octave:0 }
   - { x:298., y:160., size:31., angle:4.4843765258789063e+001,
       response:7.1212956681847572e-003, octave:0 }
   - { x:270., y:68., size:31., angle:2.7013220214843750e+002,
       response:9.8132621496915817e-003, octave:0 }
   - { x:448., y:202., size:31., angle:3.1576849365234375e+002,
       response:7.0443651638925076e-003, octave:0 }
   - { x:432., y:617., size:31., angle:5.2124019622802734e+001,
       response:6.8261064589023590e-003, octave:0 }
   - { x:168., y:612., size:31., angle:1.3035473632812500e+002,
       response:9.6047846600413322e-003, octave:0 }
   - { x:227., y:158., size:31., angle:2.4713662719726562e+002,
       response:9.1900043189525604e-003, octave:0 }
   - { x:107., y:364., size:31., angle:1.8319735717773437e+002,
       response:7.8427270054817200e-003, octave:0 }
   - { x:99., y:472., size:31., angle:3.2878677368164062e+002,
       response:6.9987601600587368e-003, octave:0 }
   - { x:517., y:397., size:31., angle:1.3492987060546875e+002,
       response:9.2186434194445610e-003, octave:0 }
   - { x:499., y:440., size:31., angle:3.6020414829254150e+000,
       response:7.8956298530101776e-003, octave:0 }
   - { x:241., y:172., size:31., angle:5.6755226135253906e+001,
       response:9.4853732734918594e-003, octave:0 }
   - { x:41., y:417., size:31., angle:2.2377384948730469e+002,
       response:6.4043379388749599e-003, octave:0 }
   - { x:338., y:727., size:31., angle:5.5739517211914062e+001,
       response:6.1501236632466316e-003, octave:0 }
   - { x:509., y:517., size:31., angle:2.4671960830688477e+001,
       response:9.4829620793461800e-003, octave:0 }
   - { x:269., y:623., size:31., angle:9.4285446166992188e+001,
       response:1.0356332175433636e-002, octave:0 }
   - { x:458., y:592., size:31., angle:4.3446514129638672e+001,
       response:8.8795227929949760e-003, octave:0 }
   - { x:507., y:332., size:31., angle:1.5147338867187500e+002,
       response:8.3504263311624527e-003, octave:0 }
   - { x:171., y:613., size:31., angle:1.2895828247070312e+002,
       response:6.9736158475279808e-003, octave:0 }
   - { x:198., y:172., size:31., angle:2.3809805297851562e+002,
       response:8.8421469554305077e-003, octave:0 }
   - { x:303., y:333., size:31., angle:2.6306341552734375e+002,
       response:1.0009888559579849e-002, octave:0 }
   - { x:490., y:441., size:31., angle:3.8073814392089844e+001,
       response:7.5026964768767357e-003, octave:0 }
   - { x:413., y:629., size:31., angle:5.8294509887695312e+001,
       response:6.6384654492139816e-003, octave:0 }
   - { x:116., y:363., size:31., angle:2.1534675598144531e+002,
       response:7.6999091543257236e-003, octave:0 }
   - { x:82., y:474., size:31., angle:1.6721780395507812e+002,
       response:1.0917843319475651e-002, octave:0 }
   - { x:241., y:153., size:31., angle:2.8048046875000000e+002,
       response:6.2994989566504955e-003, octave:0 }
   - { x:454., y:596., size:31., angle:4.3745273590087891e+001,
       response:7.4563259258866310e-003, octave:0 }
   - { x:85., y:485., size:31., angle:1.6166021728515625e+002,
       response:7.0767104625701904e-003, octave:0 }
   - { x:451., y:599., size:31., angle:4.6186222076416016e+001,
       response:6.2303487211465836e-003, octave:0 }
   - { x:291., y:89., size:31., angle:3.2114279174804687e+002,
       response:9.9978689104318619e-003, octave:0 }
   - { x:484., y:243., size:31., angle:3.2612878417968750e+002,
       response:6.9512897171080112e-003, octave:0 }
   - { x:140., y:219., size:31., angle:2.2116447448730469e+002,
       response:6.4138369634747505e-003, octave:0 }
   - { x:90., y:407., size:31., angle:3.1458843994140625e+002,
       response:1.0768893174827099e-002, octave:0 }
   - { x:303., y:480., size:31., angle:7.6172721862792969e+001,
       response:9.9164629355072975e-003, octave:0 }
   - { x:74., y:407., size:31., angle:2.2731329345703125e+002,
       response:1.0722670704126358e-002, octave:0 }
   - { x:298., y:142., size:31., angle:3.1892889404296875e+002,
       response:7.1760471910238266e-003, octave:0 }
   - { x:242., y:96., size:31., angle:1.9912971496582031e+002,
       response:8.1651657819747925e-003, octave:0 }
   - { x:364., y:403., size:31., angle:3.2451271057128906e+001,
       response:6.9718989543616772e-003, octave:0 }
   - { x:373., y:402., size:31., angle:1.9352377653121948e+000,
       response:8.5921548306941986e-003, octave:0 }
   - { x:363., y:709., size:31., angle:2.3871431350708008e+001,
       response:6.5774330869317055e-003, octave:0 }
   - { x:336., y:736., size:31., angle:9.1911216735839844e+001,
       response:7.3960288427770138e-003, octave:0 }
   - { x:366., y:652., size:31., angle:9.0383316040039063e+001,
       response:1.1846205219626427e-002, octave:0 }
   - { x:234., y:402., size:31., angle:1.7872052001953125e+002,
       response:7.6935905963182449e-003, octave:0 }
   - { x:364., y:401., size:31., angle:3.2007611083984375e+002,
       response:7.1291611529886723e-003, octave:0 }
   - { x:293., y:91., size:31., angle:3.2552215576171875e+002,
       response:1.0251349769532681e-002, octave:0 }
   - { x:383., y:646., size:31., angle:6.6276199340820312e+001,
       response:8.6557306349277496e-003, octave:0 }
   - { x:110., y:66., size:31., angle:9.1184829711914062e+001,
       response:1.0301711037755013e-002, octave:0 }
   - { x:112., y:66., size:31., angle:7.4004241943359375e+001,
       response:1.1944488622248173e-002, octave:0 }
   - { x:366., y:633., size:31., angle:2.3588998413085937e+002,
       response:8.9080482721328735e-003, octave:0 }
   - { x:241., y:170., size:31., angle:4.9748100280761719e+001,
       response:6.0492861084640026e-003, octave:0 }
   - { x:481., y:567., size:31., angle:3.6638381958007813e+001,
       response:5.5136578157544136e-003, octave:0 }
   - { x:34., y:425., size:31., angle:2.2181552124023437e+002,
       response:5.6980787776410580e-003, octave:0 }
   - { x:86., y:321., size:31., angle:1.9572415161132812e+002,
       response:5.5279023945331573e-003, octave:0 }
   - { x:198., y:170., size:31., angle:2.3875561523437500e+002,
