%YAML:1.0
KeyPoints:
   - { x:552., y:355., size:31., angle:2.5097470092773437e+002,
       response:9.1751234140247107e-004, octave:0 }
   - { x:407., y:493., size:31., angle:9.4489425659179688e+001,
       response:3.5432745789876208e-005, octave:0 }
   - { x:561., y:264., size:31., angle:3.1825155639648437e+002,
       response:1.3798924919683486e-004, octave:0 }
   - { x:563., y:267., size:31., angle:3.3400415039062500e+002,
       response:3.0357399737113155e-005, octave:0 }
   - { x:544., y:279., size:31., angle:1.2936465454101562e+002,
       response:9.7928952891379595e-004, octave:0 }
   - { x:531., y:496., size:31., angle:2.8312042236328125e+002,
       response:4.6858844143571332e-005, octave:0 }
   - { x:556., y:299., size:31., angle:3.3046746826171875e+002,
       response:1.1108020553365350e-003, octave:0 }
   - { x:522., y:496., size:31., angle:2.7360632324218750e+002,
       response:5.9851925470866263e-005, octave:0 }
   - { x:511., y:496., size:31., angle:2.6575250244140625e+002,
       response:5.9654543292708695e-005, octave:0 }
   - { x:482., y:496., size:31., angle:2.6933038330078125e+002,
       response:6.8161702074576169e-005, octave:0 }
   - { x:472., y:496., size:31., angle:2.6666302490234375e+002,
       response:4.8732636059867218e-005, octave:0 }
   - { x:465., y:496., size:31., angle:2.6918640136718750e+002,
       response:5.1212780817877501e-005, octave:0 }
   - { x:419., y:496., size:31., angle:4.1477672576904297e+001,
       response:7.4903888162225485e-005, octave:0 }
   - { x:417., y:496., size:31., angle:5.8263435363769531e+001,
       response:4.6630368160549551e-005, octave:0 }
   - { x:406., y:496., size:31., angle:1.0682318115234375e+002,
       response:1.7530556942801923e-004, octave:0 }
   - { x:484., y:495., size:31., angle:2.5937097167968750e+002,
       response:4.3068997911177576e-005, octave:0 }
   - { x:496., y:503., size:31., angle:9.1496070861816406e+001,
       response:3.0641993362223729e-005, octave:0 }
   - { x:494., y:503., size:31., angle:8.9695533752441406e+001,
       response:3.3111049560829997e-005, octave:0 }
   - { x:487., y:503., size:31., angle:9.8588859558105469e+001,
       response:4.4271095248404890e-005, octave:0 }
   - { x:471., y:503., size:31., angle:9.1069473266601563e+001,
       response:1.0494233720237389e-004, octave:0 }
   - { x:453., y:503., size:31., angle:8.1071182250976563e+001,
       response:4.9329260946251452e-005, octave:0 }
   - { x:441., y:503., size:31., angle:8.6503921508789063e+001,
       response:3.1482300983043388e-005, octave:0 }
   - { x:419., y:503., size:31., angle:8.2187217712402344e+001,
       response:5.0358888984192163e-005, octave:0 }
   - { x:405., y:503., size:31., angle:1.4767376708984375e+002,
       response:6.9373265432659537e-005, octave:0 }
   - { x:498., y:355., size:31., angle:2.6393429565429687e+002,
       response:1.1175979161635041e-003, octave:0 }
   - { x:516., y:497., size:31., angle:2.5003375244140625e+002,
       response:5.7216198911191896e-005, octave:0 }
   - { x:561., y:501., size:31., angle:8.7550697326660156e+001,
       response:8.9308072347193956e-005, octave:0 }
   - { x:501., y:357., size:31., angle:3.3471408081054687e+002,
       response:5.0764041952788830e-004, octave:0 }
   - { x:556., y:357., size:31., angle:3.3799481201171875e+002,
       response:4.8792021698318422e-004, octave:0 }
   - { x:503., y:358., size:31., angle:3.2477960586547852e+000,
       response:3.7593298475258052e-004, octave:0 }
   - { x:558., y:358., size:31., angle:4.9630603790283203e+000,
       response:3.5269540967419744e-004, octave:0 }
   - { x:505., y:361., size:31., angle:9.8204078674316406e+000,
       response:5.7701010518940166e-005, octave:0 }
   - { x:560., y:361., size:31., angle:1.0814260482788086e+001,
       response:6.5003659983631223e-005, octave:0 }
   - { x:462., y:501., size:31., angle:9.9954650878906250e+001,
       response:9.9938188213855028e-005, octave:0 }
   - { x:448., y:501., size:31., angle:7.6376365661621094e+001,
       response:3.1300860428018495e-005, octave:0 }
   - { x:505., y:367., size:31., angle:3.5782507324218750e+002,
       response:8.9539105829317123e-005, octave:0 }
   - { x:560., y:367., size:31., angle:3.5700445556640625e+002,
       response:1.1506247392389923e-004, octave:0 }
   - { x:503., y:370., size:31., angle:1.4139902591705322e+000,
       response:2.9005698161199689e-004, octave:0 }
   - { x:558., y:370., size:31., angle:3.5946499633789062e+002,
       response:2.5892557459883392e-004, octave:0 }
   - { x:440., y:501., size:31., angle:8.9267471313476562e+001,
       response:7.1366557676810771e-005, octave:0 }
   - { x:501., y:371., size:31., angle:2.5711624145507813e+001,
       response:4.4246803736314178e-004, octave:0 }
   - { x:434., y:501., size:31., angle:1.0975864410400391e+002,
       response:1.0493106674402952e-004, octave:0 }
   - { x:556., y:371., size:31., angle:2.2012714385986328e+001,
       response:4.1657831752672791e-004, octave:0 }
   - { x:497., y:372., size:31., angle:1.0470616912841797e+002,
       response:8.2691956777125597e-004, octave:0 }
   - { x:552., y:372., size:31., angle:1.0173963928222656e+002,
       response:8.9835032122209668e-004, octave:0 }
   - { x:426., y:501., size:31., angle:9.6673049926757813e+001,
       response:6.3425308326259255e-005, octave:0 }
   - { x:404., y:501., size:31., angle:1.4848974609375000e+002,
       response:1.4154436939861625e-004, octave:0 }
   - { x:100., y:374., size:31., angle:7.6081756591796875e+001,
       response:6.1473190726246685e-005, octave:0 }
   - { x:564., y:500., size:31., angle:7.8504806518554688e+001,
       response:5.7637815189082175e-005, octave:0 }
   - { x:558., y:500., size:31., angle:8.8308883666992188e+001,
       response:4.2359832150395960e-005, octave:0 }
   - { x:553., y:500., size:31., angle:9.5392608642578125e+001,
       response:3.4872628020821139e-005, octave:0 }
   - { x:545., y:500., size:31., angle:9.5988471984863281e+001,
       response:7.0239133492577821e-005, octave:0 }
   - { x:543., y:500., size:31., angle:9.4506278991699219e+001,
       response:5.4216139687923715e-005, octave:0 }
   - { x:532., y:500., size:31., angle:7.3860420227050781e+001,
       response:4.1710063669597730e-005, octave:0 }
   - { x:522., y:500., size:31., angle:8.4189628601074219e+001,
       response:7.3783834523055702e-005, octave:0 }
   - { x:511., y:500., size:31., angle:9.2263275146484375e+001,
       response:7.0737492933403701e-005, octave:0 }
   - { x:498., y:500., size:31., angle:1.0204198455810547e+002,
       response:6.4039792050607502e-005, octave:0 }
   - { x:484., y:500., size:31., angle:9.5251426696777344e+001,
       response:1.2548192171379924e-004, octave:0 }
   - { x:323., y:384., size:31., angle:8.4559265136718750e+001,
       response:3.0887604225426912e-005, octave:0 }
   - { x:459., y:500., size:31., angle:1.6763096618652344e+002,
       response:7.5222880695946515e-005, octave:0 }
   - { x:454., y:500., size:31., angle:2.9787385940551758e+001,
       response:1.2287140998523682e-004, octave:0 }
   - { x:438., y:500., size:31., angle:1.1654599761962891e+002,
       response:7.8766912338323891e-005, octave:0 }
   - { x:406., y:500., size:31., angle:1.3835430908203125e+002,
       response:2.0837513147853315e-004, octave:0 }
   - { x:516., y:499., size:31., angle:1.2835446166992187e+002,
       response:7.1398477302864194e-005, octave:0 }
   - { x:500., y:499., size:31., angle:1.3137629699707031e+002,
       response:5.2374907681951299e-005, octave:0 }
   - { x:487., y:499., size:31., angle:1.6827833557128906e+002,
       response:1.0151034803129733e-004, octave:0 }
   - { x:479., y:499., size:31., angle:3.0048864746093750e+002,
       response:5.7806730183074251e-005, octave:0 }
   - { x:445., y:499., size:31., angle:2.8432574462890625e+002,
       response:3.4277949453098699e-005, octave:0 }
   - { x:440., y:499., size:31., angle:2.6880599975585937e+002,
