%YAML:1.0
KeyPoints:
   - { x:272., y:557., size:31., angle:2.6009747314453125e+002,
       response:1.7634497955441475e-002, octave:0 }
   - { x:316., y:557., size:31., angle:2.6650994873046875e+002,
       response:1.0823183692991734e-002, octave:0 }
   - { x:165., y:463., size:31., angle:1.6524805068969727e+001,
       response:7.6068681664764881e-003, octave:0 }
   - { x:419., y:557., size:31., angle:2.7685263061523438e+002,
       response:1.3689459301531315e-002, octave:0 }
   - { x:263., y:303., size:31., angle:3.6511650085449219e+001,
       response:1.0963162407279015e-002, octave:0 }
   - { x:376., y:616., size:31., angle:5.4103591918945313e+001,
       response:1.6675163060426712e-002, octave:0 }
   - { x:169., y:466., size:31., angle:9.9284620285034180e+000,
       response:1.2606754899024963e-002, octave:0 }
   - { x:217., y:606., size:31., angle:3.9722778797149658e+000,
       response:1.6246236860752106e-002, octave:0 }
   - { x:423., y:216., size:31., angle:2.6923535156250000e+002,
       response:7.7826487831771374e-003, octave:0 }
   - { x:333., y:615., size:31., angle:6.9497070312500000e+001,
       response:1.3969721272587776e-002, octave:0 }
   - { x:243., y:557., size:31., angle:2.9040405273437500e+002,
       response:1.4657106250524521e-002, octave:0 }
   - { x:366., y:586., size:31., angle:2.5463372802734375e+002,
       response:1.6089808195829391e-002, octave:0 }
   - { x:320., y:615., size:31., angle:1.1652282714843750e+002,
       response:1.2281219474971294e-002, octave:0 }
   - { x:368., y:308., size:31., angle:3.3828109741210937e+002,
       response:9.3538891524076462e-003, octave:0 }
   - { x:246., y:609., size:31., angle:6.5675308227539063e+001,
       response:1.3308812864124775e-002, octave:0 }
   - { x:363., y:594., size:31., angle:2.2643548583984375e+002,
       response:1.0649302974343300e-002, octave:0 }
   - { x:443., y:557., size:31., angle:3.3072933959960937e+002,
       response:1.3859151862561703e-002, octave:0 }
   - { x:336., y:594., size:31., angle:3.1335247802734375e+002,
       response:1.7304994165897369e-002, octave:0 }
   - { x:313., y:609., size:31., angle:1.4328677368164062e+002,
       response:7.4334912933409214e-003, octave:0 }
   - { x:290., y:555., size:31., angle:2.4711029052734375e+002,
       response:7.3823505081236362e-003, octave:0 }
   - { x:341., y:609., size:31., angle:2.6704624176025391e+001,
       response:2.1159561350941658e-002, octave:0 }
   - { x:172., y:606., size:31., angle:1.8136447143554687e+002,
       response:1.8611691892147064e-002, octave:0 }
   - { x:237., y:605., size:31., angle:1.7246058654785156e+002,
       response:1.6476636752486229e-002, octave:0 }
   - { x:272., y:555., size:31., angle:2.6242907714843750e+002,
       response:1.1133414693176746e-002, octave:0 }
   - { x:321., y:382., size:31., angle:6.4401519775390625e+001,
       response:1.1160409078001976e-002, octave:0 }
   - { x:330., y:604., size:31., angle:2.1192426681518555e+001,
       response:2.3967938497662544e-002, octave:0 }
   - { x:466., y:468., size:31., angle:5.3816669464111328e+001,
       response:1.2876763008534908e-002, octave:0 }
   - { x:260., y:603., size:31., angle:3.4365557861328125e+002,
       response:7.4833598919212818e-003, octave:0 }
   - { x:311., y:557., size:31., angle:2.3660563659667969e+002,
       response:1.2227836064994335e-002, octave:0 }
   - { x:358., y:277., size:31., angle:4.3083126068115234e+001,
       response:1.0739023797214031e-002, octave:0 }
   - { x:375., y:595., size:31., angle:3.2991055297851562e+002,
       response:1.5219551511108875e-002, octave:0 }
   - { x:275., y:604., size:31., angle:1.8803511047363281e+002,
       response:1.5298982150852680e-002, octave:0 }
   - { x:214., y:407., size:31., angle:2.8243533325195312e+002,
       response:1.2883160263299942e-002, octave:0 }
   - { x:409., y:579., size:31., angle:1.0293363952636719e+002,
       response:8.4553007036447525e-003, octave:0 }
   - { x:234., y:615., size:31., angle:1.2978453063964844e+002,
       response:1.3331008143723011e-002, octave:0 }
   - { x:367., y:579., size:31., angle:5.8751770019531250e+001,
       response:1.1332263238728046e-002, octave:0 }
   - { x:252., y:614., size:31., angle:5.2773693084716797e+001,
       response:1.4950784854590893e-002, octave:0 }
   - { x:372., y:613., size:31., angle:6.2282875061035156e+001,
       response:1.5846757218241692e-002, octave:0 }
   - { x:355., y:613., size:31., angle:1.4045056152343750e+002,
       response:1.7273938283324242e-002, octave:0 }
   - { x:302., y:579., size:31., angle:6.6302032470703125e+001,
       response:1.0990733280777931e-002, octave:0 }
   - { x:313., y:599., size:31., angle:1.9183489990234375e+002,
       response:1.6169141978025436e-002, octave:0 }
   - { x:316., y:601., size:31., angle:1.8848765563964844e+002,
       response:1.1807511560618877e-002, octave:0 }
   - { x:340., y:601., size:31., angle:3.4717025756835937e+002,
       response:1.3905076310038567e-002, octave:0 }
   - { x:373., y:601., size:31., angle:3.4653900146484375e+002,
       response:1.2924296781420708e-002, octave:0 }
   - { x:221., y:579., size:31., angle:1.1438183593750000e+002,
       response:1.0390520095825195e-002, octave:0 }
   - { x:358., y:598., size:31., angle:1.9396325683593750e+002,
       response:1.4877308160066605e-002, octave:0 }
   - { x:270., y:613., size:31., angle:1.4234799194335938e+002,
       response:1.0382262058556080e-002, octave:0 }
   - { x:363., y:600., size:31., angle:1.8902911376953125e+002,
       response:1.0186016559600830e-002, octave:0 }
   - { x:300., y:612., size:31., angle:4.0263900756835938e+001,
       response:1.2382887303829193e-002, octave:0 }
   - { x:246., y:602., size:31., angle:3.3295907592773437e+002,
       response:1.4414894394576550e-002, octave:0 }
   - { x:323., y:432., size:31., angle:2.6114303588867187e+002,
       response:1.2560981325805187e-002, octave:0 }
   - { x:296., y:599., size:31., angle:3.2707226562500000e+002,
       response:1.2407247908413410e-002, octave:0 }
   - { x:249., y:603., size:31., angle:3.5800549316406250e+002,
       response:2.2773668169975281e-002, octave:0 }
   - { x:243., y:599., size:31., angle:2.6437896728515625e+002,
       response:3.0233435332775116e-002, octave:0 }
   - { x:371., y:598., size:31., angle:3.3110330200195312e+002,
       response:1.3075605966150761e-002, octave:0 }
   - { x:240., y:610., size:31., angle:1.0938624572753906e+002,
       response:8.8227810338139534e-003, octave:0 }
   - { x:340., y:611., size:31., angle:3.8584533691406250e+001,
       response:1.6230702400207520e-002, octave:0 }
   - { x:302., y:610., size:31., angle:3.3741607666015625e+001,
       response:1.2557404115796089e-002, octave:0 }
   - { x:390., y:578., size:31., angle:8.5946517944335938e+001,
       response:1.0152503848075867e-002, octave:0 }
   - { x:235., y:611., size:31., angle:1.4213793945312500e+002,
       response:1.3572719879448414e-002, octave:0 }
   - { x:400., y:350., size:31., angle:4.1319408416748047e+001,
       response:1.4025962911546230e-002, octave:0 }
   - { x:244., y:587., size:31., angle:3.3380853271484375e+002,
       response:1.3894455507397652e-002, octave:0 }
   - { x:321., y:587., size:31., angle:2.5443327331542969e+002,
       response:1.6250239685177803e-002, octave:0 }
   - { x:367., y:608., size:31., angle:9.7397659301757813e+001,
       response:2.0333932712674141e-002, octave:0 }
   - { x:323., y:608., size:31., angle:1.1716546630859375e+002,
       response:1.4020248316228390e-002, octave:0 }
   - { x:318., y:608., size:31., angle:1.4180757141113281e+002,
       response:1.7423715442419052e-002, octave:0 }
   - { x:369., y:588., size:31., angle:2.9145483398437500e+002,
       response:1.1994804255664349e-002, octave:0 }
   - { x:290., y:590., size:31., angle:2.9309732055664062e+002,
       response:1.3226102106273174e-002, octave:0 }
   - { x:161., y:464., size:31., angle:4.4598918914794922e+001,
