%YAML:1.0
KeyPoints:
   - { x:333., y:165., size:31., angle:2.6155987548828125e+002,
       response:1.2136822624597698e-004, octave:0 }
   - { x:344., y:165., size:31., angle:2.7900900268554687e+002,
       response:1.5128841914702207e-004, octave:0 }
   - { x:287., y:222., size:31., angle:1.9954434204101562e+002,
       response:1.7203676179633476e-005, octave:0 }
   - { x:389., y:222., size:31., angle:3.3988781738281250e+002,
       response:1.1191717931069434e-005, octave:0 }
   - { x:243., y:262., size:31., angle:2.7867227172851562e+002,
       response:1.0891108104260638e-004, octave:0 }
   - { x:234., y:263., size:31., angle:2.5682037353515625e+002,
       response:1.3968331040814519e-004, octave:0 }
   - { x:272., y:297., size:31., angle:3.3204766845703125e+002,
       response:1.9063725630985573e-005, octave:0 }
   - { x:205., y:300., size:31., angle:2.0050382995605469e+002,
       response:2.2492326024803333e-005, octave:0 }
   - { x:115., y:335., size:31., angle:2.5886505126953125e+002,
       response:7.2109428401745390e-006, octave:0 }
   - { x:476., y:335., size:31., angle:2.8316049194335937e+002,
       response:6.9991751843190286e-006, octave:0 }
   - { x:116., y:339., size:31., angle:2.5980575561523437e+002,
       response:5.5292834986175876e-006, octave:0 }
   - { x:398., y:395., size:31., angle:3.0065710449218750e+002,
       response:8.9294240751769394e-005, octave:0 }
   - { x:199., y:397., size:31., angle:2.3814056396484375e+002,
       response:8.0372345109935850e-005, octave:0 }
   - { x:476., y:407., size:31., angle:3.5497113037109375e+002,
       response:1.3097644841764122e-004, octave:0 }
   - { x:115., y:408., size:31., angle:1.8705210876464844e+002,
       response:1.7759371257852763e-004, octave:0 }
   - { x:235., y:408., size:31., angle:2.9664868164062500e+002,
       response:7.1800677687861025e-005, octave:0 }
   - { x:236., y:410., size:31., angle:2.8614877319335938e+002,
       response:5.7414195907767862e-005, octave:0 }
   - { x:241., y:411., size:31., angle:2.4998092651367188e+002,
       response:9.5584728114772588e-005, octave:0 }
   - { x:475., y:411., size:31., angle:3.4494961547851562e+002,
       response:8.8260698248632252e-005, octave:0 }
   - { x:116., y:412., size:31., angle:1.9837109375000000e+002,
       response:1.3736712389800232e-005, octave:0 }
   - { x:342., y:414., size:31., angle:2.4142745971679687e+002,
       response:9.1833731858059764e-005, octave:0 }
   - { x:474., y:414., size:31., angle:3.3468484497070312e+002,
       response:-2.5934280711226165e-004, octave:0 }
   - { x:117., y:417., size:31., angle:2.1602395629882812e+002,
       response:-4.7481857473030686e-004, octave:0 }
   - { x:278., y:425., size:31., angle:2.7251364135742187e+002,
       response:4.8441506805829704e-005, octave:0 }
   - { x:448., y:448., size:31., angle:2.3591664123535156e+002,
       response:-8.0674153286963701e-004, octave:0 }
   - { x:233., y:461., size:31., angle:1.1106529998779297e+002,
       response:7.7440936365746893e-006, octave:0 }
   - { x:117., y:466., size:31., angle:1.6981121826171875e+002,
       response:-6.6137919202446938e-004, octave:0 }
   - { x:118., y:474., size:31., angle:1.5925936889648437e+002,
       response:-6.3176511321216822e-004, octave:0 }
   - { x:473., y:474., size:31., angle:2.0479576110839844e+001,
       response:-5.9488136321306229e-004, octave:0 }
   - { x:235., y:484., size:31., angle:2.8939062500000000e+002,
       response:-6.7324505653232336e-004, octave:0 }
   - { x:242., y:485., size:31., angle:2.8921075439453125e+002,
       response:-6.8884011125192046e-004, octave:0 }
   - { x:295., y:497., size:31., angle:2.7467431640625000e+002,
       response:2.0817152108065784e-004, octave:0 }
   - { x:277., y:500., size:31., angle:2.9907711791992187e+002,
       response:-7.9190422547981143e-004, octave:0 }
   - { x:295., y:510., size:31., angle:2.7119564819335937e+002,
       response:5.4451259784400463e-003, octave:0 }
   - { x:224., y:528., size:31., angle:1.1082190704345703e+002,
       response:-7.5083127012476325e-004, octave:0 }
   - { x:302., y:564., size:31., angle:6.1524787902832031e+001,
       response:-1.1441953247413039e-003, octave:0 }
   - { x:295., y:569., size:31., angle:9.1383842468261719e+001,
       response:8.9859552681446075e-003, octave:0 }
   - { x:3.3240002441406250e+002, y:1.6560000610351562e+002,
       size:3.7200000762939453e+001, angle:2.5828152465820312e+002,
       response:1.1344247468514368e-004, octave:1 }
   - { x:3.4440002441406250e+002, y:1.6560000610351562e+002,
       size:3.7200000762939453e+001, angle:2.8220272827148437e+002,
       response:1.4064153947401792e-004, octave:1 }
   - { x:2.8680001831054687e+002, y:2.2200001525878906e+002,
       size:3.7200000762939453e+001, angle:1.9968206787109375e+002,
       response:1.3453007341013290e-005, octave:1 }
   - { x:3.8880001831054687e+002, y:2.2200001525878906e+002,
       size:3.7200000762939453e+001, angle:3.3960568237304687e+002,
       response:1.1290454494883306e-005, octave:1 }
   - { x:2.4360000610351562e+002, y:2.6280001831054688e+002,
       size:3.7200000762939453e+001, angle:2.8107415771484375e+002,
       response:1.1456295760581270e-004, octave:1 }
   - { x:2.3280000305175781e+002, y:264., size:3.7200000762939453e+001,
       angle:2.5417265319824219e+002, response:1.6285403398796916e-004,
       octave:1 }
   - { x:2.7120001220703125e+002, y:2.9640002441406250e+002,
       size:3.7200000762939453e+001, angle:3.2391540527343750e+002,
       response:1.7971149645745754e-005, octave:1 }
   - { x:1.1520000457763672e+002, y:336., size:3.7200000762939453e+001,
       angle:2.5903002929687500e+002, response:6.7566020334197674e-006,
       octave:1 }
   - { x:4.7520001220703125e+002, y:336., size:3.7200000762939453e+001,
       angle:2.8027264404296875e+002, response:8.3165068645030260e-006,
       octave:1 }
   - { x:1.1640000152587891e+002, y:3.4080001831054687e+002,
       size:3.7200000762939453e+001, angle:2.5966021728515625e+002,
       response:6.8293079493741971e-006, octave:1 }
   - { x:4.7400003051757812e+002, y:342., size:3.7200000762939453e+001,
       angle:2.8093231201171875e+002, response:3.9165342968772165e-006,
       octave:1 }
   - { x:3.9720001220703125e+002, y:3.9360000610351562e+002,
       size:3.7200000762939453e+001, angle:3.0673764038085937e+002,
       response:9.3181457486934960e-005, octave:1 }
   - { x:1.9800001525878906e+002, y:3.9600003051757813e+002,
       size:3.7200000762939453e+001, angle:2.3833242797851562e+002,
       response:1.1582762817852199e-004, octave:1 }
   - { x:1.1520000457763672e+002, y:4.0800003051757812e+002,
       size:3.7200000762939453e+001, angle:1.8551605224609375e+002,
       response:1.4941963308956474e-004, octave:1 }
   - { x:4.7520001220703125e+002, y:4.0800003051757812e+002,
       size:3.7200000762939453e+001, angle:3.5416693115234375e+002,
       response:1.7745212244335562e-004, octave:1 }
   - { x:2.3640000915527344e+002, y:4.0920001220703125e+002,
       size:3.7200000762939453e+001, angle:2.8108105468750000e+002,
       response:7.9213299613911659e-005, octave:1 }
   - { x:2.4000001525878906e+002, y:4.1040002441406250e+002,
       size:3.7200000762939453e+001, angle:2.5823071289062500e+002,
       response:1.0711936192819849e-004, octave:1 }
   - { x:1.1640000152587891e+002, y:4.1400003051757812e+002,
       size:3.7200000762939453e+001, angle:1.9945106506347656e+002,
       response:-8.6489026216440834e-006, octave:1 }
   - { x:342., y:4.1400003051757812e+002, size:3.7200000762939453e+001,
       angle:2.4553085327148437e+002, response:7.9075754911173135e-005,
       octave:1 }
   - { x:4.7400003051757812e+002, y:4.1400003051757812e+002,
       size:3.7200000762939453e+001, angle:3.3979919433593750e+002,
       response:3.9213282434502617e-005, octave:1 }
   - { x:336., y:4.1520001220703125e+002, size:3.7200000762939453e+001,
       angle:2.8396206665039062e+002, response:1.0683596337912604e-004,
