%YAML:1.0
KeyPoints:
   - { x:467., y:683., size:31., angle:4.4195922851562500e+001,
       response:2.5211609899997711e-002, octave:0 }
   - { x:556., y:680., size:31., angle:3.4853909301757812e+002,
       response:2.0449247211217880e-002, octave:0 }
   - { x:416., y:681., size:31., angle:1.2924194335937500e+002,
       response:1.2659440748393536e-002, octave:0 }
   - { x:401., y:675., size:31., angle:2.5083624267578125e+002,
       response:1.3521652668714523e-002, octave:0 }
   - { x:404., y:681., size:31., angle:1.3669871520996094e+002,
       response:1.1994779109954834e-002, octave:0 }
   - { x:487., y:685., size:31., angle:1.1055020141601562e+002,
       response:9.3008903786540031e-003, octave:0 }
   - { x:395., y:680., size:31., angle:1.8632023620605469e+002,
       response:1.7468377947807312e-002, octave:0 }
   - { x:478., y:685., size:31., angle:9.2051101684570313e+001,
       response:9.6098212525248528e-003, octave:0 }
   - { x:487., y:678., size:31., angle:2.3779641723632812e+002,
       response:1.2089470401406288e-002, octave:0 }
   - { x:470., y:685., size:31., angle:7.3362159729003906e+001,
       response:2.1026765927672386e-002, octave:0 }
   - { x:454., y:685., size:31., angle:9.3076232910156250e+001,
       response:1.5060914680361748e-002, octave:0 }
   - { x:545., y:680., size:31., angle:2.1480133056640625e+002,
       response:2.2854506969451904e-002, octave:0 }
   - { x:536., y:680., size:31., angle:2.5810934448242187e+002,
       response:1.9143510609865189e-002, octave:0 }
   - { x:533., y:680., size:31., angle:2.6693194580078125e+002,
       response:1.1131418868899345e-002, octave:0 }
   - { x:448., y:685., size:31., angle:1.0202912902832031e+002,
       response:1.2822292745113373e-002, octave:0 }
   - { x:522., y:683., size:31., angle:5.6919738769531250e+001,
       response:1.9768778234720230e-002, octave:0 }
   - { x:458., y:674., size:31., angle:2.6742022705078125e+002,
       response:1.1617799289524555e-002, octave:0 }
   - { x:505., y:683., size:31., angle:1.1026040649414062e+002,
       response:1.5843862667679787e-002, octave:0 }
   - { x:444., y:681., size:31., angle:1.5710427856445312e+002,
       response:3.8749855011701584e-002, octave:0 }
   - { x:448., y:680., size:31., angle:2.1083380126953125e+002,
       response:2.2917302325367928e-002, octave:0 }
   - { x:407., y:685., size:31., angle:8.0243629455566406e+001,
       response:9.9464468657970428e-003, octave:0 }
   - { x:542., y:681., size:31., angle:1.7994641113281250e+002,
       response:2.1440135315060616e-002, octave:0 }
   - { x:427., y:680., size:31., angle:2.5101573944091797e+001,
       response:3.5220351070165634e-002, octave:0 }
   - { x:452., y:682., size:31., angle:1.2686816406250000e+002,
       response:2.0785475149750710e-002, octave:0 }
   - { x:536., y:683., size:31., angle:9.7328735351562500e+001,
       response:2.0286727696657181e-002, octave:0 }
   - { x:533., y:683., size:31., angle:9.0907119750976563e+001,
       response:1.9181581214070320e-002, octave:0 }
   - { x:519., y:683., size:31., angle:6.2066303253173828e+001,
       response:2.6690391823649406e-002, octave:0 }
   - { x:405., y:677., size:31., angle:2.7173007202148437e+002,
       response:1.8824918195605278e-002, octave:0 }
   - { x:561., y:679., size:31., angle:3.4547317504882812e+002,
       response:9.8452996462583542e-003, octave:0 }
   - { x:526., y:679., size:31., angle:3.1733044433593750e+002,
       response:1.2057740241289139e-002, octave:0 }
   - { x:458., y:683., size:31., angle:8.0758972167968750e+001,
       response:2.4251244962215424e-002, octave:0 }
   - { x:471., y:679., size:31., angle:3.1263940429687500e+002,
       response:1.5092629007995129e-002, octave:0 }
   - { x:447., y:683., size:31., angle:1.2033665466308594e+002,
       response:2.6878157630562782e-002, octave:0 }
   - { x:425., y:683., size:31., angle:9.8135307312011719e+001,
       response:3.1045418232679367e-002, octave:0 }
   - { x:394., y:683., size:31., angle:1.5602862548828125e+002,
       response:1.8760748207569122e-002, octave:0 }
   - { x:392., y:679., size:31., angle:1.8585545349121094e+002,
       response:1.8084598705172539e-002, octave:0 }
   - { x:481., y:681., size:31., angle:1.8248411560058594e+002,
       response:1.0999805293977261e-002, octave:0 }
   - { x:552., y:678., size:31., angle:3.0500665283203125e+002,
       response:1.9881587475538254e-002, octave:0 }
   - { x:496., y:684., size:31., angle:9.3344581604003906e+001,
       response:1.3443952426314354e-002, octave:0 }
   - { x:511., y:676., size:31., angle:2.6103344726562500e+002,
       response:1.6048263758420944e-002, octave:0 }
   - { x:434., y:677., size:31., angle:1.4013417053222656e+002,
       response:1.2002680450677872e-002, octave:0 }
   - { x:536., y:686., size:31., angle:9.4027671813964844e+001,
       response:1.1001109145581722e-002, octave:0 }
   - { x:478., y:678., size:31., angle:2.7427947998046875e+002,
       response:1.3150244951248169e-002, octave:0 }
   - { x:409., y:678., size:31., angle:2.6199880981445312e+002,
       response:1.5817495062947273e-002, octave:0 }
   - { x:521., y:686., size:31., angle:7.5510749816894531e+001,
       response:1.4434991404414177e-002, octave:0 }
   - { x:439., y:678., size:31., angle:7.7323694229125977e+000,
       response:1.3237355276942253e-002, octave:0 }
   - { x:509., y:686., size:31., angle:9.5408454895019531e+001,
       response:1.2663640081882477e-002, octave:0 }
   - { x:466., y:686., size:31., angle:7.3016204833984375e+001,
       response:1.3327406719326973e-002, octave:0 }
   - { x:396., y:678., size:31., angle:2.0721566772460938e+002,
       response:1.8576137721538544e-002, octave:0 }
   - { x:522., y:680., size:31., angle:3.3109332275390625e+002,
       response:1.4642882160842419e-002, octave:0 }
   - { x:446., y:686., size:31., angle:9.3232254028320312e+001,
       response:1.0985851287841797e-002, octave:0 }
   - { x:425., y:686., size:31., angle:8.9556167602539063e+001,
       response:1.0592944920063019e-002, octave:0 }
   - { x:546., y:677., size:31., angle:2.6412115478515625e+002,
       response:1.2873848900198936e-002, octave:0 }
   - { x:536., y:677., size:31., angle:2.6714224243164062e+002,
       response:1.0741556994616985e-002, octave:0 }
   - { x:396., y:686., size:31., angle:1.2749171447753906e+002,
       response:1.3459539040923119e-002, octave:0 }
   - { x:461., y:678., size:31., angle:2.9086737060546875e+002,
       response:1.1174007318913937e-002, octave:0 }
   - { x:524., y:677., size:31., angle:2.9198986816406250e+002,
       response:1.1854280717670918e-002, octave:0 }
   - { x:493., y:680., size:31., angle:3.0674310302734375e+002,
       response:9.8137995228171349e-003, octave:0 }
   - { x:508., y:677., size:31., angle:2.5509997558593750e+002,
       response:1.4351075515151024e-002, octave:0 }
   - { x:482., y:677., size:31., angle:2.6059689331054687e+002,
       response:1.7592065036296844e-002, octave:0 }
   - { x:469., y:677., size:31., angle:2.9284500122070312e+002,
       response:1.3231390155851841e-002, octave:0 }
   - { x:466., y:677., size:31., angle:2.8554107666015625e+002,
       response:1.0357577353715897e-002, octave:0 }
   - { x:454., y:677., size:31., angle:2.6867468261718750e+002,
       response:1.5036123804748058e-002, octave:0 }
   - { x:499., y:679., size:31., angle:2.7239184570312500e+002,
       response:1.3607347384095192e-002, octave:0 }
   - { x:554., y:677., size:31., angle:3.0862573242187500e+002,
       response:1.3027786277234554e-002, octave:0 }
   - { x:546., y:685., size:31., angle:1.0042550659179687e+002,
       response:1.9648408517241478e-002, octave:0 }
   - { x:414., y:677., size:31., angle:2.2506933593750000e+002,
       response:1.9211091101169586e-002, octave:0 }
   - { x:548., y:681., size:31., angle:7.3500757217407227e+000,
       response:1.9667603075504303e-002, octave:0 }
   - { x:538., y:685., size:31., angle:1.0431648254394531e+002,
