%YAML:1.0
KeyPoints:
   - { x:332., y:471., size:31., angle:3.0592776489257812e+002,
       response:1.9744269549846649e-002, octave:0 }
   - { x:388., y:466., size:31., angle:3.3928253173828125e+002,
       response:1.1944204568862915e-002, octave:0 }
   - { x:315., y:513., size:31., angle:8.9579826354980469e+001,
       response:1.6323832795023918e-002, octave:0 }
   - { x:238., y:508., size:31., angle:8.1685844421386719e+001,
       response:1.6138000413775444e-002, octave:0 }
   - { x:324., y:506., size:31., angle:2.9829281616210937e+002,
       response:1.7875900492072105e-002, octave:0 }
   - { x:346., y:499., size:31., angle:1.9294354248046875e+002,
       response:1.7032701522111893e-002, octave:0 }
   - { x:340., y:499., size:31., angle:2.8036358642578125e+002,
       response:2.0562119781970978e-002, octave:0 }
   - { x:304., y:499., size:31., angle:3.0975811767578125e+002,
       response:2.7579646557569504e-002, octave:0 }
   - { x:364., y:428., size:31., angle:2.7440423583984375e+002,
       response:1.8498556688427925e-002, octave:0 }
   - { x:266., y:470., size:31., angle:3.0714599609375000e+002,
       response:1.2474888935685158e-002, octave:0 }
   - { x:366., y:467., size:31., angle:2.0814457702636719e+002,
       response:1.4827664010226727e-002, octave:0 }
   - { x:371., y:463., size:31., angle:2.8388003540039062e+002,
       response:1.2145769782364368e-002, octave:0 }
   - { x:238., y:428., size:31., angle:2.2871736145019531e+002,
       response:1.4847163110971451e-002, octave:0 }
   - { x:238., y:499., size:31., angle:2.7451013183593750e+002,
       response:2.0453514531254768e-002, octave:0 }
   - { x:212., y:499., size:31., angle:2.3546740722656250e+002,
       response:1.9138893112540245e-002, octave:0 }
   - { x:238., y:503., size:31., angle:2.7897579956054687e+002,
       response:1.5073431655764580e-002, octave:0 }
   - { x:368., y:459., size:31., angle:2.6188012695312500e+002,
       response:1.4129627496004105e-002, octave:0 }
   - { x:361., y:429., size:31., angle:2.8708959960937500e+002,
       response:1.2889361009001732e-002, octave:0 }
   - { x:364., y:459., size:31., angle:2.4148780822753906e+002,
       response:1.6394138336181641e-002, octave:0 }
   - { x:373., y:467., size:31., angle:2.4107403564453125e+002,
       response:1.4763135462999344e-002, octave:0 }
   - { x:412., y:497., size:31., angle:3.0454287719726562e+002,
       response:1.2550287880003452e-002, octave:0 }
   - { x:245., y:471., size:31., angle:2.1869595336914062e+002,
       response:1.1791062541306019e-002, octave:0 }
   - { x:360., y:497., size:31., angle:2.3623516845703125e+002,
       response:1.5494500286877155e-002, octave:0 }
   - { x:250., y:471., size:31., angle:1.7434034729003906e+002,
       response:1.2811007909476757e-002, octave:0 }
   - { x:306., y:444., size:31., angle:1.0306605529785156e+002,
       response:1.3746859505772591e-002, octave:0 }
   - { x:358., y:497., size:31., angle:2.2933024597167969e+002,
       response:1.4650231227278709e-002, octave:0 }
   - { x:256., y:427., size:31., angle:2.9375280761718750e+002,
       response:1.2144993990659714e-002, octave:0 }
   - { x:342., y:444., size:31., angle:9.2061470031738281e+001,
       response:1.5991035848855972e-002, octave:0 }
   - { x:261., y:471., size:31., angle:3.3321252441406250e+002,
       response:1.2156521901488304e-002, octave:0 }
   - { x:299., y:497., size:31., angle:2.6815643310546875e+002,
       response:1.8743637949228287e-002, octave:0 }
   - { x:341., y:481., size:31., angle:6.2768173217773438e+001,
       response:1.8235901370644569e-002, octave:0 }
   - { x:344., y:444., size:31., angle:7.8503059387207031e+001,
       response:1.3847663067281246e-002, octave:0 }
   - { x:376., y:462., size:31., angle:2.8218542480468750e+002,
       response:1.3364876620471478e-002, octave:0 }
   - { x:362., y:458., size:31., angle:2.3442364501953125e+002,
       response:2.0353805273771286e-002, octave:0 }
   - { x:304., y:444., size:31., angle:9.1089134216308594e+001,
       response:1.4508638530969620e-002, octave:0 }
   - { x:256., y:469., size:31., angle:2.8974536132812500e+002,
       response:1.2739899568259716e-002, octave:0 }
   - { x:255., y:441., size:31., angle:6.1784507751464844e+001,
       response:1.6444329172372818e-002, octave:0 }
   - { x:379., y:425., size:31., angle:2.8404568481445312e+002,
       response:1.3731158338487148e-002, octave:0 }
   - { x:234., y:497., size:31., angle:2.8835556030273437e+002,
       response:1.7683669924736023e-002, octave:0 }
   - { x:208., y:497., size:31., angle:2.2994985961914062e+002,
       response:1.7944740131497383e-002, octave:0 }
   - { x:290., y:444., size:31., angle:8.4881576538085938e+001,
       response:1.5788013115525246e-002, octave:0 }
   - { x:342., y:425., size:31., angle:2.7448480224609375e+002,
       response:1.5762010589241982e-002, octave:0 }
   - { x:266., y:475., size:31., angle:3.1693991088867188e+002,
       response:1.3787620700895786e-002, octave:0 }
   - { x:379., y:444., size:31., angle:5.8745666503906250e+001,
       response:1.6673106700181961e-002, octave:0 }
   - { x:292., y:457., size:31., angle:2.8912286376953125e+002,
       response:1.2407722882926464e-002, octave:0 }
   - { x:367., y:441., size:31., angle:1.0501052856445312e+002,
       response:1.2644850648939610e-002, octave:0 }
   - { x:330., y:472., size:31., angle:3.0712585449218750e+002,
       response:2.7477767318487167e-002, octave:0 }
   - { x:253., y:425., size:31., angle:2.8128652954101562e+002,
       response:1.6445683315396309e-002, octave:0 }
   - { x:327., y:482., size:31., angle:1.1405604553222656e+002,
       response:1.1914470233023167e-002, octave:0 }
   - { x:276., y:439., size:31., angle:1.1679394531250000e+002,
       response:1.3971773907542229e-002, octave:0 }
   - { x:327., y:479., size:31., angle:1.1959811401367187e+002,
       response:1.4993406832218170e-002, octave:0 }
   - { x:274., y:434., size:31., angle:2.7156451416015625e+002,
       response:2.6023700833320618e-002, octave:0 }
   - { x:322., y:484., size:31., angle:1.3077572631835937e+002,
       response:1.5938280150294304e-002, octave:0 }
   - { x:250., y:453., size:31., angle:3.4706237792968750e+002,
       response:1.2597722932696342e-002, octave:0 }
   - { x:347., y:438., size:31., angle:6.3196762084960937e+001,
       response:1.2570809572935104e-002, octave:0 }
   - { x:243., y:473., size:31., angle:1.7999281311035156e+002,
       response:1.3017472811043262e-002, octave:0 }
   - { x:385., y:484., size:31., angle:2.8934419631958008e+001,
       response:1.4551286585628986e-002, octave:0 }
   - { x:252., y:443., size:31., angle:7.5052795410156250e+001,
       response:2.0858552306890488e-002, octave:0 }
   - { x:362., y:454., size:31., angle:2.2963209533691406e+002,
       response:1.9373929128050804e-002, octave:0 }
   - { x:323., y:477., size:31., angle:1.5159053039550781e+002,
       response:1.5643572434782982e-002, octave:0 }
   - { x:352., y:436., size:31., angle:6.5374771118164062e+001,
       response:1.2374753132462502e-002, octave:0 }
   - { x:234., y:516., size:31., angle:7.7402351379394531e+001,
       response:1.1821334250271320e-002, octave:0 }
   - { x:383., y:427., size:31., angle:3.0676681518554687e+002,
       response:1.1598124168813229e-002, octave:0 }
   - { x:382., y:486., size:31., angle:5.1438068389892578e+001,
       response:1.1361443437635899e-002, octave:0 }
   - { x:376., y:454., size:31., angle:2.9582775878906250e+002,
       response:1.1149075813591480e-002, octave:0 }
   - { x:380., y:461., size:31., angle:3.0090142822265625e+002,
       response:1.1127789504826069e-002, octave:0 }
   - { x:356., y:467., size:31., angle:1.9779835510253906e+002,
       response:9.5297964289784431e-003, octave:0 }
   - { x:330., y:515., size:31., angle:8.4196739196777344e+001,
       response:1.1410085484385490e-002, octave:0 }
   - { x:366., y:475., size:31., angle:1.3241059875488281e+002,
