%YAML:1.0
KeyPoints:
   - { x:365., y:518., size:31., angle:2.7965017700195312e+002,
       response:5.7250624522566795e-003, octave:0 }
   - { x:170., y:444., size:31., angle:4.9713474273681641e+001,
       response:5.8259982615709305e-003, octave:0 }
   - { x:349., y:524., size:31., angle:2.7760208129882813e+002,
       response:6.0283634811639786e-003, octave:0 }
   - { x:175., y:456., size:31., angle:1.5423785400390625e+002,
       response:5.4160524159669876e-003, octave:0 }
   - { x:325., y:538., size:31., angle:8.2517715454101563e+001,
       response:5.7250089012086391e-003, octave:0 }
   - { x:439., y:524., size:31., angle:2.9517230224609375e+002,
       response:6.0610887594521046e-003, octave:0 }
   - { x:179., y:518., size:31., angle:2.5786245727539062e+002,
       response:6.3677942380309105e-003, octave:0 }
   - { x:429., y:530., size:31., angle:1.0116793823242187e+002,
       response:5.6478730402886868e-003, octave:0 }
   - { x:222., y:463., size:31., angle:3.3549246215820312e+002,
       response:7.4792383238673210e-003, octave:0 }
   - { x:415., y:493., size:31., angle:9.0483398437500000e+001,
       response:6.7045725882053375e-003, octave:0 }
   - { x:307., y:526., size:31., angle:3.2696130371093750e+002,
       response:8.7564717978239059e-003, octave:0 }
   - { x:180., y:432., size:31., angle:2.3620715332031250e+002,
       response:6.4959945157170296e-003, octave:0 }
   - { x:444., y:526., size:31., angle:2.6003720092773437e+002,
       response:7.8472113236784935e-003, octave:0 }
   - { x:171., y:537., size:31., angle:7.6621597290039063e+001,
       response:5.3654047660529613e-003, octave:0 }
   - { x:418., y:536., size:31., angle:9.4578186035156250e+001,
       response:6.1712111346423626e-003, octave:0 }
   - { x:136., y:493., size:31., angle:1.6932162475585937e+002,
       response:5.5306102149188519e-003, octave:0 }
   - { x:224., y:527., size:31., angle:1.7322765350341797e+001,
       response:7.4245007708668709e-003, octave:0 }
   - { x:246., y:536., size:31., angle:6.1895942687988281e+001,
       response:5.9073395095765591e-003, octave:0 }
   - { x:231., y:536., size:31., angle:6.9230590820312500e+001,
       response:5.5978912860155106e-003, octave:0 }
   - { x:231., y:518., size:31., angle:2.7773297119140625e+002,
       response:5.5637271143496037e-003, octave:0 }
   - { x:371., y:521., size:31., angle:2.8462268066406250e+002,
       response:6.4624599181115627e-003, octave:0 }
   - { x:354., y:527., size:31., angle:9.1176399230957031e+001,
       response:5.5964258499443531e-003, octave:0 }
   - { x:449., y:533., size:31., angle:1.0044898223876953e+002,
       response:5.8199348859488964e-003, octave:0 }
   - { x:453., y:522., size:31., angle:2.7951376342773437e+002,
       response:8.6884889751672745e-003, octave:0 }
   - { x:183., y:492., size:31., angle:9.7861122131347656e+001,
       response:5.9728370979428291e-003, octave:0 }
   - { x:162., y:515., size:31., angle:2.6938916015625000e+002,
       response:6.5192994661629200e-003, octave:0 }
   - { x:383., y:523., size:31., angle:2.4244219970703125e+002,
       response:6.1434675008058548e-003, octave:0 }
   - { x:223., y:465., size:31., angle:3.4666210937500000e+002,
       response:5.6090513244271278e-003, octave:0 }
   - { x:353., y:533., size:31., angle:8.5210029602050781e+001,
       response:5.4535465314984322e-003, octave:0 }
   - { x:442., y:533., size:31., angle:8.5717414855957031e+001,
       response:6.1746896244585514e-003, octave:0 }
   - { x:187., y:530., size:31., angle:1.2911569213867187e+002,
       response:5.5113262496888638e-003, octave:0 }
   - { x:210., y:530., size:31., angle:1.0518869781494141e+002,
       response:5.4900497198104858e-003, octave:0 }
   - { x:200., y:533., size:31., angle:9.1860496520996094e+001,
       response:5.4277530871331692e-003, octave:0 }
   - { x:176., y:417., size:31., angle:2.0143209838867187e+002,
       response:6.0690562240779400e-003, octave:0 }
   - { x:362., y:512., size:31., angle:2.7279238891601562e+002,
       response:6.2442240305244923e-003, octave:0 }
   - { x:197., y:524., size:31., angle:2.8536465454101562e+002,
       response:6.5541132353246212e-003, octave:0 }
   - { x:465., y:417., size:31., angle:3.5363116455078125e+002,
       response:6.7296531051397324e-003, octave:0 }
   - { x:217., y:438., size:31., angle:1.2152439880371094e+002,
       response:6.3028717413544655e-003, octave:0 }
   - { x:418., y:510., size:31., angle:2.6788952636718750e+002,
       response:6.0373935848474503e-003, octave:0 }
   - { x:395., y:510., size:31., angle:2.7036676025390625e+002,
       response:5.7913619093596935e-003, octave:0 }
   - { x:293., y:530., size:31., angle:1.1303588867187500e+002,
       response:5.6780092418193817e-003, octave:0 }
   - { x:339., y:530., size:31., angle:8.3319427490234375e+001,
       response:5.3947954438626766e-003, octave:0 }
   - { x:197., y:473., size:31., angle:1.7925149536132812e+002,
       response:6.3610048964619637e-003, octave:0 }
   - { x:223., y:533., size:31., angle:7.3535797119140625e+001,
       response:5.9207887388765812e-003, octave:0 }
   - { x:366., y:532., size:31., angle:9.1632766723632812e+001,
       response:7.0094638504087925e-003, octave:0 }
   - { x:449., y:521., size:31., angle:2.6746182250976562e+002,
       response:6.6869747824966908e-003, octave:0 }
   - { x:397., y:490., size:31., angle:6.6057159423828125e+001,
       response:5.5618402548134327e-003, octave:0 }
   - { x:306., y:533., size:31., angle:9.1020606994628906e+001,
       response:5.8332774788141251e-003, octave:0 }
   - { x:384., y:426., size:31., angle:1.6637606811523437e+002,
       response:5.6032170541584492e-003, octave:0 }
   - { x:262., y:510., size:31., angle:2.4486776733398437e+002,
       response:6.0417945496737957e-003, octave:0 }
   - { x:460., y:532., size:31., angle:5.0369361877441406e+001,
       response:7.7542243525385857e-003, octave:0 }
   - { x:220., y:524., size:31., angle:2.8544165039062500e+002,
       response:5.9166857972741127e-003, octave:0 }
   - { x:293., y:524., size:31., angle:2.6652212524414062e+002,
       response:5.3925528191030025e-003, octave:0 }
   - { x:303., y:524., size:31., angle:2.9685876464843750e+002,
       response:5.9370822273194790e-003, octave:0 }
   - { x:373., y:533., size:31., angle:1.0388433837890625e+002,
       response:7.0041567087173462e-003, octave:0 }
   - { x:258., y:430., size:31., angle:1.8604440307617187e+002,
       response:5.3627360612154007e-003, octave:0 }
   - { x:364., y:416., size:31., angle:2.0366371154785156e+002,
       response:5.2651930600404739e-003, octave:0 }
   - { x:448., y:452., size:31., angle:5.8775741577148438e+001,
       response:4.6798689290881157e-003, octave:0 }
   - { x:208., y:242., size:31., angle:2.4857823181152344e+002,
       response:5.2681080996990204e-003, octave:0 }
   - { x:145., y:443., size:31., angle:2.1368388366699219e+002,
       response:4.1591529734432697e-003, octave:0 }
   - { x:239., y:443., size:31., angle:3.3862750244140625e+002,
       response:4.9135056324303150e-003, octave:0 }
   - { x:382., y:447., size:31., angle:1.9836102294921875e+002,
       response:3.9989459328353405e-003, octave:0 }
   - { x:211., y:246., size:31., angle:2.3925212097167969e+002,
       response:3.8437254261225462e-003, octave:0 }
   - { x:387., y:537., size:31., angle:8.9573722839355469e+001,
       response:4.5364219695329666e-003, octave:0 }
   - { x:427., y:488., size:31., angle:1.8210600280761719e+002,
       response:3.8482458330690861e-003, octave:0 }
   - { x:365., y:537., size:31., angle:9.6798454284667969e+001,
       response:4.5659127645194530e-003, octave:0 }
   - { x:275., y:537., size:31., angle:9.5951637268066406e+001,
       response:5.0258841365575790e-003, octave:0 }
   - { x:175., y:522., size:31., angle:2.6638647460937500e+002,
       response:4.1861743666231632e-003, octave:0 }
   - { x:398., y:516., size:31., angle:2.8992214965820312e+002,
