%YAML:1.0
KeyPoints:
   - { x:411., y:553., size:31., angle:1.7692381286621094e+002,
       response:5.6402455084025860e-003, octave:0 }
   - { x:430., y:546., size:31., angle:3.5989749145507812e+002,
       response:5.1626926288008690e-003, octave:0 }
   - { x:252., y:546., size:31., angle:1.9818177795410156e+002,
       response:6.5227732993662357e-003, octave:0 }
   - { x:168., y:558., size:31., angle:3.2082632446289062e+002,
       response:5.1843635737895966e-003, octave:0 }
   - { x:151., y:555., size:31., angle:1.6093035888671875e+002,
       response:4.9979193136096001e-003, octave:0 }
   - { x:176., y:483., size:31., angle:3.3941848754882812e+002,
       response:4.7520734369754791e-003, octave:0 }
   - { x:323., y:552., size:31., angle:1.1593299865722656e+002,
       response:5.0847521051764488e-003, octave:0 }
   - { x:205., y:606., size:31., angle:2.5651608276367188e+002,
       response:7.5478088110685349e-003, octave:0 }
   - { x:387., y:525., size:31., angle:1.4304877281188965e+001,
       response:6.6282497718930244e-003, octave:0 }
   - { x:256., y:510., size:31., angle:8.5503204345703125e+001,
       response:5.0671398639678955e-003, octave:0 }
   - { x:461., y:509., size:31., angle:1.5879478454589844e+002,
       response:5.7163503952324390e-003, octave:0 }
   - { x:257., y:543., size:31., angle:1.9159436035156250e+002,
       response:5.7094609364867210e-003, octave:0 }
   - { x:229., y:526., size:31., angle:1.4816035461425781e+002,
       response:6.2969233840703964e-003, octave:0 }
   - { x:262., y:509., size:31., angle:1.6031195068359375e+002,
       response:6.2743132002651691e-003, octave:0 }
   - { x:427., y:526., size:31., angle:3.4912927150726318e+000,
       response:7.2174933739006519e-003, octave:0 }
   - { x:364., y:494., size:31., angle:2.2693376159667969e+002,
       response:5.4679336026310921e-003, octave:0 }
   - { x:470., y:526., size:31., angle:3.1595483779907227e+001,
       response:4.7997296787798405e-003, octave:0 }
   - { x:195., y:623., size:31., angle:1.9109423828125000e+002,
       response:5.6674350053071976e-003, octave:0 }
   - { x:342., y:539., size:31., angle:1.1859774780273437e+002,
       response:6.0085421428084373e-003, octave:0 }
   - { x:281., y:491., size:31., angle:3.3458224487304687e+002,
       response:5.8802720159292221e-003, octave:0 }
   - { x:257., y:492., size:31., angle:2.4492388916015625e+002,
       response:5.8192838914692402e-003, octave:0 }
   - { x:155., y:539., size:31., angle:1.9189248657226562e+002,
       response:5.4560680873692036e-003, octave:0 }
   - { x:244., y:538., size:31., angle:1.5058508872985840e+001,
       response:4.9205115064978600e-003, octave:0 }
   - { x:434., y:492., size:31., angle:3.3669531250000000e+002,
       response:7.5056198984384537e-003, octave:0 }
   - { x:404., y:620., size:31., angle:1.1064044952392578e+002,
       response:5.3857471793889999e-003, octave:0 }
   - { x:341., y:493., size:31., angle:2.5315077209472656e+002,
       response:7.0257219485938549e-003, octave:0 }
   - { x:240., y:606., size:31., angle:2.7721716308593750e+002,
       response:5.6365286000072956e-003, octave:0 }
   - { x:446., y:508., size:31., angle:5.6176906585693359e+001,
       response:6.4864777959883213e-003, octave:0 }
   - { x:441., y:533., size:31., angle:1.9437303161621094e+002,
       response:5.1777651533484459e-003, octave:0 }
   - { x:406., y:532., size:31., angle:1.5592835998535156e+002,
       response:5.8504985645413399e-003, octave:0 }
   - { x:240., y:538., size:31., angle:2.5574518203735352e+001,
       response:4.9280622042715549e-003, octave:0 }
   - { x:334., y:532., size:31., angle:2.9260153198242187e+002,
       response:5.8391969650983810e-003, octave:0 }
   - { x:262., y:501., size:31., angle:1.8369181823730469e+002,
       response:4.7581968829035759e-003, octave:0 }
   - { x:364., y:530., size:31., angle:1.6055845642089844e+002,
       response:5.6467829272150993e-003, octave:0 }
   - { x:418., y:631., size:31., angle:5.3788806915283203e+001,
       response:6.6824755631387234e-003, octave:0 }
   - { x:263., y:606., size:31., angle:2.5023724365234375e+002,
       response:7.3320115916430950e-003, octave:0 }
   - { x:359., y:631., size:31., angle:6.9749061584472656e+001,
       response:5.9558483771979809e-003, octave:0 }
   - { x:315., y:631., size:31., angle:9.4494171142578125e+001,
       response:7.1515180170536041e-003, octave:0 }
   - { x:163., y:497., size:31., angle:5.8047423362731934e+000,
       response:5.7123829610645771e-003, octave:0 }
   - { x:396., y:630., size:31., angle:1.0683314514160156e+002,
       response:5.3702550940215588e-003, octave:0 }
   - { x:282., y:524., size:31., angle:3.3871807861328125e+002,
       response:4.9123628996312618e-003, octave:0 }
   - { x:264., y:630., size:31., angle:7.9422073364257813e+001,
       response:5.8781537227332592e-003, octave:0 }
   - { x:242., y:524., size:31., angle:3.5135797119140625e+002,
       response:5.0689633935689926e-003, octave:0 }
   - { x:234., y:630., size:31., angle:5.8910690307617188e+001,
       response:5.2729793824255466e-003, octave:0 }
   - { x:205., y:630., size:31., angle:9.6473922729492188e+001,
       response:5.4192794486880302e-003, octave:0 }
   - { x:314., y:606., size:31., angle:2.5968533325195312e+002,
       response:9.3434238806366920e-003, octave:0 }
   - { x:332., y:606., size:31., angle:2.6288269042968750e+002,
       response:6.0518789105117321e-003, octave:0 }
   - { x:197., y:623., size:31., angle:1.7846315002441406e+002,
       response:5.5478662252426147e-003, octave:0 }
   - { x:179., y:529., size:31., angle:3.4466845703125000e+002,
       response:5.2592488937079906e-003, octave:0 }
   - { x:213., y:620., size:31., angle:2.5294826030731201e+000,
       response:6.1455257236957550e-003, octave:0 }
   - { x:400., y:616., size:31., angle:3.2755895996093750e+002,
       response:4.9761137925088406e-003, octave:0 }
   - { x:267., y:550., size:31., angle:2.2459759521484375e+002,
       response:5.6928996928036213e-003, octave:0 }
   - { x:359., y:606., size:31., angle:2.6029122924804687e+002,
       response:6.5469099208712578e-003, octave:0 }
   - { x:373., y:606., size:31., angle:2.9323672485351562e+002,
       response:7.5867143459618092e-003, octave:0 }
   - { x:307., y:550., size:31., angle:1.3841365051269531e+002,
       response:5.0563835538923740e-003, octave:0 }
   - { x:397., y:607., size:31., angle:2.5487136840820313e+002,
       response:6.3801393844187260e-003, octave:0 }
   - { x:236., y:473., size:31., angle:2.2622058105468750e+002,
       response:5.5583105422556400e-003, octave:0 }
   - { x:424., y:471., size:31., angle:2.4873776245117187e+002,
       response:7.0087788626551628e-003, octave:0 }
   - { x:411., y:606., size:31., angle:2.7481402587890625e+002,
       response:5.2242372184991837e-003, octave:0 }
   - { x:395., y:606., size:31., angle:2.4631483459472656e+002,
       response:6.3783330842852592e-003, octave:0 }
   - { x:177., y:504., size:31., angle:3.4153005981445312e+002,
       response:4.7866934910416603e-003, octave:0 }
   - { x:162., y:462., size:31., angle:2.7798718261718750e+002,
       response:5.2495361305773258e-003, octave:0 }
   - { x:376., y:606., size:31., angle:2.7832434082031250e+002,
       response:5.4026655852794647e-003, octave:0 }
   - { x:264., y:521., size:31., angle:1.6330294799804687e+002,
       response:5.2152499556541443e-003, octave:0 }
   - { x:449., y:520., size:31., angle:2.1173072814941406e+002,
       response:6.5780184231698513e-003, octave:0 }
   - { x:175., y:559., size:31., angle:3.2215124511718750e+002,
       response:5.7056741788983345e-003, octave:0 }
   - { x:274., y:512., size:31., angle:2.6450518798828125e+002,
       response:4.7857416793704033e-003, octave:0 }
   - { x:175., y:584., size:31., angle:9.8661376953125000e+001,
       response:6.8865423090755939e-003, octave:0 }
   - { x:140., y:513., size:31., angle:1.6575177001953125e+002,
