%YAML:1.0
KeyPoints:
   - { x:202., y:425., size:31., angle:9.6561492919921875e+001,
       response:6.1794236535206437e-004, octave:0 }
   - { x:137., y:613., size:31., angle:9.9478668212890625e+001,
       response:9.3129836022853851e-004, octave:0 }
   - { x:246., y:599., size:31., angle:1.3153884887695312e+002,
       response:7.7656784560531378e-004, octave:0 }
   - { x:453., y:567., size:31., angle:2.3815390014648437e+002,
       response:6.0094631044194102e-004, octave:0 }
   - { x:86., y:538., size:31., angle:2.6900796508789063e+002,
       response:1.3395536225289106e-003, octave:0 }
   - { x:309., y:595., size:31., angle:9.2873672485351562e+001,
       response:8.3832122618332505e-004, octave:0 }
   - { x:445., y:564., size:31., angle:2.5559426879882812e+002,
       response:5.5425433674827218e-004, octave:0 }
   - { x:324., y:448., size:31., angle:7.3695556640625000e+001,
       response:5.4394541075453162e-004, octave:0 }
   - { x:192., y:564., size:31., angle:2.8712579345703125e+002,
       response:1.3020613696426153e-003, octave:0 }
   - { x:290., y:278., size:31., angle:3.0643316650390625e+002,
       response:3.8978543598204851e-003, octave:0 }
   - { x:309., y:279., size:31., angle:2.3177426147460938e+002,
       response:3.6178843583911657e-003, octave:0 }
   - { x:288., y:603., size:31., angle:9.3308410644531250e+001,
       response:9.9253992084413767e-004, octave:0 }
   - { x:258., y:282., size:31., angle:2.0238247680664062e+002,
       response:5.5211586877703667e-003, octave:0 }
   - { x:337., y:285., size:31., angle:3.3472360229492187e+002,
       response:3.7905587814748287e-003, octave:0 }
   - { x:214., y:589., size:31., angle:2.3694763183593750e+002,
       response:7.3161977343261242e-004, octave:0 }
   - { x:292., y:293., size:31., angle:6.0916324615478516e+001,
       response:2.7594109997153282e-003, octave:0 }
   - { x:355., y:293., size:31., angle:2.5690728759765625e+002,
       response:3.0251117423176765e-003, octave:0 }
   - { x:303., y:294., size:31., angle:1.3544198608398437e+002,
       response:3.1198251526802778e-003, octave:0 }
   - { x:263., y:297., size:31., angle:1.1230374145507812e+002,
       response:2.7622149791568518e-003, octave:0 }
   - { x:113., y:587., size:31., angle:1.2378810119628906e+002,
       response:7.2652252856642008e-004, octave:0 }
   - { x:331., y:298., size:31., angle:1.5655703735351562e+002,
       response:1.8609147518873215e-003, octave:0 }
   - { x:337., y:301., size:31., angle:1.7141143798828125e+002,
       response:2.4321281816810369e-003, octave:0 }
   - { x:398., y:585., size:31., angle:2.7005419921875000e+002,
       response:7.0722156669944525e-004, octave:0 }
   - { x:293., y:308., size:31., angle:2.8051333618164062e+002,
       response:5.3582456894218922e-004, octave:0 }
   - { x:70., y:554., size:31., angle:1.6614608764648437e+002,
       response:1.1002772953361273e-003, octave:0 }
   - { x:361., y:553., size:31., angle:2.0854876708984375e+002,
       response:1.0611959733068943e-003, octave:0 }
   - { x:380., y:312., size:31., angle:3.8644893169403076e+000,
       response:4.9562877975404263e-003, octave:0 }
   - { x:316., y:428., size:31., angle:2.8855361938476562e+002,
       response:7.4519484769552946e-004, octave:0 }
   - { x:493., y:549., size:31., angle:2.6591259765625000e+002,
       response:5.2618281915783882e-004, octave:0 }
   - { x:218., y:607., size:31., angle:1.6229841613769531e+002,
       response:6.0496479272842407e-004, octave:0 }
   - { x:296., y:608., size:31., angle:7.6703666687011719e+001,
       response:5.7231483515352011e-004, octave:0 }
   - { x:136., y:527., size:31., angle:3.2565563964843750e+002,
       response:5.8290286688134074e-004, octave:0 }
   - { x:422., y:549., size:31., angle:3.1375662231445312e+002,
       response:7.5373577419668436e-004, octave:0 }
   - { x:421., y:547., size:31., angle:3.0134313964843750e+002,
       response:8.6357112741097808e-004, octave:0 }
   - { x:292., y:322., size:31., angle:7.1078033447265625e+001,
       response:1.7333899158984423e-003, octave:0 }
   - { x:190., y:612., size:31., angle:8.3667846679687500e+001,
       response:6.9957372033968568e-004, octave:0 }
   - { x:190., y:579., size:31., angle:3.2231896972656250e+002,
       response:7.0542434696108103e-004, octave:0 }
   - { x:129., y:533., size:31., angle:3.5564575195312500e+002,
       response:6.3929072348400950e-004, octave:0 }
   - { x:376., y:465., size:31., angle:1.0497743225097656e+002,
       response:5.3110357839614153e-004, octave:0 }
   - { x:318., y:501., size:31., angle:5.9938346862792969e+001,
       response:8.0716708907857537e-004, octave:0 }
   - { x:174., y:569., size:31., angle:3.3606216430664062e+002,
       response:7.3586590588092804e-004, octave:0 }
   - { x:163., y:577., size:31., angle:2.7323815917968750e+002,
       response:6.6638458520174026e-004, octave:0 }
   - { x:237., y:467., size:31., angle:2.3772262573242187e+002,
       response:2.6778855826705694e-003, octave:0 }
   - { x:124., y:534., size:31., angle:3.0278115844726562e+002,
       response:6.1883591115474701e-004, octave:0 }
   - { x:208., y:343., size:31., angle:1.3039081573486328e+001,
       response:5.6979048531502485e-004, octave:0 }
   - { x:205., y:344., size:31., angle:2.0894805908203125e+001,
       response:5.4667243966832757e-004, octave:0 }
   - { x:268., y:632., size:31., angle:3.5702542114257812e+002,
       response:5.3409341489896178e-004, octave:0 }
   - { x:224., y:347., size:31., angle:2.9686856079101562e+002,
       response:1.3566019479185343e-003, octave:0 }
   - { x:226., y:347., size:31., angle:2.9476147460937500e+002,
       response:1.5452683437615633e-003, octave:0 }
   - { x:116., y:530., size:31., angle:3.5258224487304687e+002,
       response:5.6007568491622806e-004, octave:0 }
   - { x:216., y:349., size:31., angle:2.5810610961914062e+002,
       response:3.4139170311391354e-003, octave:0 }
   - { x:218., y:349., size:31., angle:2.7461978149414062e+002,
       response:2.1398917306214571e-003, octave:0 }
   - { x:240., y:483., size:31., angle:1.3321617126464844e+002,
       response:7.4287474853917956e-004, octave:0 }
   - { x:325., y:489., size:31., angle:3.5251235961914062e+002,
       response:2.3778183385729790e-003, octave:0 }
   - { x:269., y:419., size:31., angle:2.8047250366210937e+002,
       response:6.3120754202827811e-004, octave:0 }
   - { x:187., y:577., size:31., angle:3.0653738403320312e+002,
       response:7.5198878766968846e-004, octave:0 }
   - { x:208., y:354., size:31., angle:3.0589189529418945e+001,
       response:1.9066249951720238e-003, octave:0 }
   - { x:320., y:500., size:31., angle:6.1736396789550781e+001,
       response:1.1252723634243011e-003, octave:0 }
   - { x:193., y:576., size:31., angle:3.1951867675781250e+002,
       response:7.0441141724586487e-004, octave:0 }
   - { x:397., y:621., size:31., angle:8.6064910888671875e+001,
       response:5.4360175272449851e-004, octave:0 }
   - { x:373., y:363., size:31., angle:2.4229585266113281e+002,
       response:6.4422818832099438e-004, octave:0 }
   - { x:338., y:619., size:31., angle:1.3952557373046875e+002,
       response:1.0357755236327648e-003, octave:0 }
   - { x:196., y:366., size:31., angle:3.5776385498046875e+002,
       response:6.6149223130196333e-004, octave:0 }
   - { x:375., y:366., size:31., angle:2.5065187072753906e+002,
       response:5.3672783542424440e-004, octave:0 }
   - { x:143., y:617., size:31., angle:7.6191368103027344e+001,
       response:9.0153014753013849e-004, octave:0 }
   - { x:244., y:540., size:31., angle:2.9676202392578125e+002,
       response:1.0478011099621654e-003, octave:0 }
   - { x:189., y:574., size:31., angle:3.0301486206054687e+002,
       response:6.8951479624956846e-004, octave:0 }
   - { x:163., y:574., size:31., angle:3.0205572509765625e+002,
       response:8.3833286771550775e-004, octave:0 }
   - { x:373., y:377., size:31., angle:2.6829495239257812e+002,
