%YAML:1.0
KeyPoints:
   - { x:264., y:332., size:31., angle:3.0732922363281250e+002,
       response:3.0839882674627006e-004, octave:0 }
   - { x:439., y:296., size:31., angle:2.3481243896484375e+002,
       response:3.6431581247597933e-004, octave:0 }
   - { x:496., y:346., size:31., angle:1.3380467414855957e+001,
       response:1.8654420273378491e-004, octave:0 }
   - { x:428., y:347., size:31., angle:3.4382104492187500e+002,
       response:2.9858972993679345e-004, octave:0 }
   - { x:444., y:404., size:31., angle:3.5721044921875000e+002,
       response:6.5721647115424275e-004, octave:0 }
   - { x:424., y:401., size:31., angle:2.0131161499023437e+002,
       response:3.5705053596757352e-004, octave:0 }
   - { x:476., y:348., size:31., angle:2.6132282257080078e+001,
       response:3.2328342786058784e-004, octave:0 }
   - { x:397., y:397., size:31., angle:3.5848062133789062e+002,
       response:4.6615992323495448e-004, octave:0 }
   - { x:283., y:397., size:31., angle:2.2972247314453125e+002,
       response:1.7312417912762612e-004, octave:0 }
   - { x:472., y:392., size:31., angle:1.7867295837402344e+002,
       response:2.1907959308009595e-004, octave:0 }
   - { x:472., y:389., size:31., angle:1.7416389465332031e+002,
       response:1.9496829190757126e-004, octave:0 }
   - { x:446., y:389., size:31., angle:1.5477541923522949e+001,
       response:3.3725844696164131e-004, octave:0 }
   - { x:446., y:385., size:31., angle:2.1528421401977539e+001,
       response:3.2441708026453853e-004, octave:0 }
   - { x:426., y:384., size:31., angle:1.7981927490234375e+002,
       response:3.0564024928025901e-004, octave:0 }
   - { x:444., y:302., size:31., angle:2.4022149658203125e+002,
       response:2.5674671633169055e-004, octave:0 }
   - { x:474., y:353., size:31., angle:3.4793518066406250e+002,
       response:3.3429404720664024e-004, octave:0 }
   - { x:474., y:309., size:31., angle:3.4816473388671875e+002,
       response:8.2093436503782868e-004, octave:0 }
   - { x:463., y:310., size:31., angle:3.3587396240234375e+002,
       response:4.5454670907929540e-004, octave:0 }
   - { x:441., y:315., size:31., angle:2.0635864257812500e+002,
       response:4.8260600306093693e-004, octave:0 }
   - { x:444., y:315., size:31., angle:2.0141534423828125e+002,
       response:1.4343156362883747e-004, octave:0 }
   - { x:240., y:354., size:31., angle:4.3907985687255859e+001,
       response:2.8518142062239349e-004, octave:0 }
   - { x:439., y:316., size:31., angle:2.0267297363281250e+002,
       response:4.4870915007777512e-004, octave:0 }
   - { x:469., y:409., size:31., angle:2.0441384887695312e+002,
       response:1.5263375826179981e-004, octave:0 }
   - { x:444., y:318., size:31., angle:1.1044488525390625e+002,
       response:2.2473177523352206e-004, octave:0 }
   - { x:441., y:319., size:31., angle:1.2952668762207031e+002,
       response:3.8442751974798739e-004, octave:0 }
   - { x:427., y:382., size:31., angle:1.6955529785156250e+002,
       response:1.4600835856981575e-004, octave:0 }
   - { x:399., y:382., size:31., angle:1.3809869766235352e+001,
       response:4.4612743658944964e-004, octave:0 }
   - { x:455., y:320., size:31., angle:4.9133129119873047e+001,
       response:3.9829820161685348e-004, octave:0 }
   - { x:388., y:358., size:31., angle:3.4518943786621094e+001,
       response:2.5469576939940453e-004, octave:0 }
   - { x:453., y:322., size:31., angle:1.2019338989257812e+002,
       response:4.3886998901143670e-004, octave:0 }
   - { x:458., y:322., size:31., angle:1.2703237533569336e+001,
       response:2.4129135999828577e-004, octave:0 }
   - { x:390., y:358., size:31., angle:3.5260040283203125e+001,
       response:3.2375645241700113e-004, octave:0 }
   - { x:425., y:323., size:31., angle:2.5200489807128906e+002,
       response:2.0872095774393529e-004, octave:0 }
   - { x:457., y:325., size:31., angle:6.7803436279296875e+001,
       response:2.0898136426694691e-004, octave:0 }
   - { x:433., y:326., size:31., angle:3.1673135375976562e+002,
       response:4.0611572330817580e-004, octave:0 }
   - { x:502., y:360., size:31., angle:3.3310156250000000e+002,
       response:1.6986332775559276e-004, octave:0 }
   - { x:400., y:379., size:31., angle:2.0730669021606445e+001,
       response:3.1971468706615269e-004, octave:0 }
   - { x:295., y:377., size:31., angle:1.6361608886718750e+002,
       response:1.4855846529826522e-004, octave:0 }
   - { x:235., y:376., size:31., angle:4.8478431701660156e+000,
       response:1.5026371693238616e-004, octave:0 }
   - { x:503., y:362., size:31., angle:3.4556616210937500e+002,
       response:2.0711401884909719e-004, octave:0 }
   - { x:468., y:329., size:31., angle:3.0348709106445312e+002,
       response:2.7058349223807454e-004, octave:0 }
   - { x:502., y:369., size:31., angle:3.5165218353271484e+001,
       response:1.6619480447843671e-004, octave:0 }
   - { x:326., y:330., size:31., angle:3.2582858276367187e+002,
       response:4.2946013854816556e-004, octave:0 }
   - { x:245., y:331., size:31., angle:2.0801702880859375e+002,
       response:2.2169470321387053e-004, octave:0 }
   - { x:491., y:464., size:31., angle:3.8060539245605469e+001,
       response:1.8108569202013314e-004, octave:0 }
   - { x:491., y:454., size:31., angle:3.2485153198242187e+002,
       response:1.5107952640391886e-004, octave:0 }
   - { x:439., y:444., size:31., angle:3.4867138671875000e+002,
       response:3.3048188197426498e-004, octave:0 }
   - { x:480., y:441., size:31., angle:3.4066369628906250e+002,
       response:2.9356215964071453e-004, octave:0 }
   - { x:436., y:441., size:31., angle:1.0414428710937500e+001,
       response:1.7799626220948994e-004, octave:0 }
   - { x:456., y:335., size:31., angle:1.7038929748535156e+002,
       response:2.6552114286459982e-004, octave:0 }
   - { x:439., y:440., size:31., angle:1.0830010414123535e+001,
       response:4.5442944974638522e-004, octave:0 }
   - { x:496., y:336., size:31., angle:3.2957125854492187e+002,
       response:2.1031071082688868e-004, octave:0 }
   - { x:420., y:437., size:31., angle:1.8684231567382812e+002,
       response:1.7960148397833109e-004, octave:0 }
   - { x:481., y:436., size:31., angle:8.4356632232666016e+000,
       response:2.0943670824635774e-004, octave:0 }
   - { x:441., y:424., size:31., angle:8.8081312179565430e+000,
       response:5.4106075549498200e-004, octave:0 }
   - { x:407., y:338., size:31., angle:1.6269084167480469e+002,
       response:1.8790509784594178e-004, octave:0 }
   - { x:442., y:422., size:31., angle:2.1265153884887695e+001,
       response:3.2650501816533506e-004, octave:0 }
   - { x:427., y:340., size:31., angle:2.9087030887603760e+000,
       response:3.4184206742793322e-004, octave:0 }
   - { x:422., y:422., size:31., angle:1.8459725952148437e+002,
       response:2.8819634462706745e-004, octave:0 }
   - { x:291., y:415., size:31., angle:1.2782625579833984e+002,
       response:1.4226077473722398e-004, octave:0 }
   - { x:311., y:414., size:31., angle:3.8476280212402344e+001,
       response:3.4236189094372094e-004, octave:0 }
   - { x:480., y:434., size:31., angle:1.3178559303283691e+001,
       response:2.8839948936365545e-004, octave:0 }
   - { x:470., y:407., size:31., angle:2.0120428466796875e+002,
       response:3.2611971255391836e-004, octave:0 }
   - { x:457., y:345., size:31., angle:2.0320039367675781e+002,
       response:2.0229311485309154e-004, octave:0 }
   - { x:494., y:346., size:31., angle:1.7837444305419922e+001,
       response:1.8262528465129435e-004, octave:0 }
   - { x:472., y:317., size:31., angle:3.5797549438476562e+002,
       response:1.4103300054557621e-004, octave:0 }
   - { x:286., y:299., size:31., angle:2.9670373535156250e+002,
       response:1.2480575242079794e-004, octave:0 }
   - { x:346., y:375., size:31., angle:1.1742120361328125e+002,
       response:1.1845884000649676e-004, octave:0 }
   - { x:478., y:443., size:31., angle:3.3788507080078125e+002,
