%YAML:1.0
KeyPoints:
   - { x:242., y:500., size:31., angle:1.6966453552246094e+002,
       response:9.2303166165947914e-003, octave:0 }
   - { x:271., y:467., size:31., angle:2.7503906250000000e+002,
       response:6.7589315585792065e-003, octave:0 }
   - { x:449., y:465., size:31., angle:3.1215814208984375e+002,
       response:5.7948782341554761e-004, octave:0 }
   - { x:447., y:465., size:31., angle:3.0643609619140625e+002,
       response:7.0258521009236574e-004, octave:0 }
   - { x:309., y:447., size:31., angle:9.3217697143554688e+001,
       response:2.4617323651909828e-003, octave:0 }
   - { x:308., y:441., size:31., angle:9.7380500793457031e+001,
       response:1.8876673420891166e-003, octave:0 }
   - { x:309., y:433., size:31., angle:9.3685287475585938e+001,
       response:1.7966596642509103e-003, octave:0 }
   - { x:372., y:281., size:31., angle:3.0347940063476562e+002,
       response:3.2983429264277220e-004, octave:0 }
   - { x:446., y:470., size:31., angle:3.3413357543945312e+002,
       response:1.2339877430349588e-003, octave:0 }
   - { x:306., y:439., size:31., angle:1.0515995025634766e+002,
       response:4.0751203778199852e-004, octave:0 }
   - { x:234., y:308., size:31., angle:1.8568624877929687e+002,
       response:2.8166095726191998e-003, octave:0 }
   - { x:338., y:412., size:31., angle:5.5457077026367188e+001,
       response:8.1945518031716347e-003, octave:0 }
   - { x:350., y:407., size:31., angle:8.1500457763671875e+001,
       response:8.9329555630683899e-003, octave:0 }
   - { x:359., y:406., size:31., angle:7.4741981506347656e+001,
       response:2.0482311956584454e-003, octave:0 }
   - { x:246., y:499., size:31., angle:1.9929103088378906e+002,
       response:3.5772412084043026e-003, octave:0 }
   - { x:270., y:397., size:31., angle:1.5144639587402344e+002,
       response:6.2438761815428734e-003, octave:0 }
   - { x:361., y:390., size:31., angle:2.6417431640625000e+002,
       response:4.1280407458543777e-003, octave:0 }
   - { x:243., y:504., size:31., angle:1.3415312194824219e+002,
       response:4.7216126695275307e-003, octave:0 }
   - { x:442., y:522., size:31., angle:3.5377081298828125e+002,
       response:3.9888868923299015e-004, octave:0 }
   - { x:370., y:388., size:31., angle:2.6633544921875000e+002,
       response:7.6401890255510807e-003, octave:0 }
   - { x:358., y:384., size:31., angle:2.9818552017211914e+001,
       response:5.2908104844391346e-003, octave:0 }
   - { x:343., y:527., size:31., angle:9.9548225402832031e+001,
       response:4.6839886344969273e-003, octave:0 }
   - { x:315., y:527., size:31., angle:4.5658321380615234e+001,
       response:7.7885040082037449e-003, octave:0 }
   - { x:203., y:527., size:31., angle:1.3417987060546875e+002,
       response:8.6184479296207428e-003, octave:0 }
   - { x:256., y:384., size:31., angle:1.2092370605468750e+002,
       response:6.7434832453727722e-003, octave:0 }
   - { x:183., y:527., size:31., angle:5.8595050811767578e+001,
       response:9.0766185894608498e-003, octave:0 }
   - { x:311., y:273., size:31., angle:9.1670280456542969e+001,
       response:2.2279114928096533e-003, octave:0 }
   - { x:441., y:526., size:31., angle:2.4390638351440430e+001,
       response:9.1719152405858040e-003, octave:0 }
   - { x:399., y:526., size:31., angle:1.3629541015625000e+002,
       response:8.4849167615175247e-003, octave:0 }
   - { x:380., y:526., size:31., angle:5.7185626983642578e+001,
       response:8.2045597955584526e-003, octave:0 }
   - { x:157., y:471., size:31., angle:2.0939791870117187e+002,
       response:5.6900135241448879e-003, octave:0 }
   - { x:384., y:276., size:31., angle:3.2306271362304687e+002,
       response:1.2217478826642036e-002, octave:0 }
   - { x:234., y:277., size:31., angle:2.0573873901367187e+002,
       response:7.3299105279147625e-003, octave:0 }
   - { x:175., y:526., size:31., angle:1.1841753387451172e+002,
       response:9.4312718138098717e-003, octave:0 }
   - { x:304., y:520., size:31., angle:5.5379493713378906e+001,
       response:3.5674418322741985e-003, octave:0 }
   - { x:441., y:519., size:31., angle:3.3085351562500000e+002,
       response:5.2467407658696175e-003, octave:0 }
   - { x:410., y:516., size:31., angle:3.3121520996093750e+002,
       response:4.9779904074966908e-003, octave:0 }
   - { x:380., y:279., size:31., angle:3.2272195434570312e+002,
       response:6.6614178940653801e-003, octave:0 }
   - { x:238., y:280., size:31., angle:2.0566333007812500e+002,
       response:5.7703028433024883e-003, octave:0 }
   - { x:287., y:516., size:31., angle:2.0680995178222656e+002,
       response:6.8654734641313553e-003, octave:0 }
   - { x:214., y:516., size:31., angle:3.2408258056640625e+002,
       response:4.1652019135653973e-003, octave:0 }
   - { x:277., y:509., size:31., angle:1.6629191589355469e+002,
       response:8.4469160065054893e-003, octave:0 }
   - { x:243., y:509., size:31., angle:1.6585469055175781e+002,
       response:9.6333445981144905e-003, octave:0 }
   - { x:244., y:283., size:31., angle:2.1030331420898437e+002,
       response:3.9541106671094894e-003, octave:0 }
   - { x:374., y:284., size:31., angle:3.2265722656250000e+002,
       response:8.8480720296502113e-003, octave:0 }
   - { x:244., y:285., size:31., angle:2.0199223327636719e+002,
       response:5.5800438858568668e-003, octave:0 }
   - { x:310., y:295., size:31., angle:2.7930319213867187e+002,
       response:7.4113486334681511e-003, octave:0 }
   - { x:341., y:505., size:31., angle:2.7227691650390625e+002,
       response:3.3409935422241688e-003, octave:0 }
   - { x:410., y:504., size:31., angle:3.9052646636962891e+001,
       response:8.6040617898106575e-003, octave:0 }
   - { x:233., y:305., size:31., angle:1.9214724731445312e+002,
       response:1.9224453717470169e-003, octave:0 }
   - { x:214., y:503., size:31., angle:4.6881500244140625e+001,
       response:5.7958676479756832e-003, octave:0 }
   - { x:438., y:502., size:31., angle:2.9390615463256836e+001,
       response:7.3307813145220280e-003, octave:0 }
   - { x:271., y:500., size:31., angle:6.9294662475585937e+001,
       response:2.0262487232685089e-003, octave:0 }
   - { x:228., y:310., size:31., angle:2.5579690551757812e+002,
       response:2.1548585500568151e-003, octave:0 }
   - { x:315., y:321., size:31., angle:3.5214468383789062e+002,
       response:1.4069756725803018e-003, octave:0 }
   - { x:233., y:311., size:31., angle:1.8293583679199219e+002,
       response:3.6837938241660595e-003, octave:0 }
   - { x:263., y:498., size:31., angle:3.5905520629882813e+002,
       response:4.6544000506401062e-003, octave:0 }
   - { x:438., y:494., size:31., angle:3.3780441284179687e+002,
       response:3.9000916294753551e-003, octave:0 }
   - { x:317., y:492., size:31., angle:6.0879844665527344e+001,
       response:6.2620379030704498e-003, octave:0 }
   - { x:298., y:319., size:31., angle:1.3313436889648437e+002,
       response:4.7003831714391708e-003, octave:0 }
   - { x:242., y:492., size:31., angle:2.6879943847656250e+002,
       response:4.6792030334472656e-003, octave:0 }
   - { x:440., y:474., size:31., angle:2.4365026950836182e+000,
       response:3.1854037661105394e-004, octave:0 }
   - { x:410., y:491., size:31., angle:3.3193975830078125e+002,
       response:4.5293262228369713e-003, octave:0 }
   - { x:214., y:489., size:31., angle:3.3742355346679687e+002,
       response:4.3449206277728081e-003, octave:0 }
   - { x:283., y:329., size:31., angle:3.2453558349609375e+002,
       response:4.3399827554821968e-003, octave:0 }
   - { x:319., y:329., size:31., angle:2.8088439941406250e+002,
       response:4.9867266789078712e-003, octave:0 }
   - { x:270., y:488., size:31., angle:6.7037338256835938e+001,
       response:1.3276728801429272e-002, octave:0 }
   - { x:410., y:481., size:31., angle:1.6993904113769531e+001,
       response:8.8072735816240311e-003, octave:0 }
   - { x:311., y:432., size:31., angle:8.5013275146484375e+001,
