%YAML:1.0
KeyPoints:
   - { x:152., y:398., size:31., angle:1.3825668334960937e+002,
       response:5.7591608492657542e-004, octave:0 }
   - { x:480., y:432., size:31., angle:4.1773574829101563e+001,
       response:7.2371755959466100e-004, octave:0 }
   - { x:456., y:432., size:31., angle:1.1615184020996094e+002,
       response:1.2193702859804034e-003, octave:0 }
   - { x:427., y:427., size:31., angle:3.3026629638671875e+002,
       response:8.2541006850078702e-004, octave:0 }
   - { x:423., y:432., size:31., angle:4.2578433990478516e+001,
       response:8.2909443881362677e-004, octave:0 }
   - { x:192., y:353., size:31., angle:2.4961965942382812e+002,
       response:5.7711446424946189e-004, octave:0 }
   - { x:282., y:434., size:31., angle:9.7601615905761719e+001,
       response:5.7737651513889432e-004, octave:0 }
   - { x:309., y:425., size:31., angle:2.3900965881347656e+002,
       response:7.1363203460350633e-004, octave:0 }
   - { x:407., y:421., size:31., angle:2.5679705810546875e+002,
       response:6.0139934066683054e-004, octave:0 }
   - { x:377., y:433., size:31., angle:4.8256408691406250e+001,
       response:5.6924589443951845e-004, octave:0 }
   - { x:295., y:426., size:31., angle:3.2736376953125000e+002,
       response:8.1497261999174953e-004, octave:0 }
   - { x:343., y:432., size:31., angle:1.1129826354980469e+002,
       response:1.0765386978164315e-003, octave:0 }
   - { x:328., y:432., size:31., angle:1.2061532592773437e+002,
       response:1.1238239239901304e-003, octave:0 }
   - { x:339., y:424., size:31., angle:2.6785928344726562e+002,
       response:6.0994515661150217e-004, octave:0 }
   - { x:325., y:432., size:31., angle:9.0924522399902344e+001,
       response:6.0217786813154817e-004, octave:0 }
   - { x:320., y:432., size:31., angle:9.5515693664550781e+001,
       response:7.8077899524942040e-004, octave:0 }
   - { x:294., y:432., size:31., angle:4.1677463531494141e+001,
       response:7.0955679984763265e-004, octave:0 }
   - { x:411., y:434., size:31., angle:9.6159759521484375e+001,
       response:5.9817975852638483e-004, octave:0 }
   - { x:309., y:422., size:31., angle:2.4939289855957031e+002,
       response:7.2740594623610377e-004, octave:0 }
   - { x:152., y:432., size:31., angle:1.4805349731445312e+002,
       response:5.7988095795735717e-004, octave:0 }
   - { x:484., y:424., size:31., angle:3.1687823486328125e+002,
       response:5.5304262787103653e-004, octave:0 }
   - { x:459., y:431., size:31., angle:9.8970169067382813e+001,
       response:9.6425664378330112e-004, octave:0 }
   - { x:453., y:431., size:31., angle:1.0101787567138672e+002,
       response:1.0330873774364591e-003, octave:0 }
   - { x:316., y:431., size:31., angle:1.2117134094238281e+002,
       response:8.9586852118372917e-004, octave:0 }
   - { x:290., y:432., size:31., angle:6.1996520996093750e+001,
       response:5.6780781596899033e-004, octave:0 }
   - { x:357., y:427., size:31., angle:2.7796987915039063e+002,
       response:8.0081500345841050e-004, octave:0 }
   - { x:152., y:426., size:31., angle:2.0484614562988281e+002,
       response:6.1438296688720584e-004, octave:0 }
   - { x:353., y:424., size:31., angle:2.6694903564453125e+002,
       response:5.5950775276869535e-004, octave:0 }
   - { x:359., y:430., size:31., angle:5.6564796447753906e+001,
       response:7.0737040368840098e-004, octave:0 }
   - { x:417., y:405., size:31., angle:7.8111396789550781e+001,
       response:6.6764326766133308e-004, octave:0 }
   - { x:377., y:428., size:31., angle:3.3426773071289062e+002,
       response:6.9727509981021285e-004, octave:0 }
   - { x:359., y:428., size:31., angle:3.0272924804687500e+002,
       response:7.1106886025518179e-004, octave:0 }
   - { x:313., y:423., size:31., angle:2.4322259521484375e+002,
       response:8.0852623796090484e-004, octave:0 }
   - { x:343., y:427., size:31., angle:2.5683303833007812e+002,
       response:8.3953799912706017e-004, octave:0 }
   - { x:344., y:435., size:31., angle:9.0401344299316406e+001,
       response:6.7238614428788424e-004, octave:0 }
   - { x:375., y:370., size:31., angle:5.1551952362060547e+001,
       response:5.9667770983651280e-004, octave:0 }
   - { x:477., y:427., size:31., angle:3.0408718872070312e+002,
       response:6.5404479391872883e-004, octave:0 }
   - { x:472., y:424., size:31., angle:2.7217562866210937e+002,
       response:5.8681197697296739e-004, octave:0 }
   - { x:345., y:428., size:31., angle:2.6003457641601562e+002,
       response:6.8043317878618836e-004, octave:0 }
   - { x:298., y:427., size:31., angle:3.3476953125000000e+002,
       response:9.4609713414683938e-004, octave:0 }
   - { x:455., y:435., size:31., angle:1.0685308837890625e+002,
       response:5.6948105338960886e-004, octave:0 }
   - { x:481., y:406., size:31., angle:9.4779502868652344e+001,
       response:6.2997813802212477e-004, octave:0 }
   - { x:327., y:435., size:31., angle:1.0528411102294922e+002,
       response:6.8778154673054814e-004, octave:0 }
   - { x:126., y:384., size:31., angle:2.3615585327148437e+002,
       response:5.8796023949980736e-004, octave:0 }
   - { x:133., y:384., size:31., angle:2.8949996948242187e+002,
       response:5.7171605294570327e-004, octave:0 }
   - { x:468., y:425., size:31., angle:2.7818267822265625e+002,
       response:8.3835003897547722e-004, octave:0 }
   - { x:200., y:384., size:31., angle:3.0313058471679687e+002,
       response:5.8998359600082040e-004, octave:0 }
   - { x:135., y:435., size:31., angle:6.4233673095703125e+001,
       response:5.7797372573986650e-004, octave:0 }
   - { x:152., y:390., size:31., angle:2.2183926391601562e+002,
       response:6.1072572134435177e-004, octave:0 }
   - { x:481., y:426., size:31., angle:3.2684152221679687e+002,
       response:9.1880245599895716e-004, octave:0 }
   - { x:449., y:393., size:31., angle:2.5256063842773438e+002,
       response:6.9807615363970399e-004, octave:0 }
   - { x:485., y:427., size:31., angle:3.4203421020507812e+002,
       response:7.6403719140216708e-004, octave:0 }
   - { x:358., y:435., size:31., angle:7.3973983764648438e+001,
       response:5.9891003184020519e-004, octave:0 }
   - { x:470., y:427., size:31., angle:2.7048257446289062e+002,
       response:5.8502191677689552e-004, octave:0 }
   - { x:461., y:434., size:31., angle:8.2502777099609375e+001,
       response:6.9224636536091566e-004, octave:0 }
   - { x:423., y:426., size:31., angle:3.2513906860351562e+002,
       response:8.3187967538833618e-004, octave:0 }
   - { x:333., y:434., size:31., angle:1.0758436584472656e+002,
       response:6.7361647961661220e-004, octave:0 }
   - { x:202., y:364., size:31., angle:2.7237718582153320e+001,
       response:5.4469518363475800e-004, octave:0 }
   - { x:152., y:362., size:31., angle:1.5310609436035156e+002,
       response:5.2742130355909467e-004, octave:0 }
   - { x:125., y:354., size:31., angle:2.2528320312500000e+002,
       response:4.8918405082076788e-004, octave:0 }
   - { x:135., y:354., size:31., angle:2.9447161865234375e+002,
       response:4.9307139124721289e-004, octave:0 }
   - { x:202., y:354., size:31., angle:3.1656915283203125e+002,
       response:4.8265888472087681e-004, octave:0 }
   - { x:483., y:406., size:31., angle:8.0027656555175781e+001,
       response:4.9882236635312438e-004, octave:0 }
   - { x:191., y:365., size:31., angle:1.3126142883300781e+002,
       response:4.9007654888555408e-004, octave:0 }
   - { x:402., y:434., size:31., angle:1.1901361846923828e+002,
       response:5.2796484669670463e-004, octave:0 }
   - { x:400., y:406., size:31., angle:8.7050605773925781e+001,
       response:5.3288380149751902e-004, octave:0 }
   - { x:443., y:432., size:31., angle:1.2676901245117187e+002,
       response:5.1077560056000948e-004, octave:0 }
   - { x:290., y:427., size:31., angle:3.4467913818359375e+002,
       response:4.8111390788108110e-004, octave:0 }
   - { x:124., y:364., size:31., angle:1.5653869628906250e+002,
