%YAML:1.0
KeyPoints:
   - { x:173., y:559., size:31., angle:2.8742776489257812e+002,
       response:6.1448891647160053e-003, octave:0 }
   - { x:472., y:541., size:31., angle:1.8255624389648437e+002,
       response:7.6567525975406170e-003, octave:0 }
   - { x:284., y:563., size:31., angle:2.8346875000000000e+002,
       response:9.6089588478207588e-003, octave:0 }
   - { x:257., y:562., size:31., angle:2.6363241577148437e+002,
       response:1.1885463260114193e-002, octave:0 }
   - { x:502., y:551., size:31., angle:2.7044305419921875e+002,
       response:9.5118712633848190e-003, octave:0 }
   - { x:335., y:516., size:31., angle:9.3244537353515625e+001,
       response:6.4414883963763714e-003, octave:0 }
   - { x:372., y:559., size:31., angle:2.8663363647460937e+002,
       response:1.5000975690782070e-002, octave:0 }
   - { x:395., y:535., size:31., angle:2.3975096130371094e+002,
       response:7.4654119089245796e-003, octave:0 }
   - { x:358., y:519., size:31., angle:8.9077659606933594e+001,
       response:7.4153160676360130e-003, octave:0 }
   - { x:374., y:559., size:31., angle:2.7737701416015625e+002,
       response:1.6484284773468971e-002, octave:0 }
   - { x:423., y:559., size:31., angle:2.7328228759765625e+002,
       response:6.3570979982614517e-003, octave:0 }
   - { x:429., y:545., size:31., angle:1.3169855117797852e+001,
       response:5.9503316879272461e-003, octave:0 }
   - { x:380., y:518., size:31., angle:9.3029624938964844e+001,
       response:6.1760898679494858e-003, octave:0 }
   - { x:271., y:565., size:31., angle:2.8072094726562500e+002,
       response:6.1656576581299305e-003, octave:0 }
   - { x:89., y:535., size:31., angle:2.8318215942382812e+002,
       response:6.9708167575299740e-003, octave:0 }
   - { x:393., y:533., size:31., angle:2.2332983398437500e+002,
       response:6.1905994080007076e-003, octave:0 }
   - { x:91., y:536., size:31., angle:2.6995446777343750e+002,
       response:7.1942014619708061e-003, octave:0 }
   - { x:510., y:551., size:31., angle:3.0054498291015625e+002,
       response:9.2634316533803940e-003, octave:0 }
   - { x:331., y:518., size:31., angle:9.1259307861328125e+001,
       response:6.9181863218545914e-003, octave:0 }
   - { x:321., y:559., size:31., angle:2.6706588745117187e+002,
       response:5.7980744168162346e-003, octave:0 }
   - { x:55., y:531., size:31., angle:3.5395938110351562e+002,
       response:7.5583742000162601e-003, octave:0 }
   - { x:96., y:531., size:31., angle:2.8232400512695312e+002,
       response:9.7546661272644997e-003, octave:0 }
   - { x:112., y:531., size:31., angle:2.2249282836914062e+002,
       response:1.2272459454834461e-002, octave:0 }
   - { x:502., y:547., size:31., angle:2.7117996215820312e+002,
       response:1.0328331962227821e-002, octave:0 }
   - { x:510., y:547., size:31., angle:3.3638262939453125e+002,
       response:1.0236263275146484e-002, octave:0 }
   - { x:453., y:558., size:31., angle:2.8641870117187500e+002,
       response:7.5938007794320583e-003, octave:0 }
   - { x:242., y:522., size:31., angle:7.8960372924804688e+001,
       response:1.3630311936140060e-002, octave:0 }
   - { x:280., y:517., size:31., angle:9.1983825683593750e+001,
       response:7.7742673456668854e-003, octave:0 }
   - { x:233., y:553., size:31., angle:2.2137771606445313e+001,
       response:7.9841064289212227e-003, octave:0 }
   - { x:263., y:557., size:31., angle:2.5498852539062500e+002,
       response:9.7876237705349922e-003, octave:0 }
   - { x:470., y:551., size:31., angle:1.0497654724121094e+002,
       response:1.0194692760705948e-002, octave:0 }
   - { x:250., y:518., size:31., angle:8.9335044860839844e+001,
       response:1.4359122142195702e-002, octave:0 }
   - { x:299., y:522., size:31., angle:9.6542343139648438e+001,
       response:1.0550539009273052e-002, octave:0 }
   - { x:361., y:529., size:31., angle:1.1243666839599609e+002,
       response:7.1053896099328995e-003, octave:0 }
   - { x:464., y:529., size:31., angle:1.7622656250000000e+002,
       response:7.1956682950258255e-003, octave:0 }
   - { x:318., y:517., size:31., angle:8.6746520996093750e+001,
       response:8.2297855988144875e-003, octave:0 }
   - { x:242., y:525., size:31., angle:7.4939994812011719e+001,
       response:7.0976172573864460e-003, octave:0 }
   - { x:466., y:551., size:31., angle:5.9293246269226074e+000,
       response:1.3098412193357944e-002, octave:0 }
   - { x:277., y:552., size:31., angle:3.3081835937500000e+002,
       response:9.8127815872430801e-003, octave:0 }
   - { x:233., y:543., size:31., angle:2.9761126708984375e+002,
       response:7.9028317704796791e-003, octave:0 }
   - { x:70., y:544., size:31., angle:2.2678849792480469e+002,
       response:1.1496321298182011e-002, octave:0 }
   - { x:240., y:537., size:31., angle:3.3181707763671875e+002,
       response:8.1354435533285141e-003, octave:0 }
   - { x:364., y:536., size:31., angle:6.4451293945312500e+001,
       response:7.7390866354107857e-003, octave:0 }
   - { x:322., y:524., size:31., angle:8.1617164611816406e+001,
       response:6.9245649501681328e-003, octave:0 }
   - { x:82., y:544., size:31., angle:3.3410968017578125e+002,
       response:1.0187120176851749e-002, octave:0 }
   - { x:433., y:565., size:31., angle:2.5671807861328125e+002,
       response:6.4561343751847744e-003, octave:0 }
   - { x:97., y:565., size:31., angle:2.6127374267578125e+002,
       response:7.4134361930191517e-003, octave:0 }
   - { x:327., y:554., size:31., angle:2.9866113281250000e+002,
       response:5.6700836867094040e-003, octave:0 }
   - { x:525., y:522., size:31., angle:1.3439434814453125e+002,
       response:6.5472209826111794e-003, octave:0 }
   - { x:70., y:576., size:31., angle:2.0334521484375000e+002,
       response:8.0796834081411362e-003, octave:0 }
   - { x:220., y:523., size:31., angle:9.5350227355957031e+001,
       response:5.8426507748663425e-003, octave:0 }
   - { x:105., y:524., size:31., angle:1.0512686920166016e+002,
       response:6.9522508420050144e-003, octave:0 }
   - { x:147., y:558., size:31., angle:3.2912927246093750e+002,
       response:6.2113497406244278e-003, octave:0 }
   - { x:331., y:565., size:31., angle:2.7870446777343750e+002,
       response:7.3473006486892700e-003, octave:0 }
   - { x:441., y:554., size:31., angle:2.1692172241210937e+002,
       response:1.3610523194074631e-002, octave:0 }
   - { x:60., y:537., size:31., angle:3.4954287719726562e+002,
       response:5.9928102418780327e-003, octave:0 }
   - { x:423., y:523., size:31., angle:8.9272186279296875e+001,
       response:1.0083765722811222e-002, octave:0 }
   - { x:372., y:521., size:31., angle:8.4901329040527344e+001,
       response:8.6875930428504944e-003, octave:0 }
   - { x:263., y:521., size:31., angle:9.4840370178222656e+001,
       response:6.3609043136239052e-003, octave:0 }
   - { x:478., y:563., size:31., angle:2.5962033081054687e+002,
       response:6.5544913522899151e-003, octave:0 }
   - { x:237., y:521., size:31., angle:8.0452339172363281e+001,
       response:9.5738628879189491e-003, octave:0 }
   - { x:358., y:531., size:31., angle:1.3070227050781250e+002,
       response:1.4570074155926704e-002, octave:0 }
   - { x:210., y:490., size:31., angle:3.2216961669921875e+002,
       response:6.1720502562820911e-003, octave:0 }
   - { x:474., y:534., size:31., angle:2.0053288269042969e+002,
       response:8.0889295786619186e-003, octave:0 }
   - { x:401., y:520., size:31., angle:8.2642585754394531e+001,
       response:8.9147025719285011e-003, octave:0 }
   - { x:284., y:516., size:31., angle:9.0651763916015625e+001,
       response:5.6268344633281231e-003, octave:0 }
   - { x:63., y:549., size:31., angle:1.3281741142272949e+001,
       response:5.1691322587430477e-003, octave:0 }
   - { x:337., y:565., size:31., angle:2.7334426879882812e+002,
       response:4.4758552685379982e-003, octave:0 }
   - { x:298., y:516., size:31., angle:9.4992927551269531e+001,
