%YAML:1.0
KeyPoints:
   - { x:322., y:313., size:31., angle:1.9350155639648437e+002,
       response:6.6229579970240593e-003, octave:0 }
   - { x:338., y:278., size:31., angle:2.1627455139160156e+002,
       response:4.1335467249155045e-003, octave:0 }
   - { x:311., y:403., size:31., angle:1.8306198120117187e+002,
       response:6.1043300665915012e-003, octave:0 }
   - { x:304., y:411., size:31., angle:1.8302874755859375e+002,
       response:5.3867618553340435e-003, octave:0 }
   - { x:329., y:278., size:31., angle:2.0379016113281250e+002,
       response:5.9989271685481071e-003, octave:0 }
   - { x:474., y:277., size:31., angle:3.4181579589843750e+002,
       response:5.6230300106108189e-003, octave:0 }
   - { x:347., y:266., size:31., angle:2.2482659912109375e+002,
       response:4.5469990000128746e-003, octave:0 }
   - { x:305., y:377., size:31., angle:1.8264260864257812e+002,
       response:5.5754184722900391e-003, octave:0 }
   - { x:313., y:317., size:31., angle:1.9374400329589844e+002,
       response:5.2053271792829037e-003, octave:0 }
   - { x:480., y:281., size:31., angle:3.5256207275390625e+002,
       response:6.7074643447995186e-003, octave:0 }
   - { x:308., y:343., size:31., angle:1.8940119934082031e+002,
       response:4.1525023989379406e-003, octave:0 }
   - { x:311., y:326., size:31., angle:1.9232411193847656e+002,
       response:4.4482173398137093e-003, octave:0 }
   - { x:311., y:411., size:31., angle:1.7813517761230469e+002,
       response:6.2426179647445679e-003, octave:0 }
   - { x:460., y:381., size:31., angle:7.9352607727050781e+001,
       response:3.9762258529663086e-003, octave:0 }
   - { x:311., y:419., size:31., angle:1.7721817016601562e+002,
       response:6.7713349126279354e-003, octave:0 }
   - { x:304., y:420., size:31., angle:2.6679183959960937e+002,
       response:7.3751099407672882e-003, octave:0 }
   - { x:320., y:322., size:31., angle:1.9366757202148437e+002,
       response:4.2930077761411667e-003, octave:0 }
   - { x:342., y:272., size:31., angle:2.2375030517578125e+002,
       response:4.7798384912312031e-003, octave:0 }
   - { x:477., y:284., size:31., angle:3.5380307006835937e+002,
       response:6.4007728360593319e-003, octave:0 }
   - { x:338., y:265., size:31., angle:2.1182534790039062e+002,
       response:5.4058888927102089e-003, octave:0 }
   - { x:474., y:264., size:31., angle:3.2546105957031250e+002,
       response:3.8983661215752363e-003, octave:0 }
   - { x:305., y:386., size:31., angle:1.8402905273437500e+002,
       response:4.9264887347817421e-003, octave:0 }
   - { x:311., y:386., size:31., angle:1.8234942626953125e+002,
       response:5.1686060614883900e-003, octave:0 }
   - { x:304., y:428., size:31., angle:2.7535485839843750e+002,
       response:5.3224614821374416e-003, octave:0 }
   - { x:325., y:285., size:31., angle:2.0155093383789062e+002,
       response:5.8978842571377754e-003, octave:0 }
   - { x:404., y:222., size:31., angle:2.6390969848632812e+002,
       response:3.9719631895422935e-003, octave:0 }
   - { x:478., y:272., size:31., angle:3.4104589843750000e+002,
       response:6.9056544452905655e-003, octave:0 }
   - { x:453., y:387., size:31., angle:7.7025085449218750e+001,
       response:6.0788332484662533e-003, octave:0 }
   - { x:457., y:363., size:31., angle:1.5050628662109375e+002,
       response:4.3089678511023521e-003, octave:0 }
   - { x:333., y:271., size:31., angle:2.0930648803710937e+002,
       response:4.5088618062436581e-003, octave:0 }
   - { x:334., y:285., size:31., angle:2.1347738647460937e+002,
       response:4.3896511197090149e-003, octave:0 }
   - { x:304., y:394., size:31., angle:1.8499168395996094e+002,
       response:4.1843955405056477e-003, octave:0 }
   - { x:311., y:428., size:31., angle:1.8199224853515625e+002,
       response:7.4535091407597065e-003, octave:0 }
   - { x:316., y:337., size:31., angle:1.8858821105957031e+002,
       response:5.0632078200578690e-003, octave:0 }
   - { x:470., y:269., size:31., angle:3.2561532592773437e+002,
       response:6.5456037409603596e-003, octave:0 }
   - { x:315., y:345., size:31., angle:1.8816650390625000e+002,
       response:5.8573419228196144e-003, octave:0 }
   - { x:466., y:263., size:31., angle:3.1280371093750000e+002,
       response:5.5085681378841400e-003, octave:0 }
   - { x:311., y:378., size:31., angle:1.8214013671875000e+002,
       response:4.2382283136248589e-003, octave:0 }
   - { x:305., y:436., size:31., angle:3.3975140380859375e+002,
       response:5.5613438598811626e-003, octave:0 }
   - { x:311., y:395., size:31., angle:1.8511167907714844e+002,
       response:5.5506965145468712e-003, octave:0 }
   - { x:311., y:436., size:31., angle:1.7011183166503906e+002,
       response:5.6630349718034267e-003, octave:0 }
   - { x:422., y:286., size:31., angle:2.8907598876953125e+002,
       response:4.2423848062753677e-003, octave:0 }
   - { x:313., y:361., size:31., angle:1.8270837402343750e+002,
       response:4.2096110992133617e-003, octave:0 }
   - { x:304., y:403., size:31., angle:1.8356108093261719e+002,
       response:5.8605493977665901e-003, octave:0 }
   - { x:316., y:309., size:31., angle:1.9689016723632812e+002,
       response:4.7416822053492069e-003, octave:0 }
   - { x:352., y:261., size:31., angle:2.2842721557617187e+002,
       response:4.5802090317010880e-003, octave:0 }
   - { x:384., y:228., size:31., angle:2.4344049072265625e+002,
       response:4.9635083414614201e-003, octave:0 }
   - { x:327., y:298., size:31., angle:2.0051907348632812e+002,
       response:5.1277023740112782e-003, octave:0 }
   - { x:362., y:251., size:31., angle:2.3886402893066406e+002,
       response:5.5170599371194839e-003, octave:0 }
   - { x:318., y:301., size:31., angle:1.9942570495605469e+002,
       response:6.0229543596506119e-003, octave:0 }
   - { x:313., y:353., size:31., angle:1.8718542480468750e+002,
       response:5.7760416530072689e-003, octave:0 }
   - { x:321., y:293., size:31., angle:2.0041328430175781e+002,
       response:4.4039604254066944e-003, octave:0 }
   - { x:317., y:329., size:31., angle:1.8895799255371094e+002,
       response:5.0224862061440945e-003, octave:0 }
   - { x:461., y:336., size:31., angle:3.1621109008789063e+002,
       response:4.6092253178358078e-003, octave:0 }
   - { x:374., y:243., size:31., angle:2.4098754882812500e+002,
       response:4.1072149761021137e-003, octave:0 }
   - { x:359., y:243., size:31., angle:2.2505374145507812e+002,
       response:4.9570025876164436e-003, octave:0 }
   - { x:414., y:445., size:31., angle:1.1320074462890625e+002,
       response:5.5685061961412430e-003, octave:0 }
   - { x:470., y:257., size:31., angle:6.1153998374938965e+000,
       response:5.2842553704977036e-003, octave:0 }
   - { x:397., y:307., size:31., angle:9.5991607666015625e+001,
       response:5.1476703956723213e-003, octave:0 }
   - { x:309., y:334., size:31., angle:1.9014929199218750e+002,
       response:4.1035823523998260e-003, octave:0 }
   - { x:410., y:233., size:31., angle:2.6794854736328125e+002,
       response:5.0905505195260048e-003, octave:0 }
   - { x:417., y:233., size:31., angle:3.0212091064453125e+002,
       response:4.2645074427127838e-003, octave:0 }
   - { x:372., y:234., size:31., angle:2.2882801818847656e+002,
       response:4.3378849513828754e-003, octave:0 }
   - { x:480., y:291., size:31., angle:3.5945288085937500e+002,
       response:4.2677619494497776e-003, octave:0 }
   - { x:330., y:291., size:31., angle:2.0476152038574219e+002,
       response:5.7082264684140682e-003, octave:0 }
   - { x:306., y:360., size:31., angle:1.8563806152343750e+002,
       response:5.6702578440308571e-003, octave:0 }
   - { x:470., y:360., size:31., angle:2.8049352169036865e+000,
       response:4.5062424615025520e-003, octave:0 }
   - { x:357., y:256., size:31., angle:2.3609469604492187e+002,
       response:4.4014304876327515e-003, octave:0 }
   - { x:324., y:306., size:31., angle:1.9995945739746094e+002,
