%YAML:1.0
KeyPoints:
   - { x:549., y:329., size:31., angle:3.1262106323242187e+002,
       response:5.3370762616395950e-003, octave:0 }
   - { x:550., y:409., size:31., angle:3.3964648437500000e+002,
       response:3.4870209638029337e-003, octave:0 }
   - { x:205., y:409., size:31., angle:1.9245483398437500e+002,
       response:3.0950615182518959e-003, octave:0 }
   - { x:367., y:408., size:31., angle:8.4312469482421875e+001,
       response:4.5300782658159733e-003, octave:0 }
   - { x:145., y:404., size:31., angle:2.0544868469238281e+002,
       response:2.4081240408122540e-003, octave:0 }
   - { x:125., y:410., size:31., angle:1.0613206624984741e+000,
       response:2.5325117167085409e-003, octave:0 }
   - { x:148., y:408., size:31., angle:1.9911442565917969e+002,
       response:3.1454453710466623e-003, octave:0 }
   - { x:251., y:403., size:31., angle:1.9780939102172852e+001,
       response:5.4152593947947025e-003, octave:0 }
   - { x:511., y:406., size:31., angle:1.3442047119140625e+002,
       response:8.0902660265564919e-003, octave:0 }
   - { x:151., y:329., size:31., angle:2.4119799804687500e+002,
       response:4.8190793022513390e-003, octave:0 }
   - { x:207., y:329., size:31., angle:2.2475222778320312e+002,
       response:5.2321576513350010e-003, octave:0 }
   - { x:487., y:406., size:31., angle:5.5181159973144531e+001,
       response:6.8572941236197948e-003, octave:0 }
   - { x:455., y:329., size:31., angle:2.3182284545898437e+002,
       response:6.0895294882357121e-003, octave:0 }
   - { x:498., y:329., size:31., angle:2.6677774047851562e+002,
       response:5.2408096380531788e-003, octave:0 }
   - { x:506., y:329., size:31., angle:2.7048754882812500e+002,
       response:5.0779068842530251e-003, octave:0 }
   - { x:147., y:411., size:31., angle:1.7359788513183594e+002,
       response:2.4814934004098177e-003, octave:0 }
   - { x:149., y:330., size:31., angle:2.3392678833007812e+002,
       response:4.4418880715966225e-003, octave:0 }
   - { x:180., y:330., size:31., angle:3.0464147949218750e+002,
       response:5.1284073852002621e-003, octave:0 }
   - { x:485., y:422., size:31., angle:4.4358020782470703e+001,
       response:5.8880914002656937e-003, octave:0 }
   - { x:502., y:335., size:31., angle:2.6897613525390625e+002,
       response:1.3478443957865238e-002, octave:0 }
   - { x:504., y:335., size:31., angle:2.7830593872070312e+002,
       response:6.1350907199084759e-003, octave:0 }
   - { x:167., y:372., size:31., angle:3.7773841857910156e+001,
       response:3.2693154644221067e-003, octave:0 }
   - { x:501., y:365., size:31., angle:1.0372872924804687e+002,
       response:2.7163699269294739e-003, octave:0 }
   - { x:481., y:365., size:31., angle:2.6870452880859375e+002,
       response:3.1219567172229290e-003, octave:0 }
   - { x:465., y:337., size:31., angle:2.8878515625000000e+002,
       response:2.0457156933844090e-003, octave:0 }
   - { x:156., y:373., size:31., angle:1.2977958679199219e+002,
       response:2.8787478804588318e-003, octave:0 }
   - { x:100., y:374., size:31., angle:9.0860237121582031e+001,
       response:6.9697564467787743e-003, octave:0 }
   - { x:514., y:337., size:31., angle:3.3780206298828125e+002,
       response:2.0406765397638083e-003, octave:0 }
   - { x:518., y:363., size:31., angle:2.8947177124023437e+002,
       response:3.0251708813011646e-003, octave:0 }
   - { x:216., y:338., size:31., angle:2.3626838684082031e+002,
       response:2.0969570614397526e-003, octave:0 }
   - { x:87., y:363., size:31., angle:1.2735175323486328e+002,
       response:3.6220655310899019e-003, octave:0 }
   - { x:240., y:379., size:31., angle:1.4031420898437500e+002,
       response:2.8590175788849592e-003, octave:0 }
   - { x:555., y:399., size:31., angle:3.4517077636718750e+002,
       response:6.2679941765964031e-003, octave:0 }
   - { x:120., y:398., size:31., angle:3.0004638671875000e+002,
       response:8.7331021204590797e-003, octave:0 }
   - { x:216., y:343., size:31., angle:8.8235443115234375e+001,
       response:2.1565572824329138e-003, octave:0 }
   - { x:284., y:343., size:31., angle:2.6192291259765625e+002,
       response:3.1897109001874924e-003, octave:0 }
   - { x:286., y:343., size:31., angle:2.6609872436523437e+002,
       response:6.7171398550271988e-003, octave:0 }
   - { x:552., y:397., size:31., angle:3.4361145019531250e+002,
       response:4.5233950950205326e-003, octave:0 }
   - { x:465., y:343., size:31., angle:1.8540298461914063e+001,
       response:2.5721525307744741e-003, octave:0 }
   - { x:209., y:396., size:31., angle:2.3991049194335937e+002,
       response:8.2034924998879433e-003, octave:0 }
   - { x:288., y:344., size:31., angle:2.7183108520507812e+002,
       response:2.3697351571172476e-003, octave:0 }
   - { x:278., y:383., size:31., angle:1.1397917938232422e+002,
       response:3.6572336684912443e-003, octave:0 }
   - { x:207., y:396., size:31., angle:2.1022415161132813e+002,
       response:5.7023884728550911e-003, octave:0 }
   - { x:218., y:345., size:31., angle:4.8030738830566406e+001,
       response:2.4289833381772041e-003, octave:0 }
   - { x:467., y:345., size:31., angle:1.8146768569946289e+001,
       response:2.3212984669953585e-003, octave:0 }
   - { x:453., y:346., size:31., angle:2.4086601257324219e+002,
       response:3.8259204011410475e-003, octave:0 }
   - { x:493., y:395., size:31., angle:3.4408926391601562e+002,
       response:2.0306913647800684e-003, octave:0 }
   - { x:280., y:383., size:31., angle:1.0440632629394531e+002,
       response:6.7786416038870811e-003, octave:0 }
   - { x:97., y:361., size:31., angle:1.5591082763671875e+002,
       response:2.2053420543670654e-003, octave:0 }
   - { x:101., y:386., size:31., angle:2.4783148193359375e+002,
       response:2.6632349472492933e-003, octave:0 }
   - { x:549., y:347., size:31., angle:9.9382276535034180e+000,
       response:2.3863059468567371e-003, octave:0 }
   - { x:109., y:395., size:31., angle:2.7343096923828125e+002,
       response:2.1679436322301626e-003, octave:0 }
   - { x:117., y:386., size:31., angle:2.6824261474609375e+002,
       response:7.3765222914516926e-003, octave:0 }
   - { x:207., y:348., size:31., angle:1.6778651428222656e+002,
       response:5.5732112377882004e-003, octave:0 }
   - { x:162., y:357., size:31., angle:2.8741497802734375e+002,
       response:2.6022000238299370e-003, octave:0 }
   - { x:507., y:394., size:31., angle:2.0291548156738281e+002,
       response:2.2556837648153305e-003, octave:0 }
   - { x:86., y:357., size:31., angle:1.1284108734130859e+002,
       response:6.5266406163573265e-003, octave:0 }
   - { x:547., y:352., size:31., angle:8.1164321899414062e+000,
       response:2.8759150300174952e-003, octave:0 }
   - { x:124., y:349., size:31., angle:8.8418859243392944e-001,
       response:6.4707365818321705e-003, octave:0 }
   - { x:240., y:349., size:31., angle:2.0969131469726562e+002,
       response:2.8710986953228712e-003, octave:0 }
   - { x:359., y:349., size:31., angle:2.0603237915039062e+002,
       response:2.0436793565750122e-003, octave:0 }
   - { x:112., y:350., size:31., angle:4.6557727813720703e+001,
       response:2.1884252782911062e-003, octave:0 }
   - { x:210., y:350., size:31., angle:1.6615888977050781e+002,
       response:4.8679364845156670e-003, octave:0 }
   - { x:522., y:410., size:31., angle:6.4975753784179687e+001,
       response:2.6688110083341599e-003, octave:0 }
   - { x:127., y:411., size:31., angle:9.3592910766601562e+000,
       response:2.4065515026450157e-003, octave:0 }
   - { x:177., y:411., size:31., angle:5.8572416305541992e+000,
       response:2.4833218194544315e-003, octave:0 }
   - { x:205., y:411., size:31., angle:1.5790306091308594e+002,
       response:2.4212796706706285e-003, octave:0 }
   - { x:216., y:411., size:31., angle:1.7523971557617188e+001,
       response:2.4836708325892687e-003, octave:0 }
   - { x:242., y:411., size:31., angle:3.5458801269531250e+002,
