%YAML:1.0
KeyPoints:
   - { x:421., y:347., size:31., angle:1.1315761566162109e+001,
       response:2.9002339579164982e-003, octave:0 }
   - { x:72., y:348., size:31., angle:2.3030155181884766e+001,
       response:2.3846407420933247e-003, octave:0 }
   - { x:351., y:349., size:31., angle:4.2405483245849609e+001,
       response:2.7626941446214914e-003, octave:0 }
   - { x:70., y:350., size:31., angle:5.9087147712707520e+000,
       response:3.2052753958851099e-003, octave:0 }
   - { x:145., y:296., size:31., angle:3.1264343261718750e+002,
       response:2.9247603379189968e-003, octave:0 }
   - { x:286., y:296., size:31., angle:3.1445455932617188e+002,
       response:2.0764127839356661e-003, octave:0 }
   - { x:421., y:296., size:31., angle:3.1321365356445312e+002,
       response:2.4124395567923784e-003, octave:0 }
   - { x:212., y:350., size:31., angle:1.1286935806274414e+001,
       response:2.0393584854900837e-003, octave:0 }
   - { x:269., y:385., size:31., angle:3.5051019287109375e+002,
       response:2.0743526984006166e-003, octave:0 }
   - { x:189., y:385., size:31., angle:2.7432986450195313e+002,
       response:1.9755195826292038e-003, octave:0 }
   - { x:70., y:352., size:31., angle:3.5145309448242187e+002,
       response:1.8783229170367122e-003, octave:0 }
   - { x:212., y:353., size:31., angle:3.4833248901367187e+002,
       response:2.4624660145491362e-003, octave:0 }
   - { x:398., y:379., size:31., angle:1.3419711303710937e+002,
       response:3.2269861549139023e-003, octave:0 }
   - { x:269., y:378., size:31., angle:8.8286151885986328e+000,
       response:2.4024364538490772e-003, octave:0 }
   - { x:357., y:355., size:31., angle:4.7811808586120605e+000,
       response:3.3219242468476295e-003, octave:0 }
   - { x:370., y:414., size:31., angle:2.0419154357910156e+002,
       response:1.9512886647135019e-003, octave:0 }
   - { x:356., y:377., size:31., angle:6.9613975524902344e+001,
       response:2.3987109307199717e-003, octave:0 }
   - { x:268., y:356., size:31., angle:9.5609674453735352e+000,
       response:1.7161157447844744e-003, octave:0 }
   - { x:146., y:316., size:31., angle:2.0985975265502930e+001,
       response:3.0007269233465195e-003, octave:0 }
   - { x:477., y:465., size:31., angle:5.1034309387207031e+001,
       response:2.1489143837243319e-003, octave:0 }
   - { x:286., y:318., size:31., angle:1.2952704429626465e+001,
       response:2.1624104119837284e-003, octave:0 }
   - { x:442., y:465., size:31., angle:7.7436950683593750e+001,
       response:1.9013647688552737e-003, octave:0 }
   - { x:421., y:319., size:31., angle:7.2248249053955078e+000,
       response:2.3317057639360428e-003, octave:0 }
   - { x:494., y:464., size:31., angle:1.3433093261718750e+002,
       response:2.1458389237523079e-003, octave:0 }
   - { x:494., y:444., size:31., angle:1.8137597656250000e+002,
       response:2.2359376307576895e-003, octave:0 }
   - { x:286., y:444., size:31., angle:3.4818283081054687e+002,
       response:3.7305399309843779e-003, octave:0 }
   - { x:555., y:442., size:31., angle:2.1662988281250000e+002,
       response:1.8454230157658458e-003, octave:0 }
   - { x:398., y:442., size:31., angle:2.2662562561035156e+002,
       response:2.5263163261115551e-003, octave:0 }
   - { x:425., y:441., size:31., angle:2.8305676269531250e+002,
       response:2.8015177231281996e-003, octave:0 }
   - { x:547., y:437., size:31., angle:2.3936056518554687e+002,
       response:2.6887280400842428e-003, octave:0 }
   - { x:495., y:437., size:31., angle:1.3613990783691406e+002,
       response:1.9585501868277788e-003, octave:0 }
   - { x:285., y:436., size:31., angle:9.7403612136840820e+000,
       response:3.9229202084243298e-003, octave:0 }
   - { x:285., y:326., size:31., angle:3.4510723876953125e+002,
       response:2.6135693769901991e-003, octave:0 }
   - { x:391., y:434., size:31., angle:6.1065742492675781e+001,
       response:2.6319785974919796e-003, octave:0 }
   - { x:285., y:415., size:31., angle:2.9301156616210937e+002,
       response:2.6480585802346468e-003, octave:0 }
   - { x:421., y:326., size:31., angle:3.5084317016601562e+002,
       response:2.7666019741445780e-003, octave:0 }
   - { x:286., y:466., size:31., angle:4.4757705688476562e+001,
       response:3.1803450547158718e-003, octave:0 }
   - { x:145., y:327., size:31., angle:3.4164663696289062e+002,
       response:2.4242249783128500e-003, octave:0 }
   - { x:92., y:413., size:31., angle:1.9897241210937500e+002,
       response:1.9357885466888547e-003, octave:0 }
   - { x:93., y:411., size:31., angle:1.8359878540039062e+002,
       response:3.1098995823413134e-003, octave:0 }
   - { x:511., y:410., size:31., angle:2.1569364929199219e+002,
       response:2.0859136711806059e-003, octave:0 }
   - { x:496., y:409., size:31., angle:3.3277337646484375e+002,
       response:2.9189058113843203e-003, octave:0 }
   - { x:212., y:409., size:31., angle:1.7645431518554687e+001,
       response:1.9170092418789864e-003, octave:0 }
   - { x:370., y:408., size:31., angle:1.6083935546875000e+002,
       response:2.5890260003507137e-003, octave:0 }
   - { x:357., y:406., size:31., angle:2.8448431015014648e+001,
       response:2.1669394336640835e-003, octave:0 }
   - { x:357., y:386., size:31., angle:2.6708920288085937e+002,
       response:2.8902415651828051e-003, octave:0 }
   - { x:391., y:385., size:31., angle:8.2490074157714844e+001,
       response:2.8740304987877607e-003, octave:0 }
   - { x:145., y:346., size:31., angle:5.1463516235351562e+001,
       response:2.9101851396262646e-003, octave:0 }
   - { x:285., y:347., size:31., angle:6.4047492980957031e+001,
       response:3.8266128394752741e-003, octave:0 }
   - { x:422., y:356., size:31., angle:3.3894119262695312e+002,
       response:1.5775517094880342e-003, octave:0 }
   - { x:500., y:312., size:31., angle:7.3426788330078125e+001,
       response:-2.1307125280145556e-005, octave:0 }
   - { x:193., y:433., size:31., angle:2.2109060668945312e+002,
       response:1.5422358410432935e-004, octave:0 }
   - { x:331., y:432., size:31., angle:9.5765563964843750e+001,
       response:1.4866412675473839e-004, octave:0 }
   - { x:56., y:296., size:31., angle:2.5372119140625000e+002,
       response:-9.7442352853249758e-005, octave:0 }
   - { x:184., y:429., size:31., angle:3.2992343139648438e+002,
       response:-2.2579195501748472e-004, octave:0 }
   - { x:322., y:428., size:31., angle:3.3959878540039062e+002,
       response:-2.8378187562339008e-004, octave:0 }
   - { x:328., y:427., size:31., angle:1.3311143493652344e+002,
       response:-1.2390791380312294e-004, octave:0 }
   - { x:189., y:427., size:31., angle:1.9299002075195312e+002,
       response:-2.2954901214689016e-004, octave:0 }
   - { x:493., y:417., size:31., angle:3.5139587402343750e+002,
       response:1.2525452766567469e-003, octave:0 }
   - { x:118., y:410., size:31., angle:3.5612982177734375e+002,
       response:-2.4889840278774500e-004, octave:0 }
   - { x:60., y:327., size:31., angle:2.7297256469726562e+002,
       response:-2.1813729836139828e-004, octave:0 }
   - { x:503., y:311., size:31., angle:8.8096221923828125e+001,
       response:-1.2337527005001903e-004, octave:0 }
   - { x:507., y:312., size:31., angle:1.0720004272460937e+002,
       response:-1.0958733764709905e-004, octave:0 }
   - { x:495., y:315., size:31., angle:4.7596603393554687e+001,
       response:-8.2477767136879265e-005, octave:0 }
   - { x:269., y:358., size:31., angle:2.0274292677640915e-002,
       response:1.3448662357404828e-003, octave:0 }
   - { x:423., y:358., size:31., angle:3.3717639160156250e+002,
       response:1.3650908367708325e-003, octave:0 }
   - { x:46., y:359., size:31., angle:1.6194827270507812e+002,
       response:-2.8499064501374960e-004, octave:0 }
   - { x:351., y:413., size:31., angle:3.1976257324218750e+002,
       response:1.4905350981280208e-003, octave:0 }
   - { x:212., y:413., size:31., angle:3.4697784423828125e+002,
