%YAML:1.0
KeyPoints:
   - { x:185., y:344., size:31., angle:1.0720190429687500e+002,
       response:-4.2344315443187952e-004, octave:0 }
   - { x:117., y:345., size:31., angle:6.8452316284179688e+001,
       response:2.0767387468367815e-003, octave:0 }
   - { x:194., y:345., size:31., angle:1.2299829101562500e+002,
       response:-2.5915075093507767e-004, octave:0 }
   - { x:241., y:345., size:31., angle:1.1525667572021484e+002,
       response:5.3036393364891410e-004, octave:0 }
   - { x:338., y:345., size:31., angle:1.1486814880371094e+002,
       response:7.1320275310426950e-004, octave:0 }
   - { x:401., y:345., size:31., angle:1.1890544128417969e+002,
       response:7.5176270911470056e-004, octave:0 }
   - { x:493., y:345., size:31., angle:1.2146809387207031e+002,
       response:1.3012655545026064e-003, octave:0 }
   - { x:66., y:346., size:31., angle:3.6227046966552734e+001,
       response:3.6140147130936384e-003, octave:0 }
   - { x:80., y:346., size:31., angle:1.1936573028564453e+002,
       response:1.0811217362061143e-003, octave:0 }
   - { x:131., y:346., size:31., angle:1.5148797607421875e+002,
       response:3.5027158446609974e-003, octave:0 }
   - { x:224., y:346., size:31., angle:3.5984409332275391e+001,
       response:3.0038766562938690e-003, octave:0 }
   - { x:281., y:346., size:31., angle:5.5647819519042969e+001,
       response:3.1150570139288902e-003, octave:0 }
   - { x:290., y:346., size:31., angle:1.2027027893066406e+002,
       response:3.5651554353535175e-003, octave:0 }
   - { x:325., y:346., size:31., angle:4.4361061096191406e+001,
       response:4.0012504905462265e-003, octave:0 }
   - { x:385., y:346., size:31., angle:3.7011718750000000e+001,
       response:3.1063733622431755e-003, octave:0 }
   - { x:441., y:346., size:31., angle:5.6250343322753906e+001,
       response:2.7474535163491964e-003, octave:0 }
   - { x:451., y:346., size:31., angle:1.1319140625000000e+002,
       response:7.2528194868937135e-004, octave:0 }
   - { x:478., y:346., size:31., angle:3.6412147521972656e+001,
       response:3.7106028757989407e-003, octave:0 }
   - { x:82., y:347., size:31., angle:1.3110372924804687e+002,
       response:1.8691099248826504e-003, octave:0 }
   - { x:244., y:347., size:31., angle:1.2543473815917969e+002,
       response:3.6145304329693317e-004, octave:0 }
   - { x:246., y:347., size:31., angle:1.2996289062500000e+002,
       response:-4.8495272494619712e-005, octave:0 }
   - { x:340., y:347., size:31., angle:1.2661456298828125e+002,
       response:1.1230654781684279e-003, octave:0 }
   - { x:403., y:347., size:31., angle:1.2892187500000000e+002,
       response:6.6564767621457577e-004, octave:0 }
   - { x:454., y:347., size:31., angle:1.3007513427734375e+002,
       response:7.5008993735536933e-004, octave:0 }
   - { x:495., y:347., size:31., angle:1.3368817138671875e+002,
       response:1.7435413319617510e-003, octave:0 }
   - { x:480., y:349., size:31., angle:3.2442008972167969e+001,
       response:1.1902918340638280e-003, octave:0 }
   - { x:84., y:350., size:31., angle:1.4648500061035156e+002,
       response:1.1566467583179474e-004, octave:0 }
   - { x:325., y:350., size:31., angle:3.4306247711181641e+001,
       response:1.5879157581366599e-004, octave:0 }
   - { x:406., y:350., size:31., angle:1.4257936096191406e+002,
       response:-1.2037836859235540e-004, octave:0 }
   - { x:497., y:350., size:31., angle:1.4802388000488281e+002,
       response:2.2071637795306742e-004, octave:0 }
   - { x:68., y:351., size:31., angle:2.5178651809692383e+001,
       response:2.8637546347454190e-004, octave:0 }
   - { x:226., y:351., size:31., angle:2.4482549667358398e+001,
       response:2.6353215798735619e-004, octave:0 }
   - { x:386., y:351., size:31., angle:2.4754716873168945e+001,
       response:3.8060694350861013e-004, octave:0 }
   - { x:479., y:351., size:31., angle:2.2167730331420898e+001,
       response:3.5798389581032097e-004, octave:0 }
   - { x:150., y:352., size:31., angle:4.5465110778808594e+001,
       response:-6.9207057822495699e-004, octave:0 }
   - { x:174., y:352., size:31., angle:2.6948904418945312e+002,
       response:-1.0948140698019415e-004, octave:0 }
   - { x:325., y:352., size:31., angle:2.8990745544433594e+001,
       response:-2.1289114374667406e-004, octave:0 }
   - { x:456., y:352., size:31., angle:1.5000570678710937e+002,
       response:-3.6097181146033108e-004, octave:0 }
   - { x:109., y:353., size:31., angle:3.7703540802001953e+001,
       response:-6.0505321016535163e-004, octave:0 }
   - { x:178., y:353., size:31., angle:2.8749200439453125e+002,
       response:-3.0764663824811578e-004, octave:0 }
   - { x:344., y:353., size:31., angle:1.4912741088867187e+002,
       response:-4.4781624455936253e-004, octave:0 }
   - { x:387., y:354., size:31., angle:1.7674348831176758e+001,
       response:-3.0240660998970270e-004, octave:0 }
   - { x:164., y:356., size:31., angle:2.2516432189941406e+002,
       response:-2.4478853447362781e-004, octave:0 }
   - { x:184., y:357., size:31., angle:3.1217160034179687e+002,
       response:-2.0033639157190919e-004, octave:0 }
   - { x:125., y:359., size:31., angle:2.1085983276367187e+002,
       response:-7.8678847057744861e-004, octave:0 }
   - { x:207., y:361., size:31., angle:1.5026869201660156e+002,
       response:-7.7051669359207153e-004, octave:0 }
   - { x:160., y:366., size:31., angle:2.0614575195312500e+002,
       response:-5.7273299898952246e-004, octave:0 }
   - { x:257., y:367., size:31., angle:1.5027172851562500e+002,
       response:-6.0081947594881058e-004, octave:0 }
   - { x:332., y:376., size:31., angle:3.0171401977539062e+002,
       response:1.7678147414699197e-003, octave:0 }
   - { x:239., y:377., size:31., angle:2.9316802978515625e+002,
       response:1.2545945355668664e-003, octave:0 }
   - { x:395., y:378., size:31., angle:3.3274923706054687e+002,
       response:5.7794689200818539e-004, octave:0 }
   - { x:442., y:378., size:31., angle:3.3923519897460937e+002,
       response:5.0661218119785190e-004, octave:0 }
   - { x:135., y:381., size:31., angle:1.1490860939025879e+001,
       response:-5.8456178521737456e-004, octave:0 }
   - { x:86., y:389., size:31., angle:1.1057015991210937e+002,
       response:2.2173447068780661e-003, octave:0 }
   - { x:103., y:390., size:31., angle:1.8129626464843750e+002,
       response:2.0255546551197767e-003, octave:0 }
   - { x:86., y:401., size:31., angle:2.5072268676757813e+002,
       response:1.8417597748339176e-003, octave:0 }
   - { x:276., y:401., size:31., angle:9.0047981262207031e+001,
       response:-4.6054323320277035e-004, octave:0 }
   - { x:552., y:401., size:31., angle:2.3655117034912109e+001,
       response:-8.0337963299825788e-004, octave:0 }
   - { x:113., y:407., size:31., angle:1.5038859558105469e+002,
       response:-5.7597708655521274e-004, octave:0 }
   - { x:422., y:407., size:31., angle:1.4534255981445312e+002,
       response:1.8234016606584191e-003, octave:0 }
   - { x:279., y:408., size:31., angle:1.1385722351074219e+002,
       response:1.6528690466657281e-003, octave:0 }
   - { x:322., y:411., size:31., angle:1.3763449096679687e+002,
       response:4.4538411311805248e-003, octave:0 }
   - { x:341., y:411., size:31., angle:3.3626842498779297e+001,
       response:5.3779897280037403e-003, octave:0 }
   - { x:117., y:414., size:31., angle:1.5011968994140625e+002,
       response:-4.7218508552759886e-004, octave:0 }
   - { x:123., y:425., size:31., angle:1.4887652587890625e+002,
       response:-6.2091037398204207e-004, octave:0 }
   - { x:158., y:425., size:31., angle:1.5882785034179687e+002,
       response:-6.3332793070003390e-004, octave:0 }
   - { x:266., y:427., size:31., angle:3.3021713256835937e+002,
       response:-7.4039003811776638e-004, octave:0 }
   - { x:317., y:427., size:31., angle:2.3781416320800781e+002,
       response:4.8331487923860550e-003, octave:0 }
   - { x:346., y:427., size:31., angle:3.0811087036132812e+002,
