%YAML:1.0
KeyPoints:
   - { x:440., y:328., size:31., angle:1.4873306274414062e+002,
       response:1.3347729691304266e-004, octave:0 }
   - { x:434., y:186., size:31., angle:2.4824327087402344e+002,
       response:6.2383280601352453e-004, octave:0 }
   - { x:548., y:283., size:31., angle:3.0620923995971680e+001,
       response:1.5470029320567846e-003, octave:0 }
   - { x:551., y:287., size:31., angle:1.5615091323852539e+001,
       response:1.3166714052204043e-004, octave:0 }
   - { x:121., y:289., size:31., angle:4.6742218017578125e+001,
       response:1.5548689407296479e-004, octave:0 }
   - { x:231., y:620., size:31., angle:3.2850250244140625e+002,
       response:4.0537980385124683e-004, octave:0 }
   - { x:403., y:605., size:31., angle:1.2298228454589844e+002,
       response:1.5811856137588620e-003, octave:0 }
   - { x:266., y:289., size:31., angle:4.5438438415527344e+001,
       response:1.3482346548698843e-004, octave:0 }
   - { x:268., y:289., size:31., angle:5.1506130218505859e+001,
       response:1.7577364633325487e-004, octave:0 }
   - { x:447., y:619., size:31., angle:2.0439294433593750e+002,
       response:1.9252899801358581e-004, octave:0 }
   - { x:313., y:289., size:31., angle:4.6012199401855469e+001,
       response:1.3046927051618695e-004, octave:0 }
   - { x:378., y:615., size:31., angle:2.6323661804199219e+001,
       response:1.4546959428116679e-003, octave:0 }
   - { x:413., y:612., size:31., angle:4.3499065399169922e+001,
       response:1.5275373589247465e-003, octave:0 }
   - { x:198., y:608., size:31., angle:1.6113180541992187e+002,
       response:1.3359135482460260e-003, octave:0 }
   - { x:379., y:605., size:31., angle:3.4379199218750000e+002,
       response:1.7609450733289123e-003, octave:0 }
   - { x:296., y:447., size:31., angle:2.2460185241699219e+002,
       response:1.3159991067368537e-004, octave:0 }
   - { x:345., y:290., size:31., angle:4.4372055053710937e+001,
       response:1.6521995712537318e-004, octave:0 }
   - { x:236., y:629., size:31., angle:3.5198254394531250e+002,
       response:1.3994700566399843e-004, octave:0 }
   - { x:511., y:290., size:31., angle:1.3516384887695312e+002,
       response:1.6098083870019764e-004, octave:0 }
   - { x:63., y:301., size:31., angle:2.5469015502929687e+002,
       response:1.9297304970677942e-004, octave:0 }
   - { x:281., y:447., size:31., angle:3.0949917602539062e+002,
       response:1.2237210466992110e-004, octave:0 }
   - { x:141., y:303., size:31., angle:2.2937234497070312e+002,
       response:1.2358766980469227e-004, octave:0 }
   - { x:185., y:605., size:31., angle:1.6236882019042969e+002,
       response:1.2530338717624545e-003, octave:0 }
   - { x:321., y:636., size:31., angle:6.1623504638671875e+001,
       response:9.4967696350067854e-004, octave:0 }
   - { x:196., y:447., size:31., angle:3.1569915771484375e+002,
       response:1.7369473061989993e-004, octave:0 }
   - { x:253., y:604., size:31., angle:1.8644618225097656e+002,
       response:1.2937443098053336e-003, octave:0 }
   - { x:233., y:628., size:31., angle:1.7159547805786133e+001,
       response:2.0076973305549473e-004, octave:0 }
   - { x:439., y:602., size:31., angle:2.0251140594482422e+001,
       response:4.1419133776798844e-004, octave:0 }
   - { x:437., y:600., size:31., angle:3.5609474182128906e+001,
       response:5.2433856762945652e-004, octave:0 }
   - { x:207., y:600., size:31., angle:3.1343096923828125e+002,
       response:1.8046736950054765e-003, octave:0 }
   - { x:185., y:599., size:31., angle:2.0601010131835937e+002,
       response:9.9241139832884073e-004, octave:0 }
   - { x:139., y:315., size:31., angle:1.4048081970214844e+002,
       response:1.3327367196325213e-004, octave:0 }
   - { x:165., y:322., size:31., angle:1.7868731689453125e+002,
       response:1.6941841749940068e-004, octave:0 }
   - { x:211., y:328., size:31., angle:1.4734681701660156e+002,
       response:1.4275932335294783e-004, octave:0 }
   - { x:351., y:447., size:31., angle:3.1522094726562500e+002,
       response:1.2464447354432195e-004, octave:0 }
   - { x:454., y:328., size:31., angle:3.4702045440673828e+001,
       response:1.6407103976234794e-004, octave:0 }
   - { x:437., y:434., size:31., angle:1.2233087158203125e+002,
       response:1.6025586228352040e-004, octave:0 }
   - { x:445., y:523., size:31., angle:1.0763290405273437e+002,
       response:2.0985145238228142e-004, octave:0 }
   - { x:437., y:598., size:31., angle:3.2093505859375000e+002,
       response:4.9557327292859554e-004, octave:0 }
   - { x:437., y:596., size:31., angle:2.8755255126953125e+002,
       response:7.3832133784890175e-004, octave:0 }
   - { x:438., y:594., size:31., angle:2.9262652587890625e+002,
       response:5.3543277317658067e-004, octave:0 }
   - { x:251., y:594., size:31., angle:2.4122253417968750e+002,
       response:1.7154353554360569e-004, octave:0 }
   - { x:228., y:594., size:31., angle:1.5952160644531250e+002,
       response:1.8088619690388441e-003, octave:0 }
   - { x:363., y:343., size:31., angle:1.3675212097167969e+002,
       response:1.2942172179464251e-004, octave:0 }
   - { x:224., y:420., size:31., angle:1.4893664550781250e+002,
       response:1.2239016359671950e-004, octave:0 }
   - { x:238., y:419., size:31., angle:3.3121936798095703e+001,
       response:1.9755624816752970e-004, octave:0 }
   - { x:207., y:570., size:31., angle:3.5271139526367187e+002,
       response:1.3499180786311626e-003, octave:0 }
   - { x:455., y:593., size:31., angle:3.2597568511962891e+001,
       response:1.4942042762413621e-003, octave:0 }
   - { x:436., y:344., size:31., angle:2.3758187866210937e+002,
       response:1.4226841449271888e-004, octave:0 }
   - { x:460., y:345., size:31., angle:3.0706665039062500e+002,
       response:1.3105731341056526e-004, octave:0 }
   - { x:183., y:356., size:31., angle:3.1553286743164062e+002,
       response:1.4009076403453946e-004, octave:0 }
   - { x:455., y:586., size:31., angle:3.3992108154296875e+002,
       response:1.2726781424134970e-003, octave:0 }
   - { x:206., y:576., size:31., angle:4.1171325683593750e+001,
       response:2.3819024208933115e-003, octave:0 }
   - { x:254., y:356., size:31., angle:2.2923069763183594e+002,
       response:1.4623001334257424e-004, octave:0 }
   - { x:287., y:586., size:31., angle:2.5540386962890625e+002,
       response:1.5580750769004226e-003, octave:0 }
   - { x:455., y:588., size:31., angle:3.5550357055664062e+002,
       response:1.7791974823921919e-003, octave:0 }
   - { x:412., y:356., size:31., angle:3.2241796875000000e+002,
       response:1.3093034795019776e-004, octave:0 }
   - { x:341., y:593., size:31., angle:1.8701229858398437e+002,
       response:2.2496953897643834e-004, octave:0 }
   - { x:290., y:589., size:31., angle:2.7558700561523438e+002,
       response:1.8381160916760564e-003, octave:0 }
   - { x:484., y:356., size:31., angle:2.3606455993652344e+002,
       response:1.5042236191220582e-004, octave:0 }
   - { x:227., y:591., size:31., angle:1.6988969421386719e+002,
       response:1.1365384561941028e-003, octave:0 }
   - { x:436., y:394., size:31., angle:2.3433190917968750e+002,
       response:1.6396408318541944e-004, octave:0 }
   - { x:321., y:591., size:31., angle:3.0009078979492187e+002,
       response:1.9028139067813754e-003, octave:0 }
   - { x:338., y:592., size:31., angle:1.7992436218261719e+002,
       response:2.7976179262623191e-004, octave:0 }
   - { x:121., y:381., size:31., angle:4.3551277160644531e+001,
       response:1.3471503916662186e-004, octave:0 }
   - { x:308., y:593., size:31., angle:1.8842016601562500e+002,
       response:4.0198987699113786e-004, octave:0 }
   - { x:396., y:592., size:31., angle:1.8065863037109375e+002,
       response:1.5596380399074405e-004, octave:0 }
   - { x:306., y:593., size:31., angle:1.6902726745605469e+002,
       response:6.2315078685060143e-004, octave:0 }
   - { x:231., y:622., size:31., angle:3.4087921142578125e+002,
