%YAML:1.0
KeyPoints:
   - { x:202., y:514., size:31., angle:5.7301448822021484e+001,
       response:6.1286943964660168e-003, octave:0 }
   - { x:128., y:682., size:31., angle:1.3948020935058594e+002,
       response:8.3138346672058105e-003, octave:0 }
   - { x:38., y:682., size:31., angle:9.3606361389160156e+001,
       response:1.0995967313647270e-002, octave:0 }
   - { x:74., y:583., size:31., angle:1.5864041137695312e+002,
       response:5.8226683177053928e-003, octave:0 }
   - { x:199., y:682., size:31., angle:9.0892349243164062e+001,
       response:5.8236024342477322e-003, octave:0 }
   - { x:286., y:682., size:31., angle:1.3349336242675781e+002,
       response:5.5718319490551949e-003, octave:0 }
   - { x:151., y:287., size:31., angle:6.7417640686035156e+001,
       response:6.3214115798473358e-003, octave:0 }
   - { x:197., y:102., size:31., angle:3.2388037109375000e+002,
       response:6.8832933902740479e-003, octave:0 }
   - { x:208., y:209., size:31., angle:3.1762448120117187e+002,
       response:9.6832644194364548e-003, octave:0 }
   - { x:340., y:680., size:31., angle:3.9883892059326172e+001,
       response:1.2293932028114796e-002, octave:0 }
   - { x:477., y:361., size:31., angle:3.1934872436523437e+002,
       response:9.0925879776477814e-003, octave:0 }
   - { x:190., y:518., size:31., angle:6.2084922790527344e+001,
       response:6.8844812922179699e-003, octave:0 }
   - { x:340., y:682., size:31., angle:4.5828758239746094e+001,
       response:7.7736298553645611e-003, octave:0 }
   - { x:272., y:205., size:31., angle:3.5238006591796875e+002,
       response:5.9333229437470436e-003, octave:0 }
   - { x:493., y:543., size:31., angle:2.3105084228515625e+002,
       response:6.5546082332730293e-003, octave:0 }
   - { x:286., y:522., size:31., angle:1.3568182373046875e+002,
       response:5.7021845132112503e-003, octave:0 }
   - { x:411., y:581., size:31., angle:9.1265678405761719e+001,
       response:8.3160111680626869e-003, octave:0 }
   - { x:286., y:648., size:31., angle:2.2333868408203125e+002,
       response:1.0941349901258945e-002, octave:0 }
   - { x:463., y:192., size:31., angle:6.0205142974853516e+001,
       response:6.5320315770804882e-003, octave:0 }
   - { x:282., y:174., size:31., angle:3.1411911010742187e+002,
       response:6.0254768468439579e-003, octave:0 }
   - { x:284., y:174., size:31., angle:3.0584289550781250e+002,
       response:1.0158527642488480e-002, octave:0 }
   - { x:32., y:605., size:31., angle:2.9516436767578125e+002,
       response:1.2146478518843651e-002, octave:0 }
   - { x:39., y:605., size:31., angle:2.4310647583007812e+002,
       response:1.0809848085045815e-002, octave:0 }
   - { x:41., y:605., size:31., angle:2.3098495483398437e+002,
       response:6.6891633905470371e-003, octave:0 }
   - { x:165., y:291., size:31., angle:1.4184771728515625e+002,
       response:7.4683655984699726e-003, octave:0 }
   - { x:151., y:581., size:31., angle:7.0643310546875000e+001,
       response:1.2628429569303989e-002, octave:0 }
   - { x:286., y:580., size:31., angle:1.2988803100585937e+002,
       response:9.4062257558107376e-003, octave:0 }
   - { x:527., y:608., size:31., angle:3.4829962158203125e+002,
       response:6.1273691244423389e-003, octave:0 }
   - { x:304., y:140., size:31., angle:3.5186328125000000e+002,
       response:1.0010000318288803e-002, octave:0 }
   - { x:460., y:357., size:31., angle:2.6827944946289062e+002,
       response:1.2841208837926388e-002, octave:0 }
   - { x:145., y:526., size:31., angle:6.1239631652832031e+001,
       response:8.2436753436923027e-003, octave:0 }
   - { x:120., y:238., size:31., angle:1.5706307983398437e+002,
       response:1.2247502803802490e-002, octave:0 }
   - { x:426., y:133., size:31., angle:3.0304898071289062e+002,
       response:6.4708325080573559e-003, octave:0 }
   - { x:93., y:580., size:31., angle:6.1228549957275391e+001,
       response:5.8923927135765553e-003, octave:0 }
   - { x:305., y:166., size:31., angle:1.9493743896484375e+002,
       response:6.3482546247541904e-003, octave:0 }
   - { x:323., y:578., size:31., angle:1.2059497070312500e+002,
       response:5.7770009152591228e-003, octave:0 }
   - { x:189., y:526., size:31., angle:8.4761390686035156e+001,
       response:8.3720879629254341e-003, octave:0 }
   - { x:115., y:303., size:31., angle:1.3866825866699219e+002,
       response:6.3529349863529205e-003, octave:0 }
   - { x:539., y:545., size:31., angle:2.7996673583984375e+002,
       response:6.5003233030438423e-003, octave:0 }
   - { x:179., y:505., size:31., angle:2.4270997619628906e+002,
       response:7.3286113329231739e-003, octave:0 }
   - { x:491., y:545., size:31., angle:2.2737597656250000e+002,
       response:6.5003233030438423e-003, octave:0 }
   - { x:347., y:545., size:31., angle:3.2125335693359375e+002,
       response:5.8040162548422813e-003, octave:0 }
   - { x:99., y:233., size:31., angle:1.2470117187500000e+002,
       response:5.8297240175306797e-003, octave:0 }
   - { x:323., y:545., size:31., angle:2.3874728393554687e+002,
       response:1.0087512433528900e-002, octave:0 }
   - { x:239., y:216., size:31., angle:1.3053834533691406e+002,
       response:1.3084830716252327e-002, octave:0 }
   - { x:128., y:528., size:31., angle:8.4617691040039063e+001,
       response:5.9224986471235752e-003, octave:0 }
   - { x:224., y:545., size:31., angle:3.1820965576171875e+002,
       response:1.0375766083598137e-002, octave:0 }
   - { x:210., y:545., size:31., angle:2.7222894287109375e+002,
       response:1.3656917028129101e-002, octave:0 }
   - { x:93., y:545., size:31., angle:2.7466946411132812e+002,
       response:6.1942283064126968e-003, octave:0 }
   - { x:59., y:504., size:31., angle:3.0768197631835937e+002,
       response:5.7145333848893642e-003, octave:0 }
   - { x:32., y:545., size:31., angle:2.7602423095703125e+002,
       response:5.7467529550194740e-003, octave:0 }
   - { x:120., y:217., size:31., angle:2.2343441772460937e+002,
       response:1.0823485441505909e-002, octave:0 }
   - { x:190., y:139., size:31., angle:1.2617959594726562e+002,
       response:1.0403336025774479e-002, octave:0 }
   - { x:537., y:543., size:31., angle:2.8306906127929687e+002,
       response:6.5546082332730293e-003, octave:0 }
   - { x:345., y:543., size:31., angle:3.0952642822265625e+002,
       response:5.9200730174779892e-003, octave:0 }
   - { x:212., y:543., size:31., angle:2.7461437988281250e+002,
       response:9.7592175006866455e-003, octave:0 }
   - { x:224., y:543., size:31., angle:3.1454342651367187e+002,
       response:6.3767591491341591e-003, octave:0 }
   - { x:497., y:645., size:31., angle:2.0613125610351562e+002,
       response:5.5777123197913170e-003, octave:0 }
   - { x:515., y:643., size:31., angle:3.4250573730468750e+002,
       response:7.9891150817275047e-003, octave:0 }
   - { x:562., y:645., size:31., angle:1.9650309753417969e+002,
       response:6.9545763544738293e-003, octave:0 }
   - { x:411., y:647., size:31., angle:2.6308389282226562e+002,
       response:6.0428450815379620e-003, octave:0 }
   - { x:450., y:374., size:31., angle:1.7421438598632812e+002,
       response:7.1052969433367252e-003, octave:0 }
   - { x:286., y:646., size:31., angle:2.2822734069824219e+002,
       response:6.8497001193463802e-003, octave:0 }
   - { x:491., y:648., size:31., angle:2.4750286865234375e+002,
       response:7.0282500237226486e-003, octave:0 }
   - { x:308., y:646., size:31., angle:3.2545700073242187e+002,
       response:5.7495627552270889e-003, octave:0 }
   - { x:286., y:500., size:31., angle:2.3620321655273437e+002,
       response:5.5718319490551949e-003, octave:0 }
   - { x:199., y:509., size:31., angle:3.0909518432617188e+002,
       response:7.2837094776332378e-003, octave:0 }
   - { x:253., y:500., size:31., angle:2.4301452636718750e+002,
       response:1.1160518042743206e-002, octave:0 }
   - { x:238., y:500., size:31., angle:2.7934622192382812e+002,
