%YAML:1.0
KeyPoints:
   - { x:415., y:365., size:31., angle:4.9615520477294922e+001,
       response:1.4829710125923157e-003, octave:0 }
   - { x:304., y:357., size:31., angle:3.5791606903076172e+001,
       response:1.8220972269773483e-003, octave:0 }
   - { x:271., y:411., size:31., angle:5.3937644958496094e+001,
       response:1.4668623916804790e-003, octave:0 }
   - { x:191., y:350., size:31., angle:1.3408508300781250e+002,
       response:1.2368803145363927e-003, octave:0 }
   - { x:387., y:292., size:31., angle:2.8339685058593750e+002,
       response:2.1766128484159708e-003, octave:0 }
   - { x:41., y:508., size:31., angle:1.1411865234375000e+002,
       response:4.6635461039841175e-003, octave:0 }
   - { x:358., y:497., size:31., angle:2.7227615356445312e+002,
       response:2.0203813910484314e-003, octave:0 }
   - { x:378., y:400., size:31., angle:3.2693359375000000e+002,
       response:3.0402585398405790e-003, octave:0 }
   - { x:158., y:145., size:31., angle:2.2021871566772461e+001,
       response:1.3883219799026847e-003, octave:0 }
   - { x:75., y:147., size:31., angle:2.6281994628906250e+002,
       response:1.7134583322331309e-003, octave:0 }
   - { x:520., y:437., size:31., angle:5.8929382324218750e+001,
       response:5.0652669742703438e-003, octave:0 }
   - { x:524., y:445., size:31., angle:2.1480706787109375e+002,
       response:2.2469346877187490e-003, octave:0 }
   - { x:138., y:234., size:31., angle:7.5020156860351563e+001,
       response:1.6177416546270251e-003, octave:0 }
   - { x:543., y:621., size:31., angle:9.3857719421386719e+001,
       response:2.2663273848593235e-003, octave:0 }
   - { x:339., y:490., size:31., angle:8.3656585693359375e+001,
       response:2.7656848542392254e-003, octave:0 }
   - { x:70., y:487., size:31., angle:5.1562051773071289e+000,
       response:2.2803032770752907e-003, octave:0 }
   - { x:360., y:314., size:31., angle:2.4482679748535156e+002,
       response:1.5355774667114019e-003, octave:0 }
   - { x:94., y:479., size:31., angle:1.9556716918945312e+002,
       response:1.8849197076633573e-003, octave:0 }
   - { x:313., y:469., size:31., angle:1.3324615478515625e+002,
       response:1.5441752038896084e-003, octave:0 }
   - { x:116., y:457., size:31., angle:2.0581381225585937e+002,
       response:1.8637789180502295e-003, octave:0 }
   - { x:372., y:382., size:31., angle:4.8824157714843750e+001,
       response:2.1555521525442600e-003, octave:0 }
   - { x:88., y:234., size:31., angle:1.4698364257812500e+002,
       response:1.6658760141581297e-003, octave:0 }
   - { x:130., y:263., size:31., angle:3.3438796997070312e+002,
       response:2.8174729086458683e-003, octave:0 }
   - { x:339., y:263., size:31., angle:3.3366113281250000e+002,
       response:1.6675645019859076e-003, octave:0 }
   - { x:357., y:314., size:31., angle:2.5691513061523437e+002,
       response:2.8100849594920874e-003, octave:0 }
   - { x:308., y:414., size:31., angle:1.7408149719238281e+002,
       response:1.6286580357700586e-003, octave:0 }
   - { x:348., y:381., size:31., angle:1.1484343719482422e+002,
       response:1.4817065093666315e-003, octave:0 }
   - { x:167., y:196., size:31., angle:5.6243396759033203e+001,
       response:1.3102926313877106e-003, octave:0 }
   - { x:482., y:380., size:31., angle:2.2432649230957031e+002,
       response:2.1937114652246237e-003, octave:0 }
   - { x:501., y:203., size:31., angle:9.8094123840332031e+001,
       response:3.4130907151848078e-003, octave:0 }
   - { x:79., y:415., size:31., angle:3.2962478637695312e+001,
       response:2.3602296132594347e-003, octave:0 }
   - { x:48., y:424., size:31., angle:1.2765557861328125e+002,
       response:2.9454100877046585e-003, octave:0 }
   - { x:246., y:168., size:31., angle:6.4850387573242188e+001,
       response:1.2921000597998500e-003, octave:0 }
   - { x:258., y:168., size:31., angle:9.3592666625976563e+001,
       response:1.4737165765836835e-003, octave:0 }
   - { x:336., y:428., size:31., angle:1.6965066528320312e+002,
       response:2.3169689811766148e-003, octave:0 }
   - { x:105., y:271., size:31., angle:1.2908786010742187e+002,
       response:2.1122591570019722e-003, octave:0 }
   - { x:96., y:171., size:31., angle:2.1179563999176025e+000,
       response:1.3060456840321422e-003, octave:0 }
   - { x:315., y:325., size:31., angle:1.2553054809570312e+002,
       response:1.3769178185611963e-003, octave:0 }
   - { x:45., y:431., size:31., angle:2.4759591674804687e+002,
       response:1.4109903713688254e-003, octave:0 }
   - { x:192., y:324., size:31., angle:8.9482292175292969e+001,
       response:1.3191375182941556e-003, octave:0 }
   - { x:98., y:241., size:31., angle:1.5538558959960937e+002,
       response:1.9111417932435870e-003, octave:0 }
   - { x:297., y:238., size:31., angle:5.5109813690185547e+001,
       response:1.3157960493117571e-003, octave:0 }
   - { x:487., y:434., size:31., angle:1.3653538513183594e+002,
       response:7.8801074996590614e-003, octave:0 }
   - { x:246., y:237., size:31., angle:1.4457160949707031e+002,
       response:3.3042659051716328e-003, octave:0 }
   - { x:162., y:341., size:31., angle:8.1994049072265625e+001,
       response:1.6648056916892529e-003, octave:0 }
   - { x:285., y:530., size:31., angle:3.5032196044921875e+001,
       response:1.2395065277814865e-003, octave:0 }
   - { x:542., y:528., size:31., angle:7.2022842407226562e+001,
       response:7.4011255055665970e-003, octave:0 }
   - { x:58., y:181., size:31., angle:1.4176104736328125e+002,
       response:1.6105669783428311e-003, octave:0 }
   - { x:386., y:522., size:31., angle:3.4871755981445312e+002,
       response:2.9615487437695265e-003, octave:0 }
   - { x:126., y:368., size:31., angle:2.2620094299316406e+002,
       response:1.7575381789356470e-003, octave:0 }
   - { x:138., y:237., size:31., angle:8.5083404541015625e+001,
       response:1.3046746607869864e-003, octave:0 }
   - { x:386., y:367., size:31., angle:8.8783119201660156e+001,
       response:2.5263323914259672e-003, octave:0 }
   - { x:75., y:367., size:31., angle:3.0556353759765625e+002,
       response:1.6850604442879558e-003, octave:0 }
   - { x:317., y:217., size:31., angle:7.9255592346191406e+001,
       response:1.5870134811848402e-003, octave:0 }
   - { x:127., y:237., size:31., angle:5.0509284973144531e+001,
       response:2.9249354265630245e-003, octave:0 }
   - { x:300., y:218., size:31., angle:1.2347610473632812e+002,
       response:1.7347639659419656e-003, octave:0 }
   - { x:483., y:187., size:31., angle:1.6199851989746094e+002,
       response:3.5075603518635035e-003, octave:0 }
   - { x:80., y:188., size:31., angle:8.2709342956542969e+001,
       response:2.8186903800815344e-003, octave:0 }
   - { x:508., y:510., size:31., angle:1.6129391479492188e+002,
       response:7.7019096352159977e-003, octave:0 }
   - { x:282., y:363., size:31., angle:1.0877487182617187e+002,
       response:1.3440414331853390e-003, octave:0 }
   - { x:363., y:303., size:31., angle:2.3862805175781250e+002,
       response:1.2254389002919197e-003, octave:0 }
   - { x:514., y:373., size:31., angle:2.9378952026367187e+002,
       response:1.2128353118896484e-003, octave:0 }
   - { x:313., y:246., size:31., angle:2.5791513061523437e+002,
       response:8.5346330888569355e-004, octave:0 }
   - { x:75., y:308., size:31., angle:1.1623011779785156e+002,
       response:9.0990751050412655e-004, octave:0 }
   - { x:331., y:436., size:31., angle:2.1387977600097656e+002,
       response:9.8544999491423368e-004, octave:0 }
   - { x:156., y:369., size:31., angle:2.8517266845703125e+002,
       response:9.5140794292092323e-004, octave:0 }
   - { x:312., y:539., size:31., angle:1.8673255920410156e+002,
       response:8.7902921950444579e-004, octave:0 }
   - { x:245., y:395., size:31., angle:1.6572389221191406e+002,
       response:1.0756633710116148e-003, octave:0 }
   - { x:484., y:174., size:31., angle:2.1287620544433594e+002,
