%YAML:1.0
KeyPoints:
   - { x:242., y:542., size:31., angle:1.2374781799316406e+002,
       response:5.6723441230133176e-004, octave:0 }
   - { x:141., y:527., size:31., angle:2.8470285034179687e+002,
       response:1.1320103658363223e-003, octave:0 }
   - { x:413., y:527., size:31., angle:2.8587854003906250e+002,
       response:1.1442358372732997e-003, octave:0 }
   - { x:397., y:524., size:31., angle:2.7873052978515625e+002,
       response:8.2069897325709462e-004, octave:0 }
   - { x:250., y:259., size:31., angle:2.0025698852539062e+002,
       response:5.5519980378448963e-004, octave:0 }
   - { x:138., y:531., size:31., angle:2.4460748291015625e+002,
       response:2.1482575684785843e-003, octave:0 }
   - { x:302., y:538., size:31., angle:2.6389349365234375e+002,
       response:4.4671673094853759e-004, octave:0 }
   - { x:240., y:524., size:31., angle:2.5733032226562500e+002,
       response:2.1451299544423819e-003, octave:0 }
   - { x:143., y:524., size:31., angle:2.9330337524414062e+002,
       response:1.4794968301430345e-003, octave:0 }
   - { x:358., y:542., size:31., angle:3.4405563354492188e+002,
       response:9.8285567946732044e-004, octave:0 }
   - { x:136., y:532., size:31., angle:2.1195697021484375e+002,
       response:1.4526047743856907e-003, octave:0 }
   - { x:141., y:532., size:31., angle:2.8793585205078125e+002,
       response:1.6270705964416265e-003, octave:0 }
   - { x:220., y:425., size:31., angle:2.0287306213378906e+002,
       response:4.6073325211182237e-004, octave:0 }
   - { x:316., y:538., size:31., angle:2.9910534667968750e+002,
       response:4.8544743913225830e-004, octave:0 }
   - { x:222., y:422., size:31., angle:2.2063288879394531e+002,
       response:6.9856439949944615e-004, octave:0 }
   - { x:135., y:538., size:31., angle:1.6588522338867187e+002,
       response:1.5281224623322487e-003, octave:0 }
   - { x:244., y:341., size:31., angle:3.0255157470703125e+002,
       response:5.6890427367761731e-004, octave:0 }
   - { x:198., y:544., size:31., angle:9.0031635761260986e-001,
       response:3.1329023186117411e-003, octave:0 }
   - { x:362., y:544., size:31., angle:3.4064318847656250e+002,
       response:1.0006774682551622e-003, octave:0 }
   - { x:243., y:534., size:31., angle:2.5050825500488281e+002,
       response:1.7080788966268301e-003, octave:0 }
   - { x:362., y:546., size:31., angle:6.1023707389831543e+000,
       response:7.8233645763248205e-004, octave:0 }
   - { x:210., y:555., size:31., angle:1.3886267089843750e+002,
       response:9.6888176631182432e-004, octave:0 }
   - { x:134., y:535., size:31., angle:1.8127496337890625e+002,
       response:2.8798675630241632e-003, octave:0 }
   - { x:142., y:535., size:31., angle:3.2078695678710937e+002,
       response:3.7151367869228125e-003, octave:0 }
   - { x:317., y:312., size:31., angle:3.1682876586914062e+002,
       response:1.0743573075160384e-003, octave:0 }
   - { x:241., y:467., size:31., angle:1.0941243743896484e+002,
       response:5.0708808703348041e-004, octave:0 }
   - { x:221., y:550., size:31., angle:3.1249765396118164e+001,
       response:1.0193648049607873e-003, octave:0 }
   - { x:344., y:542., size:31., angle:2.0819123840332031e+002,
       response:1.3290048809722066e-003, octave:0 }
   - { x:197., y:547., size:31., angle:1.5250980377197266e+001,
       response:1.1483405251055956e-003, octave:0 }
   - { x:156., y:535., size:31., angle:2.6093731689453125e+002,
       response:1.6561594093218446e-003, octave:0 }
   - { x:161., y:535., size:31., angle:2.9378213500976563e+002,
       response:1.1701167095452547e-003, octave:0 }
   - { x:167., y:535., size:31., angle:2.8662390136718750e+002,
       response:2.2163733374327421e-003, octave:0 }
   - { x:291., y:317., size:31., angle:3.4097921752929687e+002,
       response:1.6510972054675221e-003, octave:0 }
   - { x:196., y:553., size:31., angle:3.9718250274658203e+001,
       response:8.3366950275376439e-004, octave:0 }
   - { x:360., y:553., size:31., angle:4.4336048126220703e+001,
       response:6.5020134206861258e-004, octave:0 }
   - { x:247., y:535., size:31., angle:3.1458319091796875e+002,
       response:6.8257807288318872e-004, octave:0 }
   - { x:291., y:535., size:31., angle:2.1837838745117187e+002,
       response:5.8399117551743984e-004, octave:0 }
   - { x:227., y:553., size:31., angle:6.4073341369628906e+001,
       response:9.3758094590157270e-004, octave:0 }
   - { x:394., y:535., size:31., angle:3.1046295166015625e+002,
       response:5.9944484382867813e-004, octave:0 }
   - { x:223., y:553., size:31., angle:2.0970121383666992e+001,
       response:1.6621341928839684e-003, octave:0 }
   - { x:181., y:550., size:31., angle:1.5295928955078125e+002,
       response:1.6342048766091466e-003, octave:0 }
   - { x:158., y:541., size:31., angle:2.6275311279296875e+002,
       response:8.5548596689477563e-004, octave:0 }
   - { x:225., y:547., size:31., angle:3.5405419921875000e+002,
       response:8.4466434782370925e-004, octave:0 }
   - { x:214., y:541., size:31., angle:2.0670628356933594e+002,
       response:3.0093349050730467e-003, octave:0 }
   - { x:181., y:542., size:31., angle:2.0809948730468750e+002,
       response:1.6583176329731941e-003, octave:0 }
   - { x:448., y:535., size:31., angle:3.1684796142578125e+002,
       response:6.2442803755402565e-004, octave:0 }
   - { x:159., y:536., size:31., angle:2.7788470458984375e+002,
       response:2.2300060372799635e-003, octave:0 }
   - { x:309., y:536., size:31., angle:2.6958151245117187e+002,
       response:7.7353231608867645e-004, octave:0 }
   - { x:225., y:538., size:31., angle:3.1048168945312500e+002,
       response:1.0570086305961013e-003, octave:0 }
   - { x:448., y:559., size:31., angle:4.5931198120117187e+001,
       response:9.3948584981262684e-004, octave:0 }
   - { x:445., y:559., size:31., angle:5.8354255676269531e+001,
       response:6.2691379571333528e-004, octave:0 }
   - { x:194., y:542., size:31., angle:3.4431253051757813e+002,
       response:2.2078698966652155e-003, octave:0 }
   - { x:321., y:330., size:31., angle:2.7717584228515625e+002,
       response:6.8612792529165745e-004, octave:0 }
   - { x:412., y:559., size:31., angle:7.5018280029296875e+001,
       response:7.4243341805413365e-004, octave:0 }
   - { x:220., y:538., size:31., angle:2.9686782836914063e+002,
       response:5.3253571968525648e-004, octave:0 }
   - { x:397., y:559., size:31., angle:6.0736541748046875e+001,
       response:9.3576003564521670e-004, octave:0 }
   - { x:394., y:559., size:31., angle:6.2035614013671875e+001,
       response:6.7571119870990515e-004, octave:0 }
   - { x:413., y:536., size:31., angle:2.7142150878906250e+002,
       response:6.7159236641600728e-004, octave:0 }
   - { x:141., y:538., size:31., angle:9.5548919677734375e+001,
       response:2.2805647458881140e-003, octave:0 }
   - { x:215., y:545., size:31., angle:2.0860475158691406e+002,
       response:7.7870342647656798e-004, octave:0 }
   - { x:137., y:527., size:31., angle:2.4685427856445312e+002,
       response:5.0674856174737215e-004, octave:0 }
   - { x:327., y:559., size:31., angle:1.0043096160888672e+002,
       response:7.1336585097014904e-004, octave:0 }
   - { x:190., y:535., size:31., angle:2.8485577392578125e+002,
       response:4.7719065332785249e-004, octave:0 }
   - { x:309., y:559., size:31., angle:9.0273574829101563e+001,
       response:8.1041228258982301e-004, octave:0 }
   - { x:341., y:545., size:31., angle:2.0314234924316406e+002,
       response:1.3376042479649186e-003, octave:0 }
   - { x:292., y:559., size:31., angle:9.1545249938964844e+001,
       response:8.3672703476622701e-004, octave:0 }
   - { x:258., y:559., size:31., angle:9.3451156616210937e+001,
       response:1.8261598888784647e-003, octave:0 }
   - { x:240., y:559., size:31., angle:6.5953613281250000e+001,
       response:1.8958970904350281e-003, octave:0 }
   - { x:211., y:539., size:31., angle:2.2125096130371094e+002,
