%YAML:1.0
KeyPoints:
   - { x:319., y:477., size:31., angle:2.4667446899414062e+002,
       response:5.0000072224065661e-004, octave:0 }
   - { x:177., y:491., size:31., angle:5.5732616424560547e+001,
       response:9.5199438510462642e-004, octave:0 }
   - { x:180., y:490., size:31., angle:4.4860801696777344e+001,
       response:8.2942825974896550e-004, octave:0 }
   - { x:401., y:489., size:31., angle:2.3240247726440430e+001,
       response:9.7742525395005941e-004, octave:0 }
   - { x:244., y:489., size:31., angle:8.7076545715332031e+001,
       response:4.0916519355960190e-004, octave:0 }
   - { x:348., y:485., size:31., angle:1.1764525175094604e+000,
       response:5.8659067144617438e-004, octave:0 }
   - { x:175., y:486., size:31., angle:3.1678280639648437e+002,
       response:9.4118574634194374e-004, octave:0 }
   - { x:179., y:486., size:31., angle:3.3385430908203125e+002,
       response:8.1608380423858762e-004, octave:0 }
   - { x:242., y:486., size:31., angle:2.5267974853515625e+002,
       response:7.1567908162251115e-004, octave:0 }
   - { x:172., y:489., size:31., angle:1.3601538085937500e+002,
       response:7.3109788354486227e-004, octave:0 }
   - { x:348., y:488., size:31., angle:5.0422115325927734e+001,
       response:4.2257725726813078e-004, octave:0 }
   - { x:365., y:486., size:31., angle:1.8662049865722656e+002,
       response:6.5973092569038272e-004, octave:0 }
   - { x:341., y:488., size:31., angle:1.2639920043945313e+002,
       response:4.3729430763050914e-004, octave:0 }
   - { x:179., y:488., size:31., angle:1.9291961669921875e+001,
       response:4.2918577673844993e-004, octave:0 }
   - { x:320., y:487., size:31., angle:1.8913146972656250e+002,
       response:7.4525573290884495e-004, octave:0 }
   - { x:377., y:487., size:31., angle:3.5399465942382812e+002,
       response:6.5330305369570851e-004, octave:0 }
   - { x:310., y:526., size:31., angle:1.2309503173828125e+002,
       response:9.6765323542058468e-004, octave:0 }
   - { x:270., y:526., size:31., angle:1.0705278778076172e+002,
       response:5.9322378365322948e-004, octave:0 }
   - { x:233., y:526., size:31., angle:8.5288566589355469e+001,
       response:5.7494506472721696e-004, octave:0 }
   - { x:403., y:374., size:31., angle:3.4646151733398438e+002,
       response:4.7162271221168339e-004, octave:0 }
   - { x:226., y:525., size:31., angle:1.4831744384765625e+002,
       response:5.9472903376445174e-004, octave:0 }
   - { x:316., y:524., size:31., angle:6.3016696929931641e+001,
       response:4.7488528070971370e-004, octave:0 }
   - { x:314., y:524., size:31., angle:8.8977546691894531e+001,
       response:1.2323963455855846e-003, octave:0 }
   - { x:236., y:524., size:31., angle:4.0441246032714844e+001,
       response:5.8577355230227113e-004, octave:0 }
   - { x:229., y:524., size:31., angle:1.3962203979492187e+002,
       response:1.0382443433627486e-003, octave:0 }
   - { x:312., y:523., size:31., angle:1.2461485290527344e+002,
       response:8.4428302943706512e-004, octave:0 }
   - { x:352., y:482., size:31., angle:3.0273785400390625e+002,
       response:4.8494717339053750e-004, octave:0 }
   - { x:273., y:523., size:31., angle:7.2289863586425781e+001,
       response:5.2073306869715452e-004, octave:0 }
   - { x:398., y:521., size:31., angle:3.5881048583984375e+002,
       response:5.8237393386662006e-004, octave:0 }
   - { x:321., y:521., size:31., angle:6.3837900161743164e+000,
       response:4.1557295480743051e-004, octave:0 }
   - { x:318., y:521., size:31., angle:9.8031969070434570e+000,
       response:6.1458814889192581e-004, octave:0 }
   - { x:395., y:520., size:31., angle:2.3690081787109375e+002,
       response:8.5079838754609227e-004, octave:0 }
   - { x:232., y:520., size:31., angle:2.4632809448242187e+002,
       response:8.8067323667928576e-004, octave:0 }
   - { x:313., y:518., size:31., angle:2.4662973022460937e+002,
       response:1.8511980306357145e-003, octave:0 }
   - { x:273., y:518., size:31., angle:2.9539132690429688e+002,
       response:9.0496556367725134e-004, octave:0 }
   - { x:275., y:398., size:31., angle:5.1836017608642578e+001,
       response:4.0695248753763735e-004, octave:0 }
   - { x:395., y:517., size:31., angle:2.6160729980468750e+002,
       response:1.0469681583344936e-003, octave:0 }
   - { x:228., y:517., size:31., angle:2.2230198669433594e+002,
       response:8.5653708083555102e-004, octave:0 }
   - { x:310., y:516., size:31., angle:2.2865782165527344e+002,
       response:2.4652853608131409e-003, octave:0 }
   - { x:270., y:516., size:31., angle:2.4493922424316406e+002,
       response:1.5070191584527493e-003, octave:0 }
   - { x:317., y:515., size:31., angle:2.9904922485351562e+002,
       response:5.7790952268987894e-004, octave:0 }
   - { x:314., y:515., size:31., angle:2.6945361328125000e+002,
       response:1.5353979542851448e-003, octave:0 }
   - { x:320., y:497., size:31., angle:9.5179504394531250e+001,
       response:8.6184137035161257e-004, octave:0 }
   - { x:169., y:477., size:31., angle:2.3792358398437500e+002,
       response:7.1474723517894745e-004, octave:0 }
   - { x:223., y:497., size:31., angle:6.8933921813964844e+001,
       response:4.3203542008996010e-004, octave:0 }
   - { x:271., y:520., size:31., angle:1.8481689453125000e+002,
       response:1.7580689163878560e-003, octave:0 }
   - { x:430., y:496., size:31., angle:5.7003463745117188e+001,
       response:9.9187705200165510e-004, octave:0 }
   - { x:241., y:477., size:31., angle:2.6904589843750000e+002,
       response:5.9816974680870771e-004, octave:0 }
   - { x:405., y:496., size:31., angle:6.4963027954101563e+001,
       response:7.2293169796466827e-004, octave:0 }
   - { x:276., y:477., size:31., angle:2.5088681030273437e+002,
       response:4.9230566946789622e-004, octave:0 }
   - { x:298., y:496., size:31., angle:8.5851959228515625e+001,
       response:7.6616212027147412e-004, octave:0 }
   - { x:276., y:496., size:31., angle:1.1429426574707031e+002,
       response:8.0631359014660120e-004, octave:0 }
   - { x:241., y:496., size:31., angle:9.9694519042968750e+001,
       response:1.5089135849848390e-003, octave:0 }
   - { x:225., y:496., size:31., angle:5.7775215148925781e+001,
       response:5.6622212287038565e-004, octave:0 }
   - { x:341., y:477., size:31., angle:2.4940444946289062e+002,
       response:4.0103841456584632e-004, octave:0 }
   - { x:193., y:496., size:31., angle:7.0204437255859375e+001,
       response:1.6047719400376081e-003, octave:0 }
   - { x:169., y:496., size:31., angle:1.3120016479492188e+002,
       response:1.2253678869456053e-003, octave:0 }
   - { x:221., y:495., size:31., angle:8.0631820678710938e+001,
       response:5.3678272524848580e-004, octave:0 }
   - { x:417., y:477., size:31., angle:2.3927944946289062e+002,
       response:4.8837845679372549e-004, octave:0 }
   - { x:431., y:477., size:31., angle:2.9763485717773437e+002,
       response:3.9178071892820299e-004, octave:0 }
   - { x:300., y:494., size:31., angle:6.5572875976562500e+001,
       response:7.3353323386982083e-004, octave:0 }
   - { x:279., y:494., size:31., angle:8.3232971191406250e+001,
       response:6.8414094857871532e-004, octave:0 }
   - { x:177., y:478., size:31., angle:2.8794146728515625e+002,
       response:8.2505098544061184e-004, octave:0 }
   - { x:398., y:478., size:31., angle:2.7248004150390625e+002,
       response:1.1255131103098392e-003, octave:0 }
   - { x:350., y:479., size:31., angle:2.9114498901367187e+002,
       response:4.1110953316092491e-004, octave:0 }
   - { x:171., y:480., size:31., angle:2.4314686584472656e+002,
       response:7.2612846270203590e-004, octave:0 }
   - { x:179., y:480., size:31., angle:2.8771392822265625e+002,
       response:1.3033818686380982e-003, octave:0 }
   - { x:244., y:480., size:31., angle:2.7561740112304688e+002,
       response:4.9789366312325001e-004, octave:0 }
   - { x:244., y:494., size:31., angle:8.4349266052246094e+001,
