%YAML:1.0
KeyPoints:
   - { x:147., y:527., size:31., angle:7.8582244873046875e+001,
       response:7.9543525353074074e-003, octave:0 }
   - { x:134., y:527., size:31., angle:8.2879226684570313e+001,
       response:6.2110731378197670e-003, octave:0 }
   - { x:248., y:526., size:31., angle:1.0884155273437500e+002,
       response:5.0263544544577599e-003, octave:0 }
   - { x:220., y:525., size:31., angle:2.4490399169921875e+002,
       response:5.9764711186289787e-003, octave:0 }
   - { x:216., y:525., size:31., angle:2.4719116210937500e+002,
       response:7.5637102127075195e-003, octave:0 }
   - { x:304., y:523., size:31., angle:2.9469537353515625e+002,
       response:6.7593343555927277e-003, octave:0 }
   - { x:295., y:523., size:31., angle:2.4535778808593750e+002,
       response:3.8010943681001663e-003, octave:0 }
   - { x:268., y:519., size:31., angle:4.0638763427734375e+001,
       response:3.9412076584994793e-003, octave:0 }
   - { x:229., y:533., size:31., angle:5.7404048919677734e+001,
       response:4.2524114251136780e-003, octave:0 }
   - { x:275., y:523., size:31., angle:1.9206863403320312e+002,
       response:5.5362144485116005e-003, octave:0 }
   - { x:268., y:523., size:31., angle:2.0267163085937500e+002,
       response:5.4846690036356449e-003, octave:0 }
   - { x:173., y:523., size:31., angle:2.5276254272460937e+002,
       response:6.0055400244891644e-003, octave:0 }
   - { x:138., y:523., size:31., angle:3.2114584350585937e+002,
       response:7.1504334919154644e-003, octave:0 }
   - { x:313., y:522., size:31., angle:3.4346398925781250e+002,
       response:8.6115030571818352e-003, octave:0 }
   - { x:205., y:519., size:31., angle:7.6486991882324219e+001,
       response:3.7941362243145704e-003, octave:0 }
   - { x:300., y:522., size:31., angle:3.4326965332031250e+002,
       response:6.8851835094392300e-003, octave:0 }
   - { x:317., y:500., size:31., angle:4.4744480133056641e+001,
       response:3.8778320886194706e-003, octave:0 }
   - { x:209., y:521., size:31., angle:2.7365356445312500e+002,
       response:3.8595057558268309e-003, octave:0 }
   - { x:235., y:497., size:31., angle:1.4773801565170288e+000,
       response:3.8715235423296690e-003, octave:0 }
   - { x:218., y:522., size:31., angle:2.6532406616210937e+002,
       response:9.1153820976614952e-003, octave:0 }
   - { x:206., y:522., size:31., angle:2.7461083984375000e+002,
       response:6.0206488706171513e-003, octave:0 }
   - { x:187., y:522., size:31., angle:2.3214877319335937e+002,
       response:6.4987861551344395e-003, octave:0 }
   - { x:177., y:522., size:31., angle:2.6260510253906250e+002,
       response:5.2083102054893970e-003, octave:0 }
   - { x:160., y:522., size:31., angle:3.4292922973632812e+002,
       response:8.6915325373411179e-003, octave:0 }
   - { x:147., y:522., size:31., angle:2.8359811401367187e+002,
       response:7.3334858752787113e-003, octave:0 }
   - { x:145., y:525., size:31., angle:5.0704494476318359e+001,
       response:7.0247473195195198e-003, octave:0 }
   - { x:311., y:525., size:31., angle:1.9813552856445313e+001,
       response:6.7202253267168999e-003, octave:0 }
   - { x:147., y:519., size:31., angle:2.6923361206054687e+002,
       response:3.8608571048825979e-003, octave:0 }
   - { x:134., y:522., size:31., angle:3.1917291259765625e+002,
       response:7.5078923255205154e-003, octave:0 }
   - { x:129., y:526., size:31., angle:1.1751660919189453e+002,
       response:4.2603341862559319e-003, octave:0 }
   - { x:156., y:476., size:31., angle:2.6561639404296875e+002,
       response:3.7782811559736729e-003, octave:0 }
   - { x:175., y:505., size:31., angle:7.8946113586425781e+001,
       response:3.9454051293432713e-003, octave:0 }
   - { x:176., y:476., size:31., angle:2.6361151123046875e+002,
       response:3.6683923099189997e-003, octave:0 }
   - { x:185., y:476., size:31., angle:2.5326647949218750e+002,
       response:3.6639634054154158e-003, octave:0 }
   - { x:240., y:505., size:31., angle:8.3376533508300781e+001,
       response:4.3687471188604832e-003, octave:0 }
   - { x:213., y:476., size:31., angle:3.2737448120117187e+002,
       response:3.9078802801668644e-003, octave:0 }
   - { x:221., y:476., size:31., angle:2.7693353271484375e+002,
       response:3.7364731542766094e-003, octave:0 }
   - { x:230., y:476., size:31., angle:2.7735342407226562e+002,
       response:4.0976912714540958e-003, octave:0 }
   - { x:137., y:528., size:31., angle:8.7582939147949219e+001,
       response:4.0473053231835365e-003, octave:0 }
   - { x:282., y:476., size:31., angle:2.6830148315429687e+002,
       response:3.5765143111348152e-003, octave:0 }
   - { x:181., y:526., size:31., angle:1.0949192047119141e+002,
       response:4.8366878181695938e-003, octave:0 }
   - { x:191., y:526., size:31., angle:8.3779701232910156e+001,
       response:4.6415110118687153e-003, octave:0 }
   - { x:200., y:526., size:31., angle:9.8752983093261719e+001,
       response:3.9109261706471443e-003, octave:0 }
   - { x:218., y:526., size:31., angle:1.8575736999511719e+002,
       response:8.0191828310489655e-003, octave:0 }
   - { x:278., y:520., size:31., angle:2.5823135375976562e+002,
       response:4.2312997393310070e-003, octave:0 }
   - { x:295., y:526., size:31., angle:9.5563568115234375e+001,
       response:5.1103234291076660e-003, octave:0 }
   - { x:264., y:520., size:31., angle:1.6887965393066406e+002,
       response:3.7988526746630669e-003, octave:0 }
   - { x:186., y:519., size:31., angle:2.7754953002929687e+002,
       response:3.8952915929257870e-003, octave:0 }
   - { x:144., y:481., size:31., angle:4.8052520751953125e+001,
       response:4.0476955473423004e-003, octave:0 }
   - { x:222., y:520., size:31., angle:2.6882348632812500e+002,
       response:4.5759552158415318e-003, octave:0 }
   - { x:169., y:520., size:31., angle:2.1142074584960938e+001,
       response:4.4402293860912323e-003, octave:0 }
   - { x:271., y:477., size:31., angle:2.8879840087890625e+002,
       response:3.8446546532213688e-003, octave:0 }
   - { x:163., y:520., size:31., angle:1.0576234436035156e+002,
       response:4.1030086576938629e-003, octave:0 }
   - { x:276., y:519., size:31., angle:2.5492063903808594e+002,
       response:5.0005009397864342e-003, octave:0 }
   - { x:309., y:526., size:31., angle:4.9671077728271484e+001,
       response:4.3637342751026154e-003, octave:0 }
   - { x:173., y:519., size:31., angle:5.8661254882812500e+001,
       response:4.1003795340657234e-003, octave:0 }
   - { x:161., y:519., size:31., angle:1.2910058593750000e+002,
       response:4.5850914902985096e-003, octave:0 }
   - { x:218., y:519., size:31., angle:2.8164620971679687e+002,
       response:4.0495903231203556e-003, octave:0 }
   - { x:125., y:518., size:31., angle:1.3333775329589844e+002,
       response:7.7196201309561729e-003, octave:0 }
   - { x:120., y:518., size:31., angle:1.4508679199218750e+002,
       response:7.4009438976645470e-003, octave:0 }
   - { x:315., y:517., size:31., angle:7.8953084945678711e+000,
       response:4.5093926601111889e-003, octave:0 }
   - { x:242., y:507., size:31., angle:7.6936737060546875e+001,
       response:3.6422081757336855e-003, octave:0 }
   - { x:158., y:517., size:31., angle:1.6992875671386719e+002,
       response:3.9348262362182140e-003, octave:0 }
   - { x:134., y:519., size:31., angle:3.0570532226562500e+002,
       response:3.6030502524226904e-003, octave:0 }
   - { x:313., y:526., size:31., angle:3.1235780715942383e+001,
       response:6.9888862781226635e-003, octave:0 }
   - { x:144., y:488., size:31., angle:8.4603385925292969e+001,
       response:4.0014078840613365e-003, octave:0 }
   - { x:310., y:528., size:31., angle:5.8801681518554687e+001,
       response:4.1808392852544785e-003, octave:0 }
   - { x:219., y:531., size:31., angle:1.0058558654785156e+002,
       response:5.6335562840104103e-003, octave:0 }
   - { x:291., y:529., size:31., angle:9.5500762939453125e+001,
