%YAML:1.0
KeyPoints:
   - { x:212., y:580., size:31., angle:2.3061637878417969e+002,
       response:1.3397964648902416e-002, octave:0 }
   - { x:439., y:579., size:31., angle:2.5941668701171875e+002,
       response:1.2416109442710876e-002, octave:0 }
   - { x:419., y:579., size:31., angle:2.4795352172851562e+002,
       response:1.2225201353430748e-002, octave:0 }
   - { x:220., y:579., size:31., angle:2.5884027099609375e+002,
       response:1.0031010024249554e-002, octave:0 }
   - { x:308., y:571., size:31., angle:2.5896865844726562e+002,
       response:9.2354444786906242e-003, octave:0 }
   - { x:329., y:579., size:31., angle:3.2451339721679687e+002,
       response:1.1228011921048164e-002, octave:0 }
   - { x:166., y:579., size:31., angle:2.5778744506835937e+002,
       response:9.5715606585144997e-003, octave:0 }
   - { x:286., y:576., size:31., angle:2.7285000610351562e+002,
       response:1.0559597052633762e-002, octave:0 }
   - { x:239., y:591., size:31., angle:8.7026771545410156e+001,
       response:9.8723098635673523e-003, octave:0 }
   - { x:183., y:579., size:31., angle:2.9513623046875000e+002,
       response:9.7077284008264542e-003, octave:0 }
   - { x:314., y:576., size:31., angle:2.4140629577636719e+002,
       response:1.1574503965675831e-002, octave:0 }
   - { x:185., y:579., size:31., angle:2.9951715087890625e+002,
       response:9.5718996599316597e-003, octave:0 }
   - { x:399., y:578., size:31., angle:2.5942224121093750e+002,
       response:1.2213687412440777e-002, octave:0 }
   - { x:232., y:579., size:31., angle:2.6999951171875000e+002,
       response:9.9673634395003319e-003, octave:0 }
   - { x:269., y:587., size:31., angle:8.2609466552734375e+001,
       response:1.0375833138823509e-002, octave:0 }
   - { x:294., y:579., size:31., angle:2.5198486328125000e+002,
       response:1.0678365826606750e-002, octave:0 }
   - { x:143., y:594., size:31., angle:1.0761653900146484e+002,
       response:1.1848409660160542e-002, octave:0 }
   - { x:158., y:594., size:31., angle:1.1107125091552734e+002,
       response:1.4648099429905415e-002, octave:0 }
   - { x:170., y:594., size:31., angle:1.0302447509765625e+002,
       response:1.1306865140795708e-002, octave:0 }
   - { x:395., y:589., size:31., angle:9.6138450622558594e+001,
       response:1.2370049953460693e-002, octave:0 }
   - { x:375., y:575., size:31., angle:2.7662582397460937e+002,
       response:1.0078039020299911e-002, octave:0 }
   - { x:217., y:589., size:31., angle:1.1165306854248047e+002,
       response:1.5086826868355274e-002, octave:0 }
   - { x:252., y:594., size:31., angle:8.9976333618164062e+001,
       response:1.3004439882934093e-002, octave:0 }
   - { x:286., y:594., size:31., angle:8.2571914672851562e+001,
       response:1.4387797564268112e-002, octave:0 }
   - { x:454., y:587., size:31., angle:8.5622749328613281e+001,
       response:1.0552472434937954e-002, octave:0 }
   - { x:298., y:594., size:31., angle:9.9406036376953125e+001,
       response:1.1200209148228168e-002, octave:0 }
   - { x:322., y:594., size:31., angle:8.6589538574218750e+001,
       response:1.1432220228016376e-002, octave:0 }
   - { x:334., y:594., size:31., angle:5.4455387115478516e+001,
       response:9.3372417613863945e-003, octave:0 }
   - { x:208., y:591., size:31., angle:1.4449566650390625e+002,
       response:1.0274850763380527e-002, octave:0 }
   - { x:253., y:587., size:31., angle:1.1005055999755859e+002,
       response:9.6424072980880737e-003, octave:0 }
   - { x:229., y:587., size:31., angle:7.8848731994628906e+001,
       response:1.1981269344687462e-002, octave:0 }
   - { x:327., y:579., size:31., angle:3.0522738647460937e+002,
       response:9.8681086674332619e-003, octave:0 }
   - { x:181., y:587., size:31., angle:6.9291320800781250e+001,
       response:1.0971039533615112e-002, octave:0 }
   - { x:240., y:585., size:31., angle:8.6570129394531250e+000,
       response:1.2660643085837364e-002, octave:0 }
   - { x:464., y:584., size:31., angle:3.5731036376953125e+002,
       response:1.4037940651178360e-002, octave:0 }
   - { x:279., y:584., size:31., angle:3.5320150756835937e+002,
       response:1.4424852095544338e-002, octave:0 }
   - { x:325., y:574., size:31., angle:2.7930615234375000e+002,
       response:9.7885672003030777e-003, octave:0 }
   - { x:373., y:594., size:31., angle:9.3075172424316406e+001,
       response:1.1547121219336987e-002, octave:0 }
   - { x:158., y:567., size:31., angle:2.8312585449218750e+002,
       response:9.5147779211401939e-003, octave:0 }
   - { x:404., y:594., size:31., angle:7.3033515930175781e+001,
       response:1.1538004502654076e-002, octave:0 }
   - { x:191., y:584., size:31., angle:3.5529693603515625e+002,
       response:1.3216564431786537e-002, octave:0 }
   - { x:424., y:594., size:31., angle:8.6498954772949219e+001,
       response:1.1939145624637604e-002, octave:0 }
   - { x:472., y:594., size:31., angle:5.0902088165283203e+001,
       response:1.1277519166469574e-002, octave:0 }
   - { x:461., y:581., size:31., angle:2.6411178588867187e+002,
       response:1.0999089106917381e-002, octave:0 }
   - { x:455., y:581., size:31., angle:2.8467068481445312e+002,
       response:1.0196000337600708e-002, octave:0 }
   - { x:161., y:575., size:31., angle:2.6964685058593750e+002,
       response:1.4328517019748688e-002, octave:0 }
   - { x:275., y:581., size:31., angle:2.6368841552734375e+002,
       response:1.0571047663688660e-002, octave:0 }
   - { x:269., y:581., size:31., angle:2.6884448242187500e+002,
       response:1.1473837308585644e-002, octave:0 }
   - { x:236., y:581., size:31., angle:2.7858154296875000e+002,
       response:1.1741558089852333e-002, octave:0 }
   - { x:230., y:581., size:31., angle:2.7819326782226562e+002,
       response:1.1439481750130653e-002, octave:0 }
   - { x:187., y:581., size:31., angle:3.1549737548828125e+002,
       response:1.0769784450531006e-002, octave:0 }
   - { x:181., y:581., size:31., angle:2.8635604858398437e+002,
       response:1.0979686863720417e-002, octave:0 }
   - { x:400., y:580., size:31., angle:2.5734820556640625e+002,
       response:1.2571264989674091e-002, octave:0 }
   - { x:380., y:579., size:31., angle:2.9652316284179687e+002,
       response:1.1215446516871452e-002, octave:0 }
   - { x:392., y:579., size:31., angle:2.6069717407226562e+002,
       response:9.2916917055845261e-003, octave:0 }
   - { x:311., y:579., size:31., angle:2.5174291992187500e+002,
       response:9.2351427301764488e-003, octave:0 }
   - { x:366., y:591., size:31., angle:6.8844451904296875e+001,
       response:9.0150963515043259e-003, octave:0 }
   - { x:412., y:576., size:31., angle:2.7795123291015625e+002,
       response:7.1985507383942604e-003, octave:0 }
   - { x:363., y:241., size:31., angle:3.5624539184570312e+002,
       response:6.5108928829431534e-003, octave:0 }
   - { x:245., y:576., size:31., angle:2.7456445312500000e+002,
       response:7.6932674273848534e-003, octave:0 }
   - { x:139., y:571., size:31., angle:2.0493598937988281e+002,
       response:6.7582814954221249e-003, octave:0 }
   - { x:365., y:579., size:31., angle:2.4067085266113281e+002,
       response:7.8738555312156677e-003, octave:0 }
   - { x:311., y:574., size:31., angle:2.4962097167968750e+002,
       response:7.2671212255954742e-003, octave:0 }
   - { x:472., y:568., size:31., angle:3.1229898071289062e+002,
       response:8.9325858280062675e-003, octave:0 }
   - { x:322., y:568., size:31., angle:2.7911822509765625e+002,
       response:8.6877830326557159e-003, octave:0 }
   - { x:444., y:594., size:31., angle:1.0364458465576172e+002,
       response:9.0368418022990227e-003, octave:0 }
   - { x:431., y:594., size:31., angle:9.3586257934570312e+001,
       response:9.0031223371624947e-003, octave:0 }
   - { x:152., y:568., size:31., angle:2.8670147705078125e+002,
       response:5.8024157769978046e-003, octave:0 }
   - { x:412., y:594., size:31., angle:7.7078918457031250e+001,
