%YAML:1.0
KeyPoints:
   - { x:335., y:556., size:31., angle:2.7202911376953125e+002,
       response:9.6612703055143356e-003, octave:0 }
   - { x:452., y:570., size:31., angle:9.7397048950195312e+001,
       response:8.0555416643619537e-003, octave:0 }
   - { x:479., y:543., size:31., angle:7.9341011047363281e+001,
       response:1.1729784309864044e-002, octave:0 }
   - { x:428., y:570., size:31., angle:3.6600681304931641e+001,
       response:9.2758769169449806e-003, octave:0 }
   - { x:398., y:570., size:31., angle:6.8581199645996094e+001,
       response:8.1585384905338287e-003, octave:0 }
   - { x:160., y:531., size:31., angle:2.3872173309326172e+001,
       response:1.1014938354492188e-002, octave:0 }
   - { x:383., y:531., size:31., angle:1.7958590698242187e+002,
       response:8.7983142584562302e-003, octave:0 }
   - { x:251., y:544., size:31., angle:1.8327581787109375e+002,
       response:7.3719378560781479e-003, octave:0 }
   - { x:174., y:570., size:31., angle:1.3664518737792969e+002,
       response:9.1341938823461533e-003, octave:0 }
   - { x:382., y:569., size:31., angle:1.1799895477294922e+002,
       response:9.5747914165258408e-003, octave:0 }
   - { x:392., y:521., size:31., angle:2.8251165771484375e+002,
       response:1.2997614219784737e-002, octave:0 }
   - { x:266., y:544., size:31., angle:1.7671427917480469e+002,
       response:9.0892650187015533e-003, octave:0 }
   - { x:324., y:545., size:31., angle:1.0389583587646484e+002,
       response:7.6504466123878956e-003, octave:0 }
   - { x:409., y:532., size:31., angle:1.0501570892333984e+002,
       response:1.1829419992864132e-002, octave:0 }
   - { x:181., y:546., size:31., angle:1.6032911682128906e+002,
       response:1.0810042731463909e-002, octave:0 }
   - { x:241., y:569., size:31., angle:1.0804514312744141e+002,
       response:7.6179923489689827e-003, octave:0 }
   - { x:415., y:563., size:31., angle:9.1124191284179688e+001,
       response:8.2905348390340805e-003, octave:0 }
   - { x:359., y:568., size:31., angle:5.6548290252685547e+001,
       response:8.6099384352564812e-003, octave:0 }
   - { x:191., y:546., size:31., angle:3.4720553588867187e+002,
       response:1.4864555560052395e-002, octave:0 }
   - { x:411., y:512., size:31., angle:2.8666149902343750e+002,
       response:7.4669444002211094e-003, octave:0 }
   - { x:390., y:540., size:31., angle:8.9020751953125000e+001,
       response:8.1053040921688080e-003, octave:0 }
   - { x:220., y:520., size:31., angle:3.2335452270507813e+002,
       response:8.2529792562127113e-003, octave:0 }
   - { x:229., y:568., size:31., angle:7.9670944213867188e+001,
       response:7.6664593070745468e-003, octave:0 }
   - { x:211., y:520., size:31., angle:2.3078424072265625e+002,
       response:8.6359046399593353e-003, octave:0 }
   - { x:478., y:567., size:31., angle:9.4563201904296875e+001,
       response:9.4506964087486267e-003, octave:0 }
   - { x:385., y:567., size:31., angle:1.1152465820312500e+002,
       response:8.1392452120780945e-003, octave:0 }
   - { x:322., y:567., size:31., angle:8.3752975463867188e+001,
       response:8.8053168728947639e-003, octave:0 }
   - { x:172., y:567., size:31., angle:1.6539195251464844e+002,
       response:8.4850154817104340e-003, octave:0 }
   - { x:362., y:565., size:31., angle:5.4447452545166016e+001,
       response:9.0243611484766006e-003, octave:0 }
   - { x:142., y:520., size:31., angle:2.8419256591796875e+002,
       response:8.2690138369798660e-003, octave:0 }
   - { x:220., y:565., size:31., angle:3.7428562164306641e+001,
       response:9.0054050087928772e-003, octave:0 }
   - { x:211., y:565., size:31., angle:1.0048536682128906e+002,
       response:1.0038997046649456e-002, octave:0 }
   - { x:140., y:569., size:31., angle:1.3434263610839844e+002,
       response:7.8716613352298737e-003, octave:0 }
   - { x:289., y:563., size:31., angle:7.2855972290039063e+001,
       response:9.9435681477189064e-003, octave:0 }
   - { x:402., y:539., size:31., angle:4.9619583129882812e+001,
       response:1.0029032826423645e-002, octave:0 }
   - { x:479., y:546., size:31., angle:3.2091165161132812e+002,
       response:8.1632146611809731e-003, octave:0 }
   - { x:199., y:562., size:31., angle:4.0656604766845703e+001,
       response:1.0296012274920940e-002, octave:0 }
   - { x:286., y:537., size:31., angle:3.4697610473632812e+002,
       response:9.5166740939021111e-003, octave:0 }
   - { x:479., y:561., size:31., angle:7.1808586120605469e+001,
       response:8.3324443548917770e-003, octave:0 }
   - { x:360., y:519., size:31., angle:3.3869281005859375e+002,
       response:7.9871565103530884e-003, octave:0 }
   - { x:385., y:561., size:31., angle:1.3339297485351562e+002,
       response:7.4512655846774578e-003, octave:0 }
   - { x:374., y:549., size:31., angle:1.8347885131835937e+002,
       response:9.9282292649149895e-003, octave:0 }
   - { x:131., y:534., size:31., angle:9.9622182846069336e+000,
       response:8.8853184133768082e-003, octave:0 }
   - { x:265., y:560., size:31., angle:1.1837987518310547e+002,
       response:8.6785862222313881e-003, octave:0 }
   - { x:152., y:534., size:31., angle:1.7802219390869141e+001,
       response:8.8023021817207336e-003, octave:0 }
   - { x:148., y:550., size:31., angle:2.7275869750976562e+002,
       response:8.1952577456831932e-003, octave:0 }
   - { x:309., y:572., size:31., angle:9.0543365478515625e+001,
       response:1.0081798769533634e-002, octave:0 }
   - { x:322., y:539., size:31., angle:5.7833106994628906e+001,
       response:1.0768662206828594e-002, octave:0 }
   - { x:307., y:516., size:31., angle:2.5127723693847656e+002,
       response:9.7387908026576042e-003, octave:0 }
   - { x:191., y:528., size:31., angle:3.3102523803710937e+002,
       response:1.4412972144782543e-002, octave:0 }
   - { x:275., y:557., size:31., angle:1.1559835052490234e+002,
       response:8.4218783304095268e-003, octave:0 }
   - { x:394., y:552., size:31., angle:1.0766353607177734e+001,
       response:9.6218669787049294e-003, octave:0 }
   - { x:190., y:557., size:31., angle:7.4968467712402344e+001,
       response:9.1341063380241394e-003, octave:0 }
   - { x:323., y:516., size:31., angle:2.5969787597656250e+002,
       response:1.0436114855110645e-002, octave:0 }
   - { x:442., y:534., size:31., angle:1.7387846374511719e+002,
       response:1.5380937606096268e-002, octave:0 }
   - { x:317., y:556., size:31., angle:1.2384431457519531e+002,
       response:8.9990524575114250e-003, octave:0 }
   - { x:312., y:556., size:31., angle:1.4443943786621094e+002,
       response:7.5659826397895813e-003, octave:0 }
   - { x:479., y:555., size:31., angle:1.9154245376586914e+001,
       response:1.0162161663174629e-002, octave:0 }
   - { x:283., y:536., size:31., angle:2.7599198818206787e+000,
       response:1.0812076739966869e-002, octave:0 }
   - { x:391., y:517., size:31., angle:2.7891329956054687e+002,
       response:7.5653805397450924e-003, octave:0 }
   - { x:479., y:551., size:31., angle:3.5766574096679687e+002,
       response:8.5001699626445770e-003, octave:0 }
   - { x:282., y:552., size:31., angle:1.5231721496582031e+002,
       response:7.8264717012643814e-003, octave:0 }
   - { x:352., y:555., size:31., angle:3.4996136474609375e+002,
       response:1.0694563388824463e-002, octave:0 }
   - { x:399., y:536., size:31., angle:4.8220359802246094e+001,
       response:8.9789722114801407e-003, octave:0 }
   - { x:339., y:552., size:31., angle:2.2873063659667969e+002,
       response:1.0204152204096317e-002, octave:0 }
   - { x:385., y:536., size:31., angle:1.7876582336425781e+002,
       response:7.6871537603437901e-003, octave:0 }
   - { x:456., y:553., size:31., angle:1.1843038940429687e+002,
       response:1.4840344898402691e-002, octave:0 }
   - { x:456., y:543., size:31., angle:1.1699139404296875e+002,
       response:9.9774990230798721e-003, octave:0 }
   - { x:397., y:543., size:31., angle:5.5332942962646484e+001,
