%YAML:1.0
KeyPoints:
   - { x:268., y:264., size:31., angle:2.3573364257812500e+002,
       response:2.2239337340579368e-005, octave:0 }
   - { x:292., y:270., size:31., angle:3.1802368164062500e+002,
       response:1.8695021935855038e-005, octave:0 }
   - { x:105., y:334., size:31., angle:2.9555734252929687e+002,
       response:1.6024534488678910e-005, octave:0 }
   - { x:241., y:335., size:31., angle:3.0910873413085937e+002,
       response:1.9265646187704988e-005, octave:0 }
   - { x:142., y:341., size:31., angle:2.1117616271972656e+002,
       response:2.0702364054159261e-005, octave:0 }
   - { x:345., y:344., size:31., angle:2.1781515502929687e+002,
       response:2.0201625375193544e-005, octave:0 }
   - { x:450., y:344., size:31., angle:2.2620402526855469e+002,
       response:2.0667128410423175e-005, octave:0 }
   - { x:540., y:373., size:31., angle:2.9598215103149414e+001,
       response:1.3371871318668127e-005, octave:0 }
   - { x:539., y:389., size:31., angle:3.1688858032226562e+002,
       response:1.6483028957736678e-005, octave:0 }
   - { x:450., y:404., size:31., angle:1.3221049499511719e+002,
       response:4.4249663915252313e-005, octave:0 }
   - { x:449., y:422., size:31., angle:2.1056372070312500e+002,
       response:1.0815366294991691e-005, octave:0 }
   - { x:450., y:449., size:31., angle:1.3109344482421875e+002,
       response:4.3178541091037914e-005, octave:0 }
   - { x:234., y:450., size:31., angle:1.4955929565429687e+002,
       response:1.3762077287537977e-005, octave:0 }
   - { x:436., y:450., size:31., angle:3.0167926788330078e+001,
       response:2.0964420400559902e-005, octave:0 }
   - { x:539., y:450., size:31., angle:4.4609493255615234e+001,
       response:2.1151525288587436e-005, octave:0 }
   - { x:180., y:457., size:31., angle:1.1667426300048828e+002,
       response:2.5909936084644869e-005, octave:0 }
   - { x:182., y:457., size:31., angle:1.1545695495605469e+002,
       response:2.9768238164251670e-005, octave:0 }
   - { x:167., y:459., size:31., angle:4.0549339294433594e+001,
       response:4.3964144424535334e-005, octave:0 }
   - { x:345., y:475., size:31., angle:1.1892311859130859e+002,
       response:3.2031053706305102e-005, octave:0 }
   - { x:277., y:521., size:31., angle:2.8785754394531250e+002,
       response:-2.8112353902542964e-005, octave:0 }
   - { x:389., y:521., size:31., angle:2.5235948181152344e+002,
       response:1.7816141189541668e-004, octave:0 }
   - { x:393., y:521., size:31., angle:2.7953170776367187e+002,
       response:2.8742497670464218e-004, octave:0 }
   - { x:271., y:522., size:31., angle:2.4253097534179687e+002,
       response:3.9693859434919432e-005, octave:0 }
   - { x:360., y:522., size:31., angle:3.1477880859375000e+002,
       response:1.2767301814164966e-004, octave:0 }
   - { x:104., y:523., size:31., angle:2.4785198974609375e+002,
       response:4.3107481906190515e-004, octave:0 }
   - { x:282., y:523., size:31., angle:3.2727627563476562e+002,
       response:1.9099991186521947e-004, octave:0 }
   - { x:435., y:523., size:31., angle:2.2601132202148437e+002,
       response:5.0192652270197868e-004, octave:0 }
   - { x:501., y:523., size:31., angle:3.1246173095703125e+002,
       response:2.0510359900072217e-004, octave:0 }
   - { x:110., y:524., size:31., angle:2.8912783813476562e+002,
       response:5.5238720960915089e-004, octave:0 }
   - { x:183., y:524., size:31., angle:2.6892004394531250e+002,
       response:9.1503566363826394e-004, octave:0 }
   - { x:230., y:524., size:31., angle:2.4901525878906250e+002,
       response:5.2884820615872741e-004, octave:0 }
   - { x:236., y:524., size:31., angle:2.9176403808593750e+002,
       response:5.2049459191039205e-004, octave:0 }
   - { x:331., y:524., size:31., angle:1.9099325561523437e+002,
       response:3.5292905522510409e-004, octave:0 }
   - { x:456., y:524., size:31., angle:3.1047253417968750e+002,
       response:4.8227029037661850e-004, octave:0 }
   - { x:137., y:525., size:31., angle:1.9687915039062500e+002,
       response:8.1439909990876913e-004, octave:0 }
   - { x:158., y:525., size:31., angle:3.4473934936523437e+002,
       response:7.2670791996642947e-004, octave:0 }
   - { x:285., y:525., size:31., angle:3.4628927612304687e+002,
       response:3.2820267369970679e-004, octave:0 }
   - { x:436., y:525., size:31., angle:2.1769204711914062e+002,
       response:6.0109200421720743e-004, octave:0 }
   - { x:364., y:526., size:31., angle:3.4838723754882812e+002,
       response:3.0889094341546297e-004, octave:0 }
   - { x:331., y:527., size:31., angle:1.7089532470703125e+002,
       response:2.5095994351431727e-004, octave:0 }
   - { x:504., y:527., size:31., angle:3.4111593627929687e+002,
       response:1.8062542949337512e-004, octave:0 }
   - { x:267., y:528., size:31., angle:1.9933410644531250e+002,
       response:6.1112070397939533e-005, octave:0 }
   - { x:275., y:528., size:31., angle:2.7412350463867187e+002,
       response:7.8923832916188985e-005, octave:0 }
   - { x:277., y:528., size:31., angle:3.0361468505859375e+002,
       response:2.7930655051022768e-005, octave:0 }
   - { x:284., y:528., size:31., angle:3.4208483886718750e+002,
       response:4.6512600965797901e-004, octave:0 }
   - { x:355., y:528., size:31., angle:3.3719509887695312e+002,
       response:2.3108860477805138e-004, octave:0 }
   - { x:152., y:529., size:31., angle:3.5187322998046875e+002,
       response:2.6461356901563704e-004, octave:0 }
   - { x:348., y:529., size:31., angle:2.1265579223632812e+002,
       response:1.2542489275801927e-004, octave:0 }
   - { x:265., y:530., size:31., angle:1.8558883666992187e+002,
       response:3.2253301469609141e-005, octave:0 }
   - { x:272., y:531., size:31., angle:1.8769758605957031e+002,
       response:3.0773816979490221e-004, octave:0 }
   - { x:342., y:531., size:31., angle:1.7352717590332031e+002,
       response:1.7064677376765758e-004, octave:0 }
   - { x:395., y:531., size:31., angle:2.7747427368164062e+002,
       response:1.4541410200763494e-004, octave:0 }
   - { x:496., y:531., size:31., angle:3.2198831176757812e+002,
       response:3.4918691380880773e-004, octave:0 }
   - { x:459., y:532., size:31., angle:3.4656115722656250e+002,
       response:2.4189896066673100e-004, octave:0 }
   - { x:346., y:533., size:31., angle:1.3579080200195312e+002,
       response:3.0467365286312997e-004, octave:0 }
   - { x:350., y:533., size:31., angle:8.7550819396972656e+001,
       response:3.8209548802115023e-004, octave:0 }
   - { x:395., y:533., size:31., angle:2.7434915161132812e+002,
       response:1.7146246682386845e-004, octave:0 }
   - { x:233., y:535., size:31., angle:2.7079608154296875e+002,
       response:1.4166797336656600e-004, octave:0 }
   - { x:433., y:535., size:31., angle:1.4798130798339844e+002,
       response:6.9582142168655992e-004, octave:0 }
   - { x:460., y:535., size:31., angle:3.5625738525390625e+002,
       response:2.6599172269925475e-004, octave:0 }
   - { x:454., y:538., size:31., angle:3.1200313568115234e+001,
       response:4.9801223212853074e-004, octave:0 }
   - { x:352., y:540., size:31., angle:5.7486846923828125e+001,
       response:1.6589727601967752e-004, octave:0 }
   - { x:499., y:540., size:31., angle:1.1613963127136230e+001,
       response:2.3458189389202744e-004, octave:0 }
   - { x:349., y:541., size:31., angle:7.1289352416992187e+001,
       response:3.4348980989307165e-004, octave:0 }
   - { x:409., y:541., size:31., angle:9.4991636276245117e+000,
       response:3.7897014408372343e-004, octave:0 }
   - { x:396., y:542., size:31., angle:6.5400405883789063e+001,
       response:4.6745873987674713e-004, octave:0 }
   - { x:455., y:543., size:31., angle:3.5978935241699219e+001,
       response:-3.8144600694067776e-005, octave:0 }
   - { x:105., y:544., size:31., angle:1.6944560241699219e+002,
       response:3.0558544676750898e-004, octave:0 }
   - { x:230., y:544., size:31., angle:1.7237738037109375e+002,
