%YAML:1.0
KeyPoints:
   - { x:472., y:425., size:31., angle:2.7448748779296875e+002,
       response:4.0571307763457298e-003, octave:0 }
   - { x:280., y:296., size:31., angle:2.7472766113281250e+002,
       response:6.2279002740979195e-003, octave:0 }
   - { x:451., y:484., size:31., angle:7.6580238342285156e+001,
       response:3.1378618441522121e-003, octave:0 }
   - { x:275., y:296., size:31., angle:2.4234774780273438e+002,
       response:4.5714490115642548e-003, octave:0 }
   - { x:273., y:296., size:31., angle:1.7917085266113281e+002,
       response:3.1163173262029886e-003, octave:0 }
   - { x:288., y:228., size:31., angle:2.5961248779296875e+002,
       response:3.6644327919930220e-003, octave:0 }
   - { x:303., y:295., size:31., angle:2.1069517517089844e+002,
       response:2.1801844704896212e-003, octave:0 }
   - { x:272., y:229., size:31., angle:2.1645425415039062e+002,
       response:2.8440840542316437e-003, octave:0 }
   - { x:283., y:229., size:31., angle:2.4184782409667969e+002,
       response:5.7741035707294941e-003, octave:0 }
   - { x:275., y:293., size:31., angle:2.0901988983154297e+001,
       response:2.8233244083821774e-003, octave:0 }
   - { x:312., y:300., size:31., angle:3.4764877319335937e+002,
       response:7.0188934914767742e-003, octave:0 }
   - { x:326., y:310., size:31., angle:3.3743606567382812e+002,
       response:3.7156592588871717e-003, octave:0 }
   - { x:260., y:309., size:31., angle:1.9831634521484375e+002,
       response:3.4282524138689041e-003, octave:0 }
   - { x:454., y:459., size:31., angle:8.8711647033691406e+001,
       response:3.4357593394815922e-003, octave:0 }
   - { x:281., y:234., size:31., angle:2.2902554321289062e+002,
       response:8.3235735073685646e-003, octave:0 }
   - { x:302., y:285., size:31., angle:1.3976593017578125e+002,
       response:4.6318233944475651e-003, octave:0 }
   - { x:277., y:281., size:31., angle:5.5670608520507813e+001,
       response:4.1179261170327663e-003, octave:0 }
   - { x:413., y:465., size:31., angle:1.8940081787109375e+002,
       response:2.2042116615921259e-003, octave:0 }
   - { x:281., y:236., size:31., angle:2.2528424072265625e+002,
       response:4.8105819150805473e-003, octave:0 }
   - { x:418., y:433., size:31., angle:2.7219494628906250e+002,
       response:2.1653710864484310e-003, octave:0 }
   - { x:305., y:282., size:31., angle:1.3196862792968750e+002,
       response:4.3261107057332993e-003, octave:0 }
   - { x:307., y:239., size:31., angle:3.1973025512695312e+002,
       response:2.1606292575597763e-003, octave:0 }
   - { x:339., y:433., size:31., angle:2.4901174926757812e+002,
       response:2.7223443612456322e-003, octave:0 }
   - { x:492., y:484., size:31., angle:6.6154281616210938e+001,
       response:2.1557838190346956e-003, octave:0 }
   - { x:486., y:484., size:31., angle:9.4516212463378906e+001,
       response:3.4239939413964748e-003, octave:0 }
   - { x:472., y:484., size:31., angle:8.5707511901855469e+001,
       response:2.2042663767933846e-003, octave:0 }
   - { x:300., y:285., size:31., angle:1.3216784667968750e+002,
       response:4.0884567424654961e-003, octave:0 }
   - { x:284., y:285., size:31., angle:6.8676635742187500e+001,
       response:2.3133212234824896e-003, octave:0 }
   - { x:466., y:484., size:31., angle:1.0266378784179687e+002,
       response:2.1766701247543097e-003, octave:0 }
   - { x:415., y:435., size:31., angle:1.8970205688476562e+002,
       response:2.5727280881255865e-003, octave:0 }
   - { x:347., y:441., size:31., angle:1.5199473381042480e+001,
       response:3.1538766343146563e-003, octave:0 }
   - { x:328., y:465., size:31., angle:2.0767214965820313e+002,
       response:2.9831307474523783e-003, octave:0 }
   - { x:493., y:425., size:31., angle:2.9485028076171875e+002,
       response:3.1111747957766056e-003, octave:0 }
   - { x:485., y:425., size:31., angle:2.6438958740234375e+002,
       response:4.6598720364272594e-003, octave:0 }
   - { x:353., y:441., size:31., angle:4.7459716796875000e+001,
       response:2.3629593197256327e-003, octave:0 }
   - { x:466., y:425., size:31., angle:2.5729336547851562e+002,
       response:2.8840170707553625e-003, octave:0 }
   - { x:451., y:425., size:31., angle:2.8261856079101562e+002,
       response:5.1909303292632103e-003, octave:0 }
   - { x:431., y:441., size:31., angle:3.8498367309570313e+001,
       response:2.3495000787079334e-003, octave:0 }
   - { x:444., y:425., size:31., angle:2.5002761840820313e+002,
       response:3.6678118631243706e-003, octave:0 }
   - { x:425., y:442., size:31., angle:9.8942728042602539e+000,
       response:2.7327248826622963e-003, octave:0 }
   - { x:394., y:425., size:31., angle:2.8086141967773438e+002,
       response:4.3570054695010185e-003, octave:0 }
   - { x:387., y:425., size:31., angle:2.5796276855468750e+002,
       response:2.9015117324888706e-003, octave:0 }
   - { x:297., y:331., size:31., angle:2.4715034484863281e+002,
       response:2.2774983663111925e-003, octave:0 }
   - { x:373., y:425., size:31., angle:2.8289935302734375e+002,
       response:5.1414920017123222e-003, octave:0 }
   - { x:366., y:425., size:31., angle:2.4963272094726562e+002,
       response:4.4791889376938343e-003, octave:0 }
   - { x:406., y:465., size:31., angle:2.6487927246093750e+002,
       response:3.8236037362366915e-003, octave:0 }
   - { x:291., y:331., size:31., angle:1.8684648132324219e+002,
       response:2.9336528386920691e-003, octave:0 }
   - { x:454., y:447., size:31., angle:2.7133093261718750e+002,
       response:3.4280850086361170e-003, octave:0 }
   - { x:278., y:298., size:31., angle:2.4966351318359375e+002,
       response:6.5696462988853455e-003, octave:0 }
   - { x:337., y:435., size:31., angle:1.9001063537597656e+002,
       response:2.3984625004231930e-003, octave:0 }
   - { x:275., y:223., size:31., angle:2.2794024658203125e+002,
       response:2.1361880935728550e-003, octave:0 }
   - { x:463., y:459., size:31., angle:8.9536041259765625e+001,
       response:2.0150209311395884e-003, octave:0 }
   - { x:248., y:435., size:31., angle:3.7588966369628906e+001,
       response:1.3175276108086109e-003, octave:0 }
   - { x:288., y:326., size:31., angle:1.3036276245117187e+002,
       response:1.3283969601616263e-003, octave:0 }
   - { x:278., y:425., size:31., angle:2.7293899536132812e+002,
       response:1.3384652556851506e-003, octave:0 }
   - { x:285., y:323., size:31., angle:1.0816211700439453e+002,
       response:1.2881662696599960e-003, octave:0 }
   - { x:276., y:291., size:31., angle:3.4198150634765625e+001,
       response:1.3919891789555550e-003, octave:0 }
   - { x:262., y:477., size:31., angle:3.3298681640625000e+002,
       response:1.3069240376353264e-003, octave:0 }
   - { x:343., y:434., size:31., angle:2.5474200248718262e+000,
       response:1.8017201218754053e-003, octave:0 }
   - { x:103., y:476., size:31., angle:1.5231256103515625e+002,
       response:1.5451234066858888e-003, octave:0 }
   - { x:420., y:433., size:31., angle:3.3427099609375000e+002,
       response:2.1030483767390251e-003, octave:0 }
   - { x:416., y:475., size:31., angle:1.9358500671386719e+002,
       response:1.3200504472479224e-003, octave:0 }
   - { x:342., y:477., size:31., angle:7.2290908813476562e+001,
       response:1.5602635685354471e-003, octave:0 }
   - { x:215., y:433., size:31., angle:3.3802734375000000e+002,
       response:1.4146525645628572e-003, octave:0 }
   - { x:270., y:425., size:31., angle:2.7289190673828125e+002,
       response:1.4600034337490797e-003, octave:0 }
   - { x:262., y:425., size:31., angle:2.8715679931640625e+002,
       response:1.9558253698050976e-003, octave:0 }
   - { x:316., y:295., size:31., angle:1.0656795501708984e+001,
       response:1.6972220037132502e-003, octave:0 }
   - { x:262., y:432., size:31., angle:9.2185462951660156e+001,
       response:1.2907922500744462e-003, octave:0 }
   - { x:423., y:435., size:31., angle:1.4843929290771484e+001,
