%YAML:1.0
KeyPoints:
   - { x:89., y:303., size:31., angle:2.2407135009765625e+002,
       response:1.1389369610697031e-003, octave:0 }
   - { x:209., y:303., size:31., angle:3.1481304931640625e+002,
       response:1.2603115756064653e-003, octave:0 }
   - { x:237., y:303., size:31., angle:2.2052275085449219e+002,
       response:9.4664737116545439e-004, octave:0 }
   - { x:358., y:303., size:31., angle:3.1774105834960937e+002,
       response:9.4323349185287952e-004, octave:0 }
   - { x:386., y:303., size:31., angle:2.2469950866699219e+002,
       response:1.2773337075486779e-003, octave:0 }
   - { x:506., y:303., size:31., angle:3.1701718139648438e+002,
       response:1.1554070515558124e-003, octave:0 }
   - { x:160., y:421., size:31., angle:1.3046826171875000e+002,
       response:1.6378511209040880e-003, octave:0 }
   - { x:372., y:470., size:31., angle:2.8275180053710938e+002,
       response:1.2862517032772303e-003, octave:0 }
   - { x:93., y:389., size:31., angle:1.1060835266113281e+002,
       response:9.3754281988367438e-004, octave:0 }
   - { x:93., y:308., size:31., angle:2.1613363647460937e+002,
       response:1.4793634181842208e-003, octave:0 }
   - { x:95., y:308., size:31., angle:2.3220150756835937e+002,
       response:1.7018929356709123e-003, octave:0 }
   - { x:122., y:308., size:31., angle:1.8550849914550781e+002,
       response:1.0258071124553680e-003, octave:0 }
   - { x:129., y:308., size:31., angle:1.6700305938720703e+001,
       response:9.4994908431544900e-004, octave:0 }
   - { x:155., y:308., size:31., angle:1.8373233032226562e+002,
       response:9.4293878646567464e-004, octave:0 }
   - { x:299., y:470., size:31., angle:2.9490026855468750e+002,
       response:1.4767283573746681e-003, octave:0 }
   - { x:232., y:470., size:31., angle:3.2120452880859375e+002,
       response:9.4332429580390453e-004, octave:0 }
   - { x:205., y:308., size:31., angle:3.2212982177734375e+002,
       response:1.4129767660051584e-003, octave:0 }
   - { x:242., y:308., size:31., angle:1.9387638854980469e+002,
       response:1.2135909637436271e-003, octave:0 }
   - { x:294., y:308., size:31., angle:1.6289901733398438e+002,
       response:9.6427672542631626e-004, octave:0 }
   - { x:301., y:308., size:31., angle:2.0254838943481445e+001,
       response:9.6504611428827047e-004, octave:0 }
   - { x:353., y:308., size:31., angle:3.3345471191406250e+002,
       response:1.2146962108090520e-003, octave:0 }
   - { x:390., y:308., size:31., angle:2.3925915527343750e+002,
       response:9.6480536740273237e-004, octave:0 }
   - { x:428., y:308., size:31., angle:3.0680178833007812e+002,
       response:1.0709757916629314e-003, octave:0 }
   - { x:435., y:308., size:31., angle:2.0027908325195312e+002,
       response:1.0616180952638388e-003, octave:0 }
   - { x:442., y:308., size:31., angle:3.4740197753906250e+002,
       response:1.5387866878882051e-003, octave:0 }
   - { x:450., y:308., size:31., angle:1.9506980895996094e+002,
       response:1.0311519727110863e-003, octave:0 }
   - { x:457., y:308., size:31., angle:3.3252218627929687e+002,
       response:1.0903143556788564e-003, octave:0 }
   - { x:264., y:339., size:31., angle:2.3291813659667969e+002,
       response:1.0044632945209742e-003, octave:0 }
   - { x:502., y:308., size:31., angle:3.0334906005859375e+002,
       response:9.5661712111905217e-004, octave:0 }
   - { x:450., y:422., size:31., angle:3.2792401123046875e+002,
       response:1.0072353761643171e-003, octave:0 }
   - { x:264., y:391., size:31., angle:2.3026293945312500e+002,
       response:1.2979647144675255e-003, octave:0 }
   - { x:221., y:487., size:31., angle:1.0021566009521484e+002,
       response:1.3186640571802855e-003, octave:0 }
   - { x:140., y:470., size:31., angle:2.0487615966796875e+002,
       response:1.1583067243918777e-003, octave:0 }
   - { x:271., y:391., size:31., angle:3.0492074584960937e+002,
       response:1.1894302442669868e-003, octave:0 }
   - { x:151., y:482., size:31., angle:6.6477424621582031e+001,
       response:1.0168084409087896e-003, octave:0 }
   - { x:390., y:316., size:31., angle:1.4640298461914062e+002,
       response:9.6709077479317784e-004, octave:0 }
   - { x:219., y:487., size:31., angle:1.1722038269042969e+002,
       response:1.2758126249536872e-003, octave:0 }
   - { x:217., y:487., size:31., angle:1.2823460388183594e+002,
       response:1.1513952631503344e-003, octave:0 }
   - { x:441., y:486., size:31., angle:1.2965509033203125e+002,
       response:1.3977834023535252e-003, octave:0 }
   - { x:146., y:467., size:31., angle:2.4698629760742187e+002,
       response:1.3397223083302379e-003, octave:0 }
   - { x:139., y:467., size:31., angle:2.1630624389648437e+002,
       response:1.3906363165006042e-003, octave:0 }
   - { x:450., y:466., size:31., angle:3.0306170654296875e+002,
       response:1.1415167246013880e-003, octave:0 }
   - { x:381., y:466., size:31., angle:3.3328424072265625e+002,
       response:1.1666781501844525e-003, octave:0 }
   - { x:293., y:486., size:31., angle:1.1848629760742187e+002,
       response:1.2667423579841852e-003, octave:0 }
   - { x:223., y:486., size:31., angle:8.1332267761230469e+001,
       response:1.0332500096410513e-003, octave:0 }
   - { x:215., y:486., size:31., angle:1.4034942626953125e+002,
       response:9.7514799563214183e-004, octave:0 }
   - { x:379., y:485., size:31., angle:3.7084636688232422e+001,
       response:1.3431697152554989e-003, octave:0 }
   - { x:294., y:466., size:31., angle:2.4996621704101562e+002,
       response:1.2541676405817270e-003, octave:0 }
   - { x:377., y:465., size:31., angle:3.0706427001953125e+002,
       response:1.3910559937357903e-003, octave:0 }
   - { x:232., y:484., size:31., angle:3.2449897766113281e+001,
       response:1.1837687343358994e-003, octave:0 }
   - { x:443., y:333., size:31., angle:2.1865048217773437e+002,
       response:9.7420136444270611e-004, octave:0 }
   - { x:219., y:484., size:31., angle:1.3106494140625000e+002,
       response:2.9902630485594273e-003, octave:0 }
   - { x:242., y:337., size:31., angle:1.4206491088867187e+002,
       response:1.0016252053901553e-003, octave:0 }
   - { x:368., y:465., size:31., angle:2.3945185852050781e+002,
       response:1.2019674759358168e-003, octave:0 }
   - { x:214., y:484., size:31., angle:1.5488044738769531e+002,
       response:1.1993603548035026e-003, octave:0 }
   - { x:368., y:483., size:31., angle:1.1685582733154297e+002,
       response:1.0049394331872463e-003, octave:0 }
   - { x:292., y:465., size:31., angle:2.4109094238281250e+002,
       response:1.5842154389247298e-003, octave:0 }
   - { x:226., y:483., size:31., angle:5.4826519012451172e+001,
       response:1.3310228241607547e-003, octave:0 }
   - { x:223., y:465., size:31., angle:2.6088766479492187e+002,
       response:1.3042091159150004e-003, octave:0 }
   - { x:217., y:482., size:31., angle:1.5668582153320312e+002,
       response:2.8255316428840160e-003, octave:0 }
   - { x:214., y:482., size:31., angle:1.6667578125000000e+002,
       response:1.0000654729083180e-003, octave:0 }
   - { x:152., y:465., size:31., angle:2.9386453247070312e+002,
       response:1.2181607307866216e-003, octave:0 }
   - { x:441., y:464., size:31., angle:2.3171578979492187e+002,
       response:1.5236587496474385e-003, octave:0 }
   - { x:380., y:463., size:31., angle:3.1346261596679688e+002,
       response:1.0267802281305194e-003, octave:0 }
   - { x:366., y:481., size:31., angle:1.4680541992187500e+002,
       response:2.0939877722412348e-003, octave:0 }
   - { x:220., y:481., size:31., angle:1.3996922302246094e+002,
       response:2.1072293166071177e-003, octave:0 }
   - { x:214., y:480., size:31., angle:1.7750860595703125e+002,
       response:1.1677481234073639e-003, octave:0 }
   - { x:506., y:435., size:31., angle:4.2847332000732422e+001,
       response:1.1415482731536031e-003, octave:0 }
   - { x:291., y:479., size:31., angle:1.4962156677246094e+002,
