%YAML:1.0
KeyPoints:
   - { x:1692., y:1059., size:31., angle:2.6744604492187500e+002,
       response:2.7939103543758392e-002, octave:0 }
   - { x:1804., y:416., size:31., angle:2.2873617553710937e+002,
       response:2.7832442894577980e-002, octave:0 }
   - { x:1710., y:383., size:31., angle:1.0887411499023437e+002,
       response:2.7799280360341072e-002, octave:0 }
   - { x:1906., y:272., size:31., angle:2.2598992919921875e+002,
       response:2.7752265334129333e-002, octave:0 }
   - { x:1739., y:198., size:31., angle:2.4782444763183594e+002,
       response:2.7833152562379837e-002, octave:0 }
   - { x:1347., y:1063., size:31., angle:1.8491151428222656e+002,
       response:2.7835628017783165e-002, octave:0 }
   - { x:1415., y:1064., size:31., angle:3.5135702514648437e+002,
       response:2.7813747525215149e-002, octave:0 }
   - { x:1739., y:439., size:31., angle:3.5818032836914063e+002,
       response:2.7798518538475037e-002, octave:0 }
   - { x:1713., y:292., size:31., angle:1.1638376617431641e+002,
       response:2.7808435261249542e-002, octave:0 }
   - { x:1924., y:290., size:31., angle:7.8901702880859375e+001,
       response:2.7814351022243500e-002, octave:0 }
   - { x:1924., y:453., size:31., angle:1.1925760650634766e+002,
       response:2.7813671156764030e-002, octave:0 }
   - { x:1932., y:327., size:31., angle:4.5567207336425781e+001,
       response:2.7830390259623528e-002, octave:0 }
   - { x:1932., y:305., size:31., angle:3.1441168212890625e+002,
       response:2.7808435261249542e-002, octave:0 }
   - { x:1682., y:305., size:31., angle:1.6569775390625000e+002,
       response:2.7822010219097137e-002, octave:0 }
   - { x:1683., y:351., size:31., angle:2.3528005981445312e+002,
       response:2.7786131948232651e-002, octave:0 }
   - { x:1824., y:451., size:31., angle:1.4957331848144531e+002,
       response:2.7830390259623528e-002, octave:0 }
   - { x:1903., y:450., size:31., angle:1.5232135772705078e+001,
       response:2.7829702943563461e-002, octave:0 }
   - { x:1912., y:292., size:31., angle:7.6872772216796875e+001,
       response:2.7823634445667267e-002, octave:0 }
   - { x:1760., y:210., size:31., angle:1.8856124877929687e+002,
       response:2.7775399386882782e-002, octave:0 }
   - { x:1782., y:228., size:31., angle:9.2048774719238281e+001,
       response:2.7833152562379837e-002, octave:0 }
   - { x:1926., y:303., size:31., angle:2.6643179321289062e+002,
       response:2.7812547981739044e-002, octave:0 }
   - { x:1739., y:240., size:31., angle:2.6314163208007813e+002,
       response:2.7830390259623528e-002, octave:0 }
   - { x:1671., y:1126., size:31., angle:1.0595487213134766e+002,
       response:2.8927860781550407e-002, octave:0 }
   - { x:1684., y:211., size:31., angle:2.2501269531250000e+002,
       response:2.9498079791665077e-002, octave:0 }
   - { x:1739., y:402., size:31., angle:1.0632967376708984e+002,
       response:2.7788516134023666e-002, octave:0 }
   - { x:1868., y:439., size:31., angle:4.6673835754394531e+001,
       response:2.7830390259623528e-002, octave:0 }
   - { x:1689., y:1103., size:31., angle:1.0728314971923828e+002,
       response:2.7570031583309174e-002, octave:0 }
   - { x:1782., y:451., size:31., angle:4.2472591400146484e+001,
       response:2.7833152562379837e-002, octave:0 }
   - { x:1812., y:439., size:31., angle:7.0789276123046875e+001,
       response:2.7830390259623528e-002, octave:0 }
   - { x:1915., y:439., size:31., angle:1.5384524536132812e+002,
       response:2.7830390259623528e-002, octave:0 }
   - { x:1598., y:1127., size:31., angle:1.1047418212890625e+002,
       response:2.8127105906605721e-002, octave:0 }
   - { x:1932., y:439., size:31., angle:2.6535829544067383e+001,
       response:2.7830390259623528e-002, octave:0 }
   - { x:1752., y:1128., size:31., angle:1.0852547454833984e+002,
       response:3.3108688890933990e-002, octave:0 }
   - { x:1912., y:237., size:31., angle:3.3182720184326172e+001,
       response:2.7798518538475037e-002, octave:0 }
   - { x:1808., y:1115., size:31., angle:1.8056747436523438e+001,
       response:2.8655968606472015e-002, octave:0 }
   - { x:1736., y:266., size:31., angle:3.1101138305664062e+002,
       response:2.7764569967985153e-002, octave:0 }
   - { x:1748., y:416., size:31., angle:2.0134465026855469e+002,
       response:2.7832426130771637e-002, octave:0 }
   - { x:1765., y:1067., size:31., angle:1.0658461761474609e+002,
       response:2.9731016606092453e-002, octave:0 }
   - { x:1877., y:295., size:31., angle:3.5698037719726562e+002,
       response:2.7798518538475037e-002, octave:0 }
   - { x:1798., y:1067., size:31., angle:8.0083496093750000e+001,
       response:3.5133957862854004e-002, octave:0 }
   - { x:1768., y:1067., size:31., angle:7.7864990234375000e+001,
       response:3.5118881613016129e-002, octave:0 }
   - { x:1912., y:266., size:31., angle:1.7520970153808594e+002,
       response:2.7779776602983475e-002, octave:0 }
   - { x:1709., y:1095., size:31., angle:3.3691995239257812e+002,
       response:2.8165305033326149e-002, octave:0 }
   - { x:1683., y:439., size:31., angle:1.2318350219726562e+002,
       response:2.7830390259623528e-002, octave:0 }
   - { x:1758., y:1089., size:31., angle:6.6511215209960938e+001,
       response:2.6841972023248672e-002, octave:0 }
   - { x:1306., y:2465., size:31., angle:1.3247650146484375e+002,
       response:2.3447599261999130e-002, octave:0 }
   - { x:1714., y:1096., size:31., angle:2.1025555419921875e+002,
       response:2.2398082539439201e-002, octave:0 }
   - { x:1784., y:452., size:31., angle:4.6500133514404297e+001,
       response:2.2960573434829712e-002, octave:0 }
   - { x:1907., y:274., size:31., angle:2.3148062133789062e+002,
       response:2.2875918075442314e-002, octave:0 }
   - { x:1805., y:404., size:31., angle:1.4111514282226562e+002,
       response:2.2946784272789955e-002, octave:0 }
   - { x:1689., y:1106., size:31., angle:9.1560813903808594e+001,
       response:2.1887479349970818e-002, octave:0 }
   - { x:1768., y:405., size:31., angle:2.6138504028320312e+001,
       response:2.2936139255762100e-002, octave:0 }
   - { x:1687., y:1125., size:31., angle:9.8158920288085938e+001,
       response:2.2801550105214119e-002, octave:0 }
   - { x:1925., y:451., size:31., angle:1.0228404235839844e+002,
       response:2.2946791723370552e-002, octave:0 }
   - { x:1924., y:304., size:31., angle:2.5882446289062500e+002,
       response:2.2932194173336029e-002, octave:0 }
   - { x:1782., y:1098., size:31., angle:9.7120147705078125e+001,
       response:2.2772137075662613e-002, octave:0 }
   - { x:1869., y:319., size:31., angle:1.5726596069335937e+002,
       response:2.2933738306164742e-002, octave:0 }
   - { x:1693., y:304., size:31., angle:2.9826614379882812e+002,
       response:2.2928856313228607e-002, octave:0 }
   - { x:1784., y:227., size:31., angle:8.1980178833007813e+001,
       response:2.2960573434829712e-002, octave:0 }
   - { x:1364., y:1104., size:31., angle:7.3390930175781250e+001,
       response:2.6636246591806412e-002, octave:0 }
   - { x:1414., y:1127., size:31., angle:6.9305374145507813e+001,
       response:2.2615721449255943e-002, octave:0 }
   - { x:1858., y:230., size:31., angle:2.8456237792968750e+002,
       response:2.2948382422327995e-002, octave:0 }
   - { x:1681., y:303., size:31., angle:1.1102108764648437e+002,
       response:2.2951683029532433e-002, octave:0 }
   - { x:1839., y:450., size:31., angle:5.0320022583007813e+001,
       response:2.2936131805181503e-002, octave:0 }
   - { x:1916., y:405., size:31., angle:2.0832435607910156e+002,
       response:2.2962970659136772e-002, octave:0 }
   - { x:1682., y:331., size:31., angle:2.8871466064453125e+002,
       response:2.2888856008648872e-002, octave:0 }
   - { x:1810., y:1127., size:31., angle:7.4556594848632813e+001,
       response:2.2324323654174805e-002, octave:0 }
   - { x:1400., y:1103., size:31., angle:1.1085707855224609e+002,
       response:2.3149335756897926e-002, octave:0 }
