%YAML:1.0
KeyPoints:
   - { x:1832., y:192., size:31., angle:2.9710113525390625e+002,
       response:2.8117557987570763e-002, octave:0 }
   - { x:1711., y:365., size:31., angle:1.8461730957031250e+002,
       response:2.8048342093825340e-002, octave:0 }
   - { x:1742., y:439., size:31., angle:3.5524642944335937e+002,
       response:2.6972271502017975e-002, octave:0 }
   - { x:1686., y:266., size:31., angle:3.1289904785156250e+002,
       response:2.6005050167441368e-002, octave:0 }
   - { x:1862., y:386., size:31., angle:6.1711894989013672e+001,
       response:2.7643999084830284e-002, octave:0 }
   - { x:1785., y:439., size:31., angle:1.1862316131591797e+001,
       response:2.7747569605708122e-002, octave:0 }
   - { x:1813., y:337., size:31., angle:2.0518664550781250e+002,
       response:2.7294231578707695e-002, octave:0 }
   - { x:1816., y:365., size:31., angle:3.4729861450195312e+002,
       response:2.8048342093825340e-002, octave:0 }
   - { x:1850., y:253., size:31., angle:2.6811325073242187e+002,
       response:2.6867713779211044e-002, octave:0 }
   - { x:1600., y:1107., size:31., angle:1.8195420837402344e+002,
       response:2.6919024065136909e-002, octave:0 }
   - { x:1798., y:442., size:31., angle:1.5976263427734375e+002,
       response:2.6004692539572716e-002, octave:0 }
   - { x:1890., y:457., size:31., angle:1.0033699035644531e+002,
       response:2.7704609557986259e-002, octave:0 }
   - { x:1841., y:442., size:31., angle:4.2271026611328125e+001,
       response:2.6497490704059601e-002, octave:0 }
   - { x:1759., y:215., size:31., angle:2.6994219970703125e+002,
       response:2.7701532468199730e-002, octave:0 }
   - { x:1767., y:457., size:31., angle:1.0322731781005859e+002,
       response:2.7557617053389549e-002, octave:0 }
   - { x:1711., y:414., size:31., angle:3.2714852905273437e+002,
       response:2.7932783588767052e-002, octave:0 }
   - { x:1799., y:1083., size:31., angle:3.0135931396484375e+002,
       response:3.7001777440309525e-002, octave:0 }
   - { x:1887., y:312., size:31., angle:3.3478079223632812e+002,
       response:2.8116079047322273e-002, octave:0 }
   - { x:1841., y:210., size:31., angle:3.1275650024414062e+002,
       response:2.7704609557986259e-002, octave:0 }
   - { x:1935., y:452., size:31., angle:2.9369703292846680e+001,
       response:2.7739074081182480e-002, octave:0 }
   - { x:287., y:2169., size:31., angle:2.8002404785156250e+002,
       response:2.7109347283840179e-002, octave:0 }
   - { x:1742., y:210., size:31., angle:1.8790363311767578e+001,
       response:2.7786150574684143e-002, octave:0 }
   - { x:1824., y:452., size:31., angle:1.5525535583496094e+002,
       response:2.7738817036151886e-002, octave:0 }
   - { x:1807., y:207., size:31., angle:7.6675331115722656e+001,
       response:2.7200698852539063e-002, octave:0 }
   - { x:1872., y:368., size:31., angle:2.4938870239257812e+002,
       response:2.8115730732679367e-002, octave:0 }
   - { x:1674., y:346., size:31., angle:1.9994216918945312e+002,
       response:2.7168648317456245e-002, octave:0 }
   - { x:1887., y:368., size:31., angle:2.9663192749023437e+002,
       response:2.7683937922120094e-002, octave:0 }
   - { x:1752., y:376., size:31., angle:2.5105699539184570e+001,
       response:2.7701532468199730e-002, octave:0 }
   - { x:1730., y:365., size:31., angle:7.8675918579101563e+000,
       response:2.7462532743811607e-002, octave:0 }
   - { x:1853., y:266., size:31., angle:3.5318057250976563e+002,
       response:2.7003986760973930e-002, octave:0 }
   - { x:1742., y:253., size:31., angle:8.7025848388671875e+001,
       response:2.7795923873782158e-002, octave:0 }
   - { x:1767., y:330., size:31., angle:1.9897103881835937e+002,
       response:2.8048342093825340e-002, octave:0 }
   - { x:1872., y:192., size:31., angle:2.2608653259277344e+002,
       response:2.8129141777753830e-002, octave:0 }
   - { x:280., y:2170., size:31., angle:2.5906549072265625e+002,
       response:2.6800699532032013e-002, octave:0 }
   - { x:1813., y:207., size:31., angle:1.0776345825195312e+002,
       response:2.8256978839635849e-002, octave:0 }
   - { x:1859., y:275., size:31., angle:3.1880654907226563e+002,
       response:2.7121497318148613e-002, octave:0 }
   - { x:1872., y:275., size:31., angle:2.2725712585449219e+002,
       response:2.7843013405799866e-002, octave:0 }
   - { x:1711., y:439., size:31., angle:3.2710651397705078e+001,
       response:2.8132202103734016e-002, octave:0 }
   - { x:1816., y:309., size:31., angle:3.1044500732421875e+002,
       response:2.8048342093825340e-002, octave:0 }
   - { x:1887., y:281., size:31., angle:4.8113437652587891e+001,
       response:2.7683541178703308e-002, octave:0 }
   - { x:286., y:2171., size:31., angle:2.8147378540039062e+002,
       response:2.6821667328476906e-002, octave:0 }
   - { x:266., y:2206., size:31., angle:2.0441459655761719e+002,
       response:2.6025423780083656e-002, octave:0 }
   - { x:1909., y:272., size:31., angle:2.3003186035156250e+002,
       response:2.6921002194285393e-002, octave:0 }
   - { x:1813., y:192., size:31., angle:2.9448669433593750e+002,
       response:2.8242878615856171e-002, octave:0 }
   - { x:1899., y:395., size:31., angle:6.7972579956054687e+001,
       response:2.7385134249925613e-002, octave:0 }
   - { x:1711., y:383., size:31., angle:1.1437094116210937e+002,
       response:2.8552068397402763e-002, octave:0 }
   - { x:1779., y:383., size:31., angle:1.5087478637695312e+002,
       response:2.7270497754216194e-002, octave:0 }
   - { x:1742., y:192., size:31., angle:2.3342774963378906e+002,
       response:2.7131073176860809e-002, octave:0 }
   - { x:1813., y:238., size:31., angle:1.3590229797363281e+002,
       response:2.7643999084830284e-002, octave:0 }
   - { x:1869., y:439., size:31., angle:4.2785469055175781e+001,
       response:2.8238492086529732e-002, octave:0 }
   - { x:1872., y:253., size:31., angle:1.1239156341552734e+002,
       response:2.8238492086529732e-002, octave:0 }
   - { x:1711., y:210., size:31., angle:3.2694329833984375e+002,
       response:2.8238492086529732e-002, octave:0 }
   - { x:1730., y:253., size:31., angle:4.8512149810791016e+001,
       response:2.7706500142812729e-002, octave:0 }
   - { x:1742., y:238., size:31., angle:2.5637826538085937e+002,
       response:2.6964634656906128e-002, octave:0 }
   - { x:287., y:2206., size:31., angle:3.1432312011718750e+002,
       response:2.6451364159584045e-002, octave:0 }
   - { x:1742., y:432., size:31., angle:7.9412231445312500e+001,
       response:2.7136489748954773e-002, octave:0 }
   - { x:1711., y:330., size:31., angle:3.1260079956054687e+002,
       response:2.7755444869399071e-002, octave:0 }
   - { x:1879., y:424., size:31., angle:1.0562129211425781e+002,
       response:2.7701532468199730e-002, octave:0 }
   - { x:1906., y:405., size:31., angle:1.4772816658020020e+001,
       response:2.5954352691769600e-002, octave:0 }
   - { x:1890., y:327., size:31., angle:3.2032632446289062e+002,
       response:2.8048342093825340e-002, octave:0 }
   - { x:1693., y:383., size:31., angle:3.3711288452148438e+001,
       response:2.7755444869399071e-002, octave:0 }
   - { x:1934., y:340., size:31., angle:3.1309655761718750e+002,
       response:2.8702609241008759e-002, octave:0 }
   - { x:1887., y:386., size:31., angle:1.3822851562500000e+002,
       response:2.7741717174649239e-002, octave:0 }
   - { x:1816., y:253., size:31., angle:8.3864624023437500e+001,
       response:2.8262805193662643e-002, octave:0 }
   - { x:1813., y:349., size:31., angle:1.6137304687500000e+002,
       response:2.7279907837510109e-002, octave:0 }
   - { x:1799., y:1081., size:31., angle:2.7631011962890625e+002,
       response:2.7840528637170792e-002, octave:0 }
   - { x:1872., y:423., size:31., angle:2.2924230575561523e+001,
       response:2.8092717751860619e-002, octave:0 }
   - { x:1677., y:290., size:31., angle:9.8967559814453125e+001,
       response:2.6040464639663696e-002, octave:0 }
