%YAML:1.0
KeyPoints:
   - { x:1527., y:158., size:31., angle:5.1562496185302734e+001,
       response:1.2164719402790070e-002, octave:0 }
   - { x:1705., y:158., size:31., angle:1.3500955200195312e+002,
       response:1.0862203314900398e-002, octave:0 }
   - { x:383., y:1826., size:31., angle:5.8464981079101563e+001,
       response:5.1959231495857239e-003, octave:0 }
   - { x:1723., y:1233., size:31., angle:2.6620507812500000e+002,
       response:1.0931048309430480e-003, octave:0 }
   - { x:1705., y:220., size:31., angle:2.2353741455078125e+002,
       response:1.2372368015348911e-002, octave:0 }
   - { x:1578., y:222., size:31., angle:2.2928974914550781e+002,
       response:1.0269591584801674e-002, octave:0 }
   - { x:1568., y:279., size:31., angle:1.3103060913085937e+002,
       response:1.1451345868408680e-002, octave:0 }
   - { x:1319., y:884., size:31., angle:3.2115014648437500e+002,
       response:2.2949930280447006e-003, octave:0 }
   - { x:1328., y:1559., size:31., angle:1.1121884155273437e+002,
       response:8.5123162716627121e-004, octave:0 }
   - { x:1546., y:349., size:31., angle:2.5203944396972656e+002,
       response:5.9737018309533596e-003, octave:0 }
   - { x:932., y:1225., size:31., angle:2.9351092529296875e+002,
       response:7.0502422749996185e-004, octave:0 }
   - { x:1550., y:410., size:31., angle:1.2639408874511719e+002,
       response:1.2957335449755192e-002, octave:0 }
   - { x:1151., y:885., size:31., angle:7.5368285179138184e-001,
       response:2.7469424530863762e-003, octave:0 }
   - { x:1721., y:1129., size:31., angle:2.4443362426757813e+002,
       response:1.6489273402839899e-003, octave:0 }
   - { x:1304., y:878., size:31., angle:2.5781484985351562e+002,
       response:2.4123883340507746e-003, octave:0 }
   - { x:370., y:1548., size:31., angle:1.5693014526367187e+002,
       response:7.3245837120339274e-004, octave:0 }
   - { x:787., y:1449., size:31., angle:2.4419352722167969e+002,
       response:8.1128295278176665e-004, octave:0 }
   - { x:851., y:898., size:31., angle:2.0992599487304687e+002,
       response:6.4100866438820958e-004, octave:0 }
   - { x:1788., y:1146., size:31., angle:3.1641476440429687e+002,
       response:3.5378311295062304e-003, octave:0 }
   - { x:1504., y:1826., size:31., angle:5.1786956787109375e+001,
       response:5.9784087352454662e-003, octave:0 }
   - { x:1397., y:1826., size:31., angle:1.1824464416503906e+002,
       response:4.8163989558815956e-003, octave:0 }
   - { x:1064., y:1826., size:31., angle:1.2071437072753906e+002,
       response:5.1416954956948757e-003, octave:0 }
   - { x:706., y:909., size:31., angle:1.0582856750488281e+002,
       response:6.3625379698351026e-004, octave:0 }
   - { x:495., y:964., size:31., angle:1.6520921707153320e+001,
       response:7.5499428203329444e-004, octave:0 }
   - { x:494., y:979., size:31., angle:8.5973457336425781e+001,
       response:7.5030635343864560e-004, octave:0 }
   - { x:546., y:1394., size:31., angle:2.6323541259765625e+002,
       response:7.5230136280879378e-004, octave:0 }
   - { x:533., y:910., size:31., angle:2.3252742004394531e+002,
       response:7.8122649574652314e-004, octave:0 }
   - { x:790., y:891., size:31., angle:1.5446179199218750e+002,
       response:7.7785248868167400e-004, octave:0 }
   - { x:1718., y:1132., size:31., angle:2.1745120239257812e+002,
       response:1.6419998137280345e-003, octave:0 }
   - { x:764., y:911., size:31., angle:1.0090711212158203e+002,
       response:6.6318997414782643e-004, octave:0 }
   - { x:571., y:914., size:31., angle:1.5150976562500000e+002,
       response:8.8540249271318316e-004, octave:0 }
   - { x:696., y:1010., size:31., angle:2.7044738769531250e+002,
       response:7.3375488864257932e-004, octave:0 }
   - { x:830., y:1446., size:31., angle:1.6350396728515625e+002,
       response:8.3023961633443832e-004, octave:0 }
   - { x:921., y:1278., size:31., angle:7.1408111572265625e+001,
       response:7.0325873093679547e-004, octave:0 }
   - { x:763., y:1278., size:31., angle:1.2420370483398437e+002,
       response:8.9460232993587852e-004, octave:0 }
   - { x:758., y:1275., size:31., angle:3.0069522094726562e+002,
       response:6.5080856438726187e-004, octave:0 }
   - { x:568., y:1278., size:31., angle:5.3711975097656250e+001,
       response:7.6800311217084527e-004, octave:0 }
   - { x:573., y:1278., size:31., angle:1.2525607299804688e+002,
       response:7.7215698547661304e-004, octave:0 }
   - { x:826., y:1041., size:31., angle:1.4953120422363281e+002,
       response:6.9808535045012832e-004, octave:0 }
   - { x:608., y:1440., size:31., angle:2.7762615966796875e+002,
       response:6.8172672763466835e-004, octave:0 }
   - { x:557., y:917., size:31., angle:3.5724005126953125e+002,
       response:7.4109912384301424e-004, octave:0 }
   - { x:675., y:1278., size:31., angle:1.7090246582031250e+002,
       response:7.2826817631721497e-004, octave:0 }
   - { x:674., y:1052., size:31., angle:2.4359732055664062e+002,
       response:6.7059497814625502e-004, octave:0 }
   - { x:412., y:1106., size:31., angle:1.9143920898437500e+002,
       response:7.0987740764394403e-004, octave:0 }
   - { x:527., y:1431., size:31., angle:1.0088983917236328e+002,
       response:7.4433616828173399e-004, octave:0 }
   - { x:630., y:1106., size:31., angle:3.4960369873046875e+002,
       response:7.1368867065757513e-004, octave:0 }
   - { x:573., y:918., size:31., angle:1.4950477600097656e+002,
       response:8.9699879754334688e-004, octave:0 }
   - { x:412., y:1108., size:31., angle:1.7870007324218750e+002,
       response:7.1367248892784119e-004, octave:0 }
   - { x:630., y:1108., size:31., angle:2.8290588855743408e+000,
       response:7.1133824530988932e-004, octave:0 }
   - { x:904., y:1108., size:31., angle:2.9034774303436279e+000,
       response:7.2198861744254827e-004, octave:0 }
   - { x:630., y:1278., size:31., angle:1.1965249061584473e+001,
       response:7.3040137067437172e-004, octave:0 }
   - { x:921., y:1276., size:31., angle:5.8277313232421875e+001,
       response:7.5839826604351401e-004, octave:0 }
   - { x:551., y:1427., size:31., angle:1.8127069091796875e+002,
       response:7.4450433021411300e-004, octave:0 }
   - { x:512., y:921., size:31., angle:2.6720391845703125e+002,
       response:7.5584725709632039e-004, octave:0 }
   - { x:407., y:1278., size:31., angle:1.0710018157958984e+001,
       response:7.1903964271768928e-004, octave:0 }
   - { x:484., y:947., size:31., angle:2.3270507812500000e+002,
       response:7.6005293522030115e-004, octave:0 }
   - { x:775., y:1052., size:31., angle:2.4435549926757812e+002,
       response:6.7871680948883295e-004, octave:0 }
   - { x:983., y:1106., size:31., angle:1.9161955261230469e+002,
       response:6.9468317087739706e-004, octave:0 }
   - { x:675., y:1276., size:31., angle:1.8464360046386719e+002,
       response:7.5019360519945621e-004, octave:0 }
   - { x:630., y:1276., size:31., angle:6.3904052972793579e-001,
       response:6.8801484303548932e-004, octave:0 }
   - { x:904., y:1106., size:31., angle:3.4971112060546875e+002,
       response:7.0600147591903806e-004, octave:0 }
   - { x:1062., y:1108., size:31., angle:2.7031288146972656e+000,
       response:7.1496504824608564e-004, octave:0 }
   - { x:573., y:1276., size:31., angle:2.0610099792480469e+002,
       response:7.4576429324224591e-004, octave:0 }
   - { x:717., y:1362., size:31., angle:3.0379321289062500e+002,
       response:6.7708676215261221e-004, octave:0 }
   - { x:568., y:1276., size:31., angle:3.3897308349609375e+002,
       response:7.4750377098098397e-004, octave:0 }
   - { x:823., y:1449., size:31., angle:1.4970672607421875e+002,
       response:9.0871244901791215e-004, octave:0 }
   - { x:788., y:1454., size:31., angle:2.0737962341308594e+002,
       response:8.3713378990069032e-004, octave:0 }
   - { x:561., y:926., size:31., angle:1.5959547996520996e+001,
       response:7.6879211701452732e-004, octave:0 }
