%YAML:1.0
KeyPoints:
   - { x:1296., y:1491., size:31., angle:1.9536428451538086e+001,
       response:1.6299179987981915e-003, octave:0 }
   - { x:323., y:1213., size:31., angle:1.4975585937500000e+002,
       response:5.9131057932972908e-003, octave:0 }
   - { x:1322., y:1231., size:31., angle:3.0910461425781250e+002,
       response:8.3309080218896270e-004, octave:0 }
   - { x:1143., y:245., size:31., angle:1.2503848266601562e+002,
       response:2.6633075904101133e-003, octave:0 }
   - { x:1580., y:1240., size:31., angle:3.4238229370117187e+002,
       response:6.9374818122014403e-004, octave:0 }
   - { x:215., y:646., size:31., angle:2.7055004119873047e+001,
       response:6.8651913898065686e-004, octave:0 }
   - { x:553., y:857., size:31., angle:8.0304489135742188e+001,
       response:8.5915112867951393e-003, octave:0 }
   - { x:1466., y:1477., size:31., angle:1.7876649856567383e+001,
       response:1.2515287380665541e-003, octave:0 }
   - { x:1492., y:1230., size:31., angle:2.5264183044433594e+002,
       response:1.3220709515735507e-003, octave:0 }
   - { x:1143., y:185., size:31., angle:2.1630133056640625e+002,
       response:1.7121426062658429e-003, octave:0 }
   - { x:154., y:849., size:31., angle:2.1624179077148437e+002,
       response:1.8515073461458087e-003, octave:0 }
   - { x:1451., y:1245., size:31., angle:3.0662252807617187e+002,
       response:7.2921399259939790e-004, octave:0 }
   - { x:1450., y:1252., size:31., angle:2.1980546569824219e+002,
       response:6.7832466447725892e-004, octave:0 }
   - { x:1230., y:450., size:31., angle:1.3646017456054687e+002,
       response:2.1176370792090893e-003, octave:0 }
   - { x:1538., y:1210., size:31., angle:2.6143212890625000e+002,
       response:9.1439555399119854e-004, octave:0 }
   - { x:1242., y:1237., size:31., angle:2.8251519775390625e+002,
       response:1.1269112583249807e-003, octave:0 }
   - { x:1482., y:1259., size:31., angle:1.2155953216552734e+002,
       response:9.3633745564147830e-004, octave:0 }
   - { x:1593., y:1228., size:31., angle:3.1006430053710937e+002,
       response:7.3351705214008689e-004, octave:0 }
   - { x:1497., y:1228., size:31., angle:2.8101715087890625e+002,
       response:9.6702942391857505e-004, octave:0 }
   - { x:1491., y:1261., size:31., angle:6.8636581420898438e+001,
       response:9.4451126642525196e-004, octave:0 }
   - { x:1321., y:1263., size:31., angle:1.4364686584472656e+002,
       response:7.7308586332947016e-004, octave:0 }
   - { x:525., y:822., size:31., angle:2.1066722106933594e+002,
       response:2.5152550078928471e-003, octave:0 }
   - { x:693., y:821., size:31., angle:1.8032342529296875e+002,
       response:2.5924888905137777e-003, octave:0 }
   - { x:526., y:820., size:31., angle:2.1730767822265625e+002,
       response:2.4805432185530663e-003, octave:0 }
   - { x:550., y:711., size:31., angle:3.1055108642578125e+002,
       response:4.9698827788233757e-003, octave:0 }
   - { x:401., y:583., size:31., angle:3.5276495361328125e+002,
       response:5.9646954759955406e-003, octave:0 }
   - { x:339., y:1324., size:31., angle:1.7682478332519531e+002,
       response:8.7247655028477311e-004, octave:0 }
   - { x:32., y:1097., size:31., angle:1.4677890014648437e+002,
       response:1.0287179611623287e-003, octave:0 }
   - { x:1493., y:1227., size:31., angle:2.5998883056640625e+002,
       response:7.3702022200450301e-004, octave:0 }
   - { x:1228., y:198., size:31., angle:1.1315475463867187e+002,
       response:2.0691053941845894e-003, octave:0 }
   - { x:463., y:1435., size:31., angle:1.6304190063476562e+002,
       response:3.7189188878983259e-003, octave:0 }
   - { x:541., y:814., size:31., angle:2.8170538330078125e+002,
       response:2.2447165101766586e-003, octave:0 }
   - { x:401., y:803., size:31., angle:3.4630886840820312e+002,
       response:7.6058722333982587e-004, octave:0 }
   - { x:1169., y:1277., size:31., angle:7.9942779541015625e+001,
       response:7.2182907024398446e-004, octave:0 }
   - { x:1386., y:728., size:31., angle:2.6737213134765625e+002,
       response:1.6193053452298045e-003, octave:0 }
   - { x:641., y:696., size:31., angle:1.9499288940429687e+002,
       response:2.3053339682519436e-003, octave:0 }
   - { x:1114., y:1223., size:31., angle:2.3851535034179687e+002,
       response:7.0743297692388296e-004, octave:0 }
   - { x:132., y:1065., size:31., angle:3.2344500732421875e+002,
       response:1.7917605582624674e-003, octave:0 }
   - { x:131., y:1063., size:31., angle:3.1070022583007812e+002,
       response:1.8949394579976797e-003, octave:0 }
   - { x:1695., y:1115., size:31., angle:4.5274360656738281e+001,
       response:2.6925515849143267e-003, octave:0 }
   - { x:644., y:665., size:31., angle:1.1568350219726562e+002,
       response:2.3478581570088863e-003, octave:0 }
   - { x:1538., y:1216., size:31., angle:2.7207336425781250e+002,
       response:9.5378665719181299e-004, octave:0 }
   - { x:642., y:664., size:31., angle:1.1389214324951172e+002,
       response:1.9739102572202682e-003, octave:0 }
   - { x:1327., y:1215., size:31., angle:2.7428561401367187e+002,
       response:9.7356713376939297e-004, octave:0 }
   - { x:126., y:1164., size:31., angle:2.7167080688476562e+002,
       response:1.5170223778113723e-003, octave:0 }
   - { x:129., y:1062., size:31., angle:2.9696731567382812e+002,
       response:1.9412827678024769e-003, octave:0 }
   - { x:1463., y:1231., size:31., angle:2.8511749267578125e+002,
       response:1.3389423256739974e-003, octave:0 }
   - { x:1536., y:1214., size:31., angle:2.6963397216796875e+002,
       response:6.7536346614360809e-004, octave:0 }
   - { x:1139., y:1243., size:31., angle:3.5360803222656250e+002,
       response:5.7173322420567274e-004, octave:0 }
   - { x:1073., y:1242., size:31., angle:3.0449874877929687e+002,
       response:4.4973476906307042e-004, octave:0 }
   - { x:1071., y:1241., size:31., angle:2.8986688232421875e+002,
       response:5.8722688117995858e-004, octave:0 }
   - { x:1159., y:1240., size:31., angle:3.0543948364257812e+002,
       response:5.6235044030472636e-004, octave:0 }
   - { x:1175., y:1239., size:31., angle:2.5927069091796875e+002,
       response:4.1593005880713463e-004, octave:0 }
   - { x:1104., y:1280., size:31., angle:9.4614524841308594e+001,
       response:5.7883537374436855e-004, octave:0 }
   - { x:1536., y:1212., size:31., angle:2.5374948120117187e+002,
       response:6.3170032808557153e-004, octave:0 }
   - { x:1156., y:1238., size:31., angle:2.9094561767578125e+002,
       response:4.5301273348741233e-004, octave:0 }
   - { x:1062., y:1281., size:31., angle:1.2169393157958984e+002,
       response:4.5800179941579700e-004, octave:0 }
   - { x:1083., y:1281., size:31., angle:8.4455261230468750e+001,
       response:5.5460975272580981e-004, octave:0 }
   - { x:1323., y:1237., size:31., angle:3.3654467773437500e+002,
       response:6.2130927108228207e-004, octave:0 }
   - { x:1557., y:1251., size:31., angle:6.7620346069335938e+001,
       response:5.1965797320008278e-004, octave:0 }
   - { x:1540., y:1210., size:31., angle:2.9350332641601562e+002,
       response:5.7648576330393553e-004, octave:0 }
   - { x:1480., y:1258., size:31., angle:1.2828631591796875e+002,
       response:4.8008238081820309e-004, octave:0 }
   - { x:1090., y:1242., size:31., angle:2.6552606201171875e+002,
       response:4.9888592911884189e-004, octave:0 }
   - { x:1509., y:1260., size:31., angle:7.3653396606445313e+001,
       response:5.2017590496689081e-004, octave:0 }
   - { x:1064., y:1282., size:31., angle:1.0874948120117187e+002,
       response:4.4349936069920659e-004, octave:0 }
   - { x:1256., y:1273., size:31., angle:9.7251937866210938e+001,
       response:4.9433152889832854e-004, octave:0 }
   - { x:214., y:1193., size:31., angle:5.7498611450195313e+001,
       response:3.9461746928282082e-004, octave:0 }
   - { x:1244., y:1236., size:31., angle:2.9272436523437500e+002,
