%YAML:1.0
KeyPoints:
   - { x:559., y:547., size:31., angle:3.2295962524414062e+002,
       response:8.6191520094871521e-003, octave:0 }
   - { x:1230., y:747., size:31., angle:3.4893486022949219e+001,
       response:9.6484487876296043e-003, octave:0 }
   - { x:605., y:572., size:31., angle:3.3650671386718750e+002,
       response:4.2953831143677235e-003, octave:0 }
   - { x:1164., y:738., size:31., angle:1.5834684753417969e+002,
       response:3.9666472002863884e-003, octave:0 }
   - { x:498., y:575., size:31., angle:8.5831314086914063e+001,
       response:3.3823465928435326e-003, octave:0 }
   - { x:956., y:925., size:31., angle:4.2481433868408203e+001,
       response:4.9317884258925915e-003, octave:0 }
   - { x:368., y:325., size:31., angle:8.7055473327636719e+001,
       response:3.9154281839728355e-003, octave:0 }
   - { x:275., y:540., size:31., angle:2.2608488464355469e+002,
       response:1.1290846392512321e-002, octave:0 }
   - { x:560., y:324., size:31., angle:9.1003189086914063e+001,
       response:6.5832263790071011e-003, octave:0 }
   - { x:692., y:976., size:31., angle:2.3371120452880859e+001,
       response:3.6725832615047693e-003, octave:0 }
   - { x:347., y:324., size:31., angle:8.8825721740722656e+001,
       response:7.4888421222567558e-003, octave:0 }
   - { x:336., y:324., size:31., angle:1.0553660583496094e+002,
       response:5.4330313578248024e-003, octave:0 }
   - { x:581., y:170., size:31., angle:6.0667209625244141e+001,
       response:4.4372780248522758e-003, octave:0 }
   - { x:1375., y:748., size:31., angle:1.0112178802490234e+001,
       response:1.1035875417292118e-002, octave:0 }
   - { x:572., y:323., size:31., angle:6.3921806335449219e+001,
       response:5.0931898877024651e-003, octave:0 }
   - { x:1245., y:747., size:31., angle:1.6392515563964844e+002,
       response:9.1400370001792908e-003, octave:0 }
   - { x:358., y:323., size:31., angle:9.5365493774414063e+001,
       response:5.9288674965500832e-003, octave:0 }
   - { x:535., y:321., size:31., angle:1.1329340362548828e+002,
       response:4.6343971043825150e-003, octave:0 }
   - { x:362., y:1053., size:31., angle:1.7814205932617187e+002,
       response:4.4059674255549908e-003, octave:0 }
   - { x:183., y:320., size:31., angle:1.7109832763671875e+002,
       response:1.0747530497610569e-002, octave:0 }
   - { x:929., y:940., size:31., angle:1.9064588928222656e+002,
       response:8.2668140530586243e-003, octave:0 }
   - { x:617., y:207., size:31., angle:3.5710739135742187e+002,
       response:7.8882556408643723e-003, octave:0 }
   - { x:564., y:296., size:31., angle:3.4440216064453125e+002,
       response:7.9975100234150887e-003, octave:0 }
   - { x:463., y:446., size:31., angle:3.4655632019042969e+001,
       response:5.1951832138001919e-003, octave:0 }
   - { x:327., y:437., size:31., angle:2.0889326477050781e+002,
       response:7.8147724270820618e-003, octave:0 }
   - { x:684., y:919., size:31., angle:3.0928784179687500e+002,
       response:4.1487985290586948e-003, octave:0 }
   - { x:661., y:213., size:31., angle:8.0737304687500000e+000,
       response:4.7874967567622662e-003, octave:0 }
   - { x:642., y:318., size:31., angle:3.9223834991455078e+001,
       response:7.1297879330813885e-003, octave:0 }
   - { x:329., y:435., size:31., angle:2.1789419555664062e+002,
       response:6.9134333170950413e-003, octave:0 }
   - { x:1394., y:727., size:31., angle:4.7788505554199219e+001,
       response:1.1317991651594639e-002, octave:0 }
   - { x:1248., y:728., size:31., angle:6.2499549865722656e+001,
       response:1.4114446006715298e-002, octave:0 }
   - { x:328., y:316., size:31., angle:1.3322891235351562e+002,
       response:3.5205709282308817e-003, octave:0 }
   - { x:198., y:1070., size:31., angle:1.7050149917602539e+001,
       response:5.0634769722819328e-003, octave:0 }
   - { x:657., y:275., size:31., angle:3.8390571594238281e+001,
       response:5.0844713114202023e-003, octave:0 }
   - { x:1504., y:1077., size:31., angle:7.1230102539062500e+001,
       response:3.6950404755771160e-003, octave:0 }
   - { x:934., y:919., size:31., angle:1.8165301513671875e+002,
       response:6.8949959240853786e-003, octave:0 }
   - { x:1252., y:730., size:31., angle:4.9869468688964844e+001,
       response:9.4768442213535309e-003, octave:0 }
   - { x:613., y:178., size:31., angle:3.1565194702148437e+002,
       response:1.4527874998748302e-002, octave:0 }
   - { x:1391., y:730., size:31., angle:7.8558761596679688e+001,
       response:5.0606778822839260e-003, octave:0 }
   - { x:925., y:895., size:31., angle:1.3557073974609375e+002,
       response:4.4219191186130047e-003, octave:0 }
   - { x:632., y:192., size:31., angle:2.8033074951171875e+002,
       response:4.2120935395359993e-003, octave:0 }
   - { x:579., y:314., size:31., angle:4.7797573089599609e+001,
       response:6.2795453704893589e-003, octave:0 }
   - { x:1398., y:730., size:31., angle:3.4671218872070312e+001,
       response:1.0716549120843410e-002, octave:0 }
   - { x:555., y:314., size:31., angle:6.8198455810546875e+001,
       response:5.6235305964946747e-003, octave:0 }
   - { x:1255., y:732., size:31., angle:4.4890094757080078e+001,
       response:9.6405223011970520e-003, octave:0 }
   - { x:1383., y:732., size:31., angle:5.5989200592041016e+001,
       response:3.8423005025833845e-003, octave:0 }
   - { x:1400., y:732., size:31., angle:2.8783535003662109e+001,
       response:1.1894647963345051e-002, octave:0 }
   - { x:376., y:317., size:31., angle:5.3533855438232422e+001,
       response:3.3961262088268995e-003, octave:0 }
   - { x:1512., y:1136., size:31., angle:2.7421929931640625e+002,
       response:3.4278945531696081e-003, octave:0 }
   - { x:474., y:1011., size:31., angle:2.5755346298217773e+001,
       response:4.2777308262884617e-003, octave:0 }
   - { x:1460., y:901., size:31., angle:3.4810910034179687e+002,
       response:3.9130966179072857e-003, octave:0 }
   - { x:463., y:335., size:31., angle:2.6979589843750000e+002,
       response:5.7726134546101093e-003, octave:0 }
   - { x:604., y:185., size:31., angle:2.8925573730468750e+002,
       response:3.8848463445901871e-003, octave:0 }
   - { x:999., y:933., size:31., angle:2.7884197998046875e+002,
       response:7.4754413217306137e-003, octave:0 }
   - { x:662., y:260., size:31., angle:4.9930629730224609e+000,
       response:3.3509971108287573e-003, octave:0 }
   - { x:879., y:786., size:31., angle:1.8247970581054687e+001,
       response:3.5857330076396465e-003, octave:0 }
   - { x:631., y:268., size:31., angle:1.6006466746330261e-001,
       response:3.7824332248419523e-003, octave:0 }
   - { x:351., y:1034., size:31., angle:2.2194012451171875e+002,
       response:7.3442752473056316e-003, octave:0 }
   - { x:924., y:892., size:31., angle:1.6523043823242187e+002,
       response:7.7574788592755795e-003, octave:0 }
   - { x:360., y:330., size:31., angle:9.3213409423828125e+001,
       response:6.4846999011933804e-003, octave:0 }
   - { x:344., y:329., size:31., angle:8.6684890747070313e+001,
       response:6.2806359492242336e-003, octave:0 }
   - { x:1390., y:748., size:31., angle:1.7703404235839844e+002,
       response:9.7004640847444534e-003, octave:0 }
   - { x:367., y:1034., size:31., angle:2.9622448730468750e+002,
       response:3.2705704215914011e-003, octave:0 }
   - { x:563., y:328., size:31., angle:9.8521179199218750e+001,
       response:6.8785422481596470e-003, octave:0 }
   - { x:956., y:891., size:31., angle:4.2962146759033203e+001,
       response:4.3996260501444340e-003, octave:0 }
   - { x:544., y:328., size:31., angle:7.3692489624023438e+001,
       response:4.4351401738822460e-003, octave:0 }
   - { x:331., y:1027., size:31., angle:2.1017886352539062e+002,
       response:5.7002562098205090e-003, octave:0 }
   - { x:607., y:188., size:31., angle:3.0566381835937500e+002,
       response:8.1505654379725456e-003, octave:0 }
   - { x:635., y:253., size:31., angle:3.4330200195312500e+002,
