%YAML:1.0
KeyPoints:
   - { x:1419., y:760., size:31., angle:7.3796852111816406e+001,
       response:1.5841361135244370e-002, octave:0 }
   - { x:1426., y:751., size:31., angle:6.2745086669921875e+001,
       response:8.2779387012124062e-003, octave:0 }
   - { x:685., y:1014., size:31., angle:1.4687171936035156e+001,
       response:1.3320629484951496e-002, octave:0 }
   - { x:690., y:1014., size:31., angle:5.9189329147338867e+000,
       response:6.9177108816802502e-003, octave:0 }
   - { x:1476., y:602., size:31., angle:2.5477145385742188e+002,
       response:8.0420784652233124e-003, octave:0 }
   - { x:660., y:1184., size:31., angle:3.4156088256835937e+002,
       response:1.7083829268813133e-002, octave:0 }
   - { x:679., y:1487., size:31., angle:6.3060520172119141e+001,
       response:7.1692955680191517e-003, octave:0 }
   - { x:540., y:1492., size:31., angle:1.0517443847656250e+002,
       response:5.0138495862483978e-003, octave:0 }
   - { x:699., y:962., size:31., angle:3.3668057250976563e+002,
       response:1.2719756923615932e-002, octave:0 }
   - { x:178., y:768., size:31., angle:1.1161183166503906e+002,
       response:7.7358004637062550e-003, octave:0 }
   - { x:972., y:951., size:31., angle:1.9117015075683594e+002,
       response:6.3999057747423649e-003, octave:0 }
   - { x:696., y:940., size:31., angle:5.1003639221191406e+001,
       response:1.6020152717828751e-002, octave:0 }
   - { x:661., y:1104., size:31., angle:8.4356098175048828e+000,
       response:9.0961949899792671e-003, octave:0 }
   - { x:663., y:1131., size:31., angle:2.9122645854949951e+000,
       response:1.3669927604496479e-002, octave:0 }
   - { x:1437., y:739., size:31., angle:6.1371746063232422e+001,
       response:1.2815522029995918e-002, octave:0 }
   - { x:370., y:304., size:31., angle:1.7735963439941406e+002,
       response:5.3470325656235218e-003, octave:0 }
   - { x:665., y:1107., size:31., angle:1.2502282142639160e+001,
       response:6.2826001085340977e-003, octave:0 }
   - { x:977., y:933., size:31., angle:1.6132928466796875e+002,
       response:5.8608148247003555e-003, octave:0 }
   - { x:999., y:936., size:31., angle:4.2410114288330078e+001,
       response:5.3890743292868137e-003, octave:0 }
   - { x:660., y:1108., size:31., angle:1.4708498954772949e+001,
       response:5.4129250347614288e-003, octave:0 }
   - { x:671., y:1080., size:31., angle:6.0051126480102539e+000,
       response:1.1317725293338299e-002, octave:0 }
   - { x:669., y:1080., size:31., angle:9.0461673736572266e+000,
       response:1.3039850629866123e-002, octave:0 }
   - { x:657., y:1133., size:31., angle:9.2362928390502930e+000,
       response:1.3566051609814167e-002, octave:0 }
   - { x:394., y:1044., size:31., angle:2.1910437011718750e+002,
       response:6.3317758031189442e-003, octave:0 }
   - { x:1558., y:754., size:31., angle:3.5862854003906250e+001,
       response:8.5561471059918404e-003, octave:0 }
   - { x:994., y:960., size:31., angle:2.4055715942382812e+002,
       response:9.0406816452741623e-003, octave:0 }
   - { x:1432., y:760., size:31., angle:1.0327227020263672e+002,
       response:1.1818474158644676e-002, octave:0 }
   - { x:617., y:727., size:31., angle:1.1163926696777344e+002,
       response:7.5853811576962471e-003, octave:0 }
   - { x:693., y:988., size:31., angle:7.9977889060974121e+000,
       response:1.1593949049711227e-002, octave:0 }
   - { x:1555., y:1146., size:31., angle:2.8664236450195312e+002,
       response:5.8119990862905979e-003, octave:0 }
   - { x:968., y:905., size:31., angle:1.4470799255371094e+002,
       response:8.5070757195353508e-003, octave:0 }
   - { x:603., y:558., size:31., angle:3.0381307983398437e+002,
       response:1.0669502429664135e-002, octave:0 }
   - { x:623., y:301., size:31., angle:3.5966842651367187e+002,
       response:6.2440265901386738e-003, octave:0 }
   - { x:698., y:960., size:31., angle:3.3949456787109375e+002,
       response:1.2192847207188606e-002, octave:0 }
   - { x:1295., y:747., size:31., angle:1.0774369049072266e+002,
       response:4.2937393300235271e-003, octave:0 }
   - { x:658., y:1109., size:31., angle:1.6505977630615234e+001,
       response:4.7051105648279190e-003, octave:0 }
   - { x:1000., y:897., size:31., angle:4.9752340316772461e+000,
       response:4.9704816192388535e-003, octave:0 }
   - { x:1301., y:596., size:31., angle:2.8956011962890625e+002,
       response:5.2632601000368595e-003, octave:0 }
   - { x:695., y:971., size:31., angle:1.6563566207885742e+001,
       response:1.4257695525884628e-002, octave:0 }
   - { x:672., y:1056., size:31., angle:1.2711887359619141e+001,
       response:1.3394007459282875e-002, octave:0 }
   - { x:1555., y:1246., size:31., angle:5.5950244903564453e+001,
       response:7.7118873596191406e-003, octave:0 }
   - { x:398., y:1035., size:31., angle:1.8645474243164062e+002,
       response:6.6805193200707436e-003, octave:0 }
   - { x:676., y:1056., size:31., angle:8.0473833084106445e+000,
       response:7.0764222182333469e-003, octave:0 }
   - { x:211., y:1498., size:31., angle:1.1325137329101562e+002,
       response:7.6302401721477509e-003, octave:0 }
   - { x:226., y:331., size:31., angle:1.2274881744384766e+002,
       response:8.9400699362158775e-003, octave:0 }
   - { x:684., y:330., size:31., angle:5.6315952301025391e+001,
       response:7.8286221250891685e-003, octave:0 }
   - { x:1207., y:749., size:31., angle:1.4803007507324219e+002,
       response:7.3544434271752834e-003, octave:0 }
   - { x:408., y:1058., size:31., angle:1.7968307495117187e+002,
       response:6.8758763372898102e-003, octave:0 }
   - { x:682., y:1036., size:31., angle:1.2551841735839844e+001,
       response:1.3607303611934185e-002, octave:0 }
   - { x:684., y:1036., size:31., angle:7.6903839111328125e+000,
       response:8.5615087300539017e-003, octave:0 }
   - { x:691., y:992., size:31., angle:1.7520709991455078e+001,
       response:7.5706588104367256e-003, octave:0 }
   - { x:1281., y:746., size:31., angle:5.3224700927734375e+001,
       response:6.3533517532050610e-003, octave:0 }
   - { x:967., y:903., size:31., angle:1.6442881774902344e+002,
       response:1.0224089026451111e-002, octave:0 }
   - { x:696., y:969., size:31., angle:8.9609603881835938e+000,
       response:1.4248219318687916e-002, octave:0 }
   - { x:694., y:944., size:31., angle:4.5339248657226563e+001,
       response:2.2025434300303459e-002, octave:0 }
   - { x:980., y:983., size:31., angle:1.7161175537109375e+002,
       response:8.5392994806170464e-003, octave:0 }
   - { x:672., y:1061., size:31., angle:2.1816295623779297e+001,
       response:1.0528045706450939e-002, octave:0 }
   - { x:1042., y:944., size:31., angle:3.0176113891601562e+002,
       response:6.4820377156138420e-003, octave:0 }
   - { x:700., y:968., size:31., angle:1.4549970626831055e+001,
       response:1.4303468167781830e-002, octave:0 }
   - { x:331., y:136., size:31., angle:2.8821276855468750e+002,
       response:8.7210601195693016e-003, octave:0 }
   - { x:319., y:551., size:31., angle:2.5651824951171875e+002,
       response:6.8994718603789806e-003, octave:0 }
   - { x:698., y:797., size:31., angle:1.6786720275878906e+001,
       response:5.0656166858971119e-003, octave:0 }
   - { x:664., y:1179., size:31., angle:3.3575445556640625e+002,
       response:9.6400035545229912e-003, octave:0 }
   - { x:375., y:1038., size:31., angle:2.2140100097656250e+002,
       response:7.0403926074504852e-003, octave:0 }
   - { x:660., y:1156., size:31., angle:2.1259579658508301e+000,
       response:1.6047842800617218e-002, octave:0 }
   - { x:677., y:1061., size:31., angle:2.1753486633300781e+001,
       response:5.6281476281583309e-003, octave:0 }
   - { x:782., y:708., size:31., angle:2.7895313262939453e+001,
       response:5.3518754430115223e-003, octave:0 }
   - { x:693., y:939., size:31., angle:4.7030002593994141e+001,
       response:1.0516707785427570e-002, octave:0 }
