%YAML:1.0
KeyPoints:
   - { x:1307., y:786., size:31., angle:1.6151086425781250e+002,
       response:1.0313296690583229e-002, octave:0 }
   - { x:434., y:1104., size:31., angle:4.1744106292724609e+001,
       response:1.2959351763129234e-002, octave:0 }
   - { x:338., y:1056., size:31., angle:3.2455599975585937e+002,
       response:9.7901858389377594e-003, octave:0 }
   - { x:546., y:752., size:31., angle:3.1281597900390625e+002,
       response:9.2656640335917473e-003, octave:0 }
   - { x:1427., y:866., size:31., angle:1.7151237487792969e+002,
       response:7.4475933797657490e-003, octave:0 }
   - { x:574., y:1053., size:31., angle:1.4988948059082031e+002,
       response:9.2154452577233315e-003, octave:0 }
   - { x:411., y:1342., size:31., angle:1.8932720947265625e+002,
       response:8.9722974225878716e-003, octave:0 }
   - { x:330., y:687., size:31., angle:7.6846298217773438e+001,
       response:9.3016605824232101e-003, octave:0 }
   - { x:397., y:1110., size:31., angle:1.1389245605468750e+002,
       response:7.7234297059476376e-003, octave:0 }
   - { x:490., y:1339., size:31., angle:3.2403417968750000e+002,
       response:1.1489639058709145e-002, octave:0 }
   - { x:541., y:1331., size:31., angle:1.2409229278564453e+002,
       response:7.8124203719198704e-003, octave:0 }
   - { x:351., y:1342., size:31., angle:3.1827575683593750e+002,
       response:9.1047873720526695e-003, octave:0 }
   - { x:291., y:484., size:31., angle:2.0886302185058594e+002,
       response:7.9131172969937325e-003, octave:0 }
   - { x:1516., y:1172., size:31., angle:1.8913499450683594e+002,
       response:9.5255672931671143e-003, octave:0 }
   - { x:460., y:1085., size:31., angle:2.6775433349609375e+002,
       response:9.2633329331874847e-003, octave:0 }
   - { x:528., y:718., size:31., angle:2.4585232543945312e+002,
       response:9.6110859885811806e-003, octave:0 }
   - { x:434., y:1099., size:31., angle:6.4803314208984375e+001,
       response:8.5582919418811798e-003, octave:0 }
   - { x:478., y:1085., size:31., angle:2.6305242919921875e+002,
       response:9.8341116681694984e-003, octave:0 }
   - { x:595., y:1068., size:31., angle:7.7778259277343750e+001,
       response:7.6893502846360207e-003, octave:0 }
   - { x:543., y:1072., size:31., angle:1.8095956420898437e+002,
       response:7.7860611490905285e-003, octave:0 }
   - { x:411., y:1331., size:31., angle:1.3589367675781250e+002,
       response:7.3404265567660332e-003, octave:0 }
   - { x:435., y:1087., size:31., angle:2.7566430664062500e+002,
       response:1.1107170023024082e-002, octave:0 }
   - { x:516., y:1084., size:31., angle:1.7712258911132812e+002,
       response:9.3056475743651390e-003, octave:0 }
   - { x:381., y:1073., size:31., angle:2.9104232788085938e+002,
       response:1.3161902315914631e-002, octave:0 }
   - { x:618., y:650., size:31., angle:6.2116706848144531e+001,
       response:8.4246769547462463e-003, octave:0 }
   - { x:555., y:796., size:31., angle:3.8404304504394531e+001,
       response:9.1461390256881714e-003, octave:0 }
   - { x:1015., y:876., size:31., angle:1.1089302062988281e+001,
       response:7.5309090316295624e-003, octave:0 }
   - { x:1254., y:874., size:31., angle:9.9535888671875000e+001,
       response:8.3528775721788406e-003, octave:0 }
   - { x:528., y:723., size:31., angle:2.1944338989257812e+002,
       response:7.5317276641726494e-003, octave:0 }
   - { x:607., y:1042., size:31., angle:1.2565959167480469e+002,
       response:1.1105616576969624e-002, octave:0 }
   - { x:448., y:642., size:31., angle:2.4615914916992187e+002,
       response:7.3866853490471840e-003, octave:0 }
   - { x:556., y:1093., size:31., angle:9.3489852905273437e+001,
       response:8.2257017493247986e-003, octave:0 }
   - { x:621., y:1044., size:31., angle:5.0983577728271484e+001,
       response:7.4972761794924736e-003, octave:0 }
   - { x:540., y:1301., size:31., angle:2.6412994384765625e+002,
       response:8.6059598252177238e-003, octave:0 }
   - { x:403., y:1096., size:31., angle:4.2945331573486328e+001,
       response:1.1190039105713367e-002, octave:0 }
   - { x:511., y:1084., size:31., angle:1.6986621093750000e+002,
       response:8.7432488799095154e-003, octave:0 }
   - { x:426., y:642., size:31., angle:3.4011587524414062e+002,
       response:8.2198595628142357e-003, octave:0 }
   - { x:505., y:800., size:31., angle:1.0800196075439453e+002,
       response:9.8916552960872650e-003, octave:0 }
   - { x:415., y:1114., size:31., angle:1.1431594848632812e+002,
       response:8.7352395057678223e-003, octave:0 }
   - { x:350., y:1301., size:31., angle:2.8765179443359375e+002,
       response:1.0139615274965763e-002, octave:0 }
   - { x:415., y:1097., size:31., angle:1.7603330993652344e+002,
       response:7.6283300295472145e-003, octave:0 }
   - { x:953., y:916., size:31., angle:9.2316833496093750e+001,
       response:8.0954944714903831e-003, octave:0 }
   - { x:357., y:1084., size:31., angle:1.9327378845214844e+002,
       response:8.6410818621516228e-003, octave:0 }
   - { x:350., y:1325., size:31., angle:4.0951065063476562e+001,
       response:8.8233957067131996e-003, octave:0 }
   - { x:412., y:1325., size:31., angle:1.7157109069824219e+002,
       response:7.8780632466077805e-003, octave:0 }
   - { x:453., y:1085., size:31., angle:2.7938476562500000e+002,
       response:1.4420604333281517e-002, octave:0 }
   - { x:541., y:1325., size:31., angle:1.5112397766113281e+002,
       response:7.5667202472686768e-003, octave:0 }
   - { x:566., y:685., size:31., angle:2.9031072616577148e+001,
       response:1.0327376425266266e-002, octave:0 }
   - { x:606., y:1049., size:31., angle:9.0241325378417969e+001,
       response:7.7027268707752228e-003, octave:0 }
   - { x:581., y:1289., size:31., angle:7.7282795906066895e+000,
       response:1.0706011205911636e-002, octave:0 }
   - { x:448., y:1288., size:31., angle:6.2623535156250000e+001,
       response:7.6893437653779984e-003, octave:0 }
   - { x:611., y:1039., size:31., angle:1.0510424041748047e+002,
       response:7.8387204557657242e-003, octave:0 }
   - { x:613., y:640., size:31., angle:2.1256759643554687e+002,
       response:1.0038163512945175e-002, octave:0 }
   - { x:371., y:1099., size:31., angle:1.1241847229003906e+002,
       response:1.0482871904969215e-002, octave:0 }
   - { x:1412., y:779., size:31., angle:3.2193759155273437e+002,
       response:7.6095238327980042e-003, octave:0 }
   - { x:350., y:1331., size:31., angle:4.8860427856445313e+001,
       response:8.6276670917868614e-003, octave:0 }
   - { x:308., y:1059., size:31., angle:1.1181644439697266e+002,
       response:9.6404785290360451e-003, octave:0 }
   - { x:578., y:1052., size:31., angle:1.5303012084960937e+002,
       response:8.1204874441027641e-003, octave:0 }
   - { x:407., y:1082., size:31., angle:2.8062530517578125e+002,
       response:8.3617102354764938e-003, octave:0 }
   - { x:527., y:1105., size:31., angle:1.1957336425781250e+002,
       response:8.0617805942893028e-003, octave:0 }
   - { x:461., y:1117., size:31., angle:1.0250032806396484e+002,
       response:7.4618100188672543e-003, octave:0 }
   - { x:567., y:687., size:31., angle:4.2446899414062500e+001,
       response:9.8008867353200912e-003, octave:0 }
   - { x:383., y:1074., size:31., angle:2.8988430786132812e+002,
       response:9.8943421617150307e-003, octave:0 }
   - { x:425., y:1083., size:31., angle:2.8418609619140625e+002,
       response:8.8854990899562836e-003, octave:0 }
   - { x:538., y:1074., size:31., angle:1.6226058959960937e+002,
       response:1.0528735816478729e-002, octave:0 }
   - { x:533., y:1103., size:31., angle:1.2436175346374512e+001,
       response:7.9413307830691338e-003, octave:0 }
   - { x:362., y:1072., size:31., angle:2.1385424804687500e+002,
       response:9.9286912009119987e-003, octave:0 }
   - { x:298., y:490., size:31., angle:5.0085990905761719e+001,
       response:9.0217394754290581e-003, octave:0 }
