%YAML:1.0
KeyPoints:
   - { x:582., y:295., size:31., angle:2.9814846801757812e+002,
       response:6.4650988206267357e-003, octave:0 }
   - { x:1287., y:726., size:31., angle:2.2295268249511719e+002,
       response:4.9776113592088223e-003, octave:0 }
   - { x:584., y:290., size:31., angle:3.3711560058593750e+002,
       response:5.2358894608914852e-003, octave:0 }
   - { x:1046., y:930., size:31., angle:3.2501895141601562e+002,
       response:8.1664053723216057e-003, octave:0 }
   - { x:1421., y:719., size:31., angle:3.1395031738281250e+002,
       response:6.8272021599113941e-003, octave:0 }
   - { x:1308., y:586., size:31., angle:3.0666677856445312e+002,
       response:6.2562180683016777e-003, octave:0 }
   - { x:229., y:316., size:31., angle:1.1466458892822266e+002,
       response:7.8794416040182114e-003, octave:0 }
   - { x:1289., y:720., size:31., angle:2.3276983642578125e+002,
       response:1.1158276349306107e-002, octave:0 }
   - { x:667., y:221., size:31., angle:4.4220642089843750e+001,
       response:5.4641449823975563e-003, octave:0 }
   - { x:591., y:296., size:31., angle:3.1852127075195312e+002,
       response:8.1404428929090500e-003, octave:0 }
   - { x:1477., y:592., size:31., angle:2.3669953918457031e+002,
       response:1.0852709412574768e-002, octave:0 }
   - { x:947., y:921., size:31., angle:1.8602149963378906e+002,
       response:4.5020449906587601e-003, octave:0 }
   - { x:407., y:297., size:31., angle:2.2727912902832031e+002,
       response:8.4351897239685059e-003, octave:0 }
   - { x:416., y:297., size:31., angle:2.4462350463867187e+002,
       response:6.5673529170453548e-003, octave:0 }
   - { x:976., y:935., size:31., angle:2.0656134033203125e+002,
       response:5.2885892800986767e-003, octave:0 }
   - { x:614., y:146., size:31., angle:2.9982782363891602e+001,
       response:5.3253434598445892e-003, octave:0 }
   - { x:1338., y:840., size:31., angle:1.3968609619140625e+002,
       response:5.2781370468437672e-003, octave:0 }
   - { x:1287., y:719., size:31., angle:2.1468730163574219e+002,
       response:1.2391858734190464e-002, octave:0 }
   - { x:410., y:290., size:31., angle:1.8471237182617187e+002,
       response:8.1720473244786263e-003, octave:0 }
   - { x:584., y:298., size:31., angle:3.1186257934570312e+002,
       response:7.3799290694296360e-003, octave:0 }
   - { x:981., y:917., size:31., angle:1.7121624755859375e+002,
       response:7.5056990608572960e-003, octave:0 }
   - { x:1212., y:735., size:31., angle:1.2463063049316406e+002,
       response:6.4608007669448853e-003, octave:0 }
   - { x:1289., y:726., size:31., angle:2.4169143676757812e+002,
       response:7.4746371246874332e-003, octave:0 }
   - { x:1514., y:900., size:31., angle:3.5597601318359375e+002,
       response:9.5572359859943390e-003, octave:0 }
   - { x:1419., y:726., size:31., angle:2.8668887329101562e+002,
       response:9.3370759859681129e-003, octave:0 }
   - { x:1560., y:635., size:31., angle:3.2709899902343750e+002,
       response:4.8829405568540096e-003, octave:0 }
   - { x:415., y:293., size:31., angle:2.1658702087402344e+002,
       response:6.6225142218172550e-003, octave:0 }
   - { x:976., y:937., size:31., angle:1.9232421875000000e+002,
       response:6.3876844942569733e-003, octave:0 }
   - { x:1421., y:726., size:31., angle:3.0619989013671875e+002,
       response:6.6744959913194180e-003, octave:0 }
   - { x:582., y:293., size:31., angle:3.0375054931640625e+002,
       response:5.2833422087132931e-003, octave:0 }
   - { x:1545., y:1498., size:31., angle:3.0164181518554687e+002,
       response:6.4459699206054211e-003, octave:0 }
   - { x:208., y:1498., size:31., angle:2.2882484436035156e+002,
       response:8.8485991582274437e-003, octave:0 }
   - { x:983., y:969., size:31., angle:1.4633930969238281e+002,
       response:1.0354245081543922e-002, octave:0 }
   - { x:336., y:955., size:31., angle:1.5243029785156250e+002,
       response:4.9664606340229511e-003, octave:0 }
   - { x:1572., y:1141., size:31., angle:1.0553108215332031e+001,
       response:5.1924400031566620e-003, octave:0 }
   - { x:378., y:1024., size:31., angle:1.2012741088867187e+002,
       response:4.9116243608295918e-003, octave:0 }
   - { x:1547., y:1226., size:31., angle:5.0711196899414063e+001,
       response:4.6571558341383934e-003, octave:0 }
   - { x:1560., y:739., size:31., angle:6.1655853271484375e+001,
       response:1.0262713767588139e-002, octave:0 }
   - { x:1549., y:1182., size:31., angle:2.6259838104248047e+001,
       response:5.1985089667141438e-003, octave:0 }
   - { x:1418., y:721., size:31., angle:2.8742749023437500e+002,
       response:8.4638781845569611e-003, octave:0 }
   - { x:1240., y:1498., size:31., angle:2.2339595031738281e+002,
       response:8.1734508275985718e-003, octave:0 }
   - { x:1543., y:1210., size:31., angle:3.2629928588867187e+002,
       response:4.6927789226174355e-003, octave:0 }
   - { x:509., y:442., size:31., angle:1.2800329208374023e+001,
       response:4.6405261382460594e-003, octave:0 }
   - { x:1547., y:1185., size:31., angle:2.9979667663574219e+001,
       response:6.3184136524796486e-003, octave:0 }
   - { x:663., y:207., size:31., angle:9.9132614135742188e+001,
       response:5.0482526421546936e-003, octave:0 }
   - { x:1558., y:1186., size:31., angle:2.9854129791259766e+001,
       response:8.2564167678356171e-003, octave:0 }
   - { x:1120., y:964., size:31., angle:4.9216560363769531e+001,
       response:4.7837840393185616e-003, octave:0 }
   - { x:663., y:205., size:31., angle:3.2312741088867188e+002,
       response:7.9096434637904167e-003, octave:0 }
   - { x:575., y:118., size:31., angle:2.2618188476562500e+002,
       response:5.2994424477219582e-003, octave:0 }
   - { x:1375., y:1295., size:31., angle:6.7762046813964844e+001,
       response:4.4976058416068554e-003, octave:0 }
   - { x:401., y:1021., size:31., angle:1.8480133056640625e+002,
       response:4.7951363958418369e-003, octave:0 }
   - { x:1283., y:725., size:31., angle:2.2115731811523437e+002,
       response:6.3324118964374065e-003, octave:0 }
   - { x:411., y:1044., size:31., angle:1.7241079711914063e+002,
       response:5.0294743850827217e-003, octave:0 }
   - { x:1545., y:1212., size:31., angle:3.2801101684570312e+002,
       response:7.1151987649500370e-003, octave:0 }
   - { x:1244., y:1031., size:31., angle:1.8547964477539062e+002,
       response:5.5948989465832710e-003, octave:0 }
   - { x:1558., y:1232., size:31., angle:5.1441753387451172e+001,
       response:9.0815201401710510e-003, octave:0 }
   - { x:656., y:194., size:31., angle:1.5814704895019531e+002,
       response:4.6179518103599548e-003, octave:0 }
   - { x:334., y:121., size:31., angle:2.9933651733398438e+002,
       response:8.0574806779623032e-003, octave:0 }
   - { x:971., y:889., size:31., angle:1.5856793212890625e+002,
       response:5.6835068389773369e-003, octave:0 }
   - { x:605., y:544., size:31., angle:3.2338442993164062e+002,
       response:8.8724987581372261e-003, octave:0 }
   - { x:1539., y:643., size:31., angle:2.2060873413085937e+002,
       response:5.2764010615646839e-003, octave:0 }
   - { x:1530., y:626., size:31., angle:3.1109600830078125e+002,
       response:5.0213770009577274e-003, octave:0 }
   - { x:1290., y:724., size:31., angle:2.5453018188476562e+002,
       response:9.8378267139196396e-003, octave:0 }
   - { x:1417., y:724., size:31., angle:2.6112313842773437e+002,
       response:9.0737445279955864e-003, octave:0 }
   - { x:1549., y:626., size:31., angle:2.7360168457031250e+002,
       response:5.4038427770137787e-003, octave:0 }
   - { x:663., y:178., size:31., angle:2.9734854125976562e+002,
       response:4.7420011833310127e-003, octave:0 }
   - { x:1558., y:1133., size:31., angle:3.3502722167968750e+002,
       response:4.5451596379280090e-003, octave:0 }
   - { x:322., y:537., size:31., angle:2.2937130737304687e+002,
       response:8.4150880575180054e-003, octave:0 }
