%YAML:1.0
KeyPoints:
   - { x:604., y:561., size:31., angle:3.5325289916992187e+002,
       response:1.7018865328282118e-003, octave:0 }
   - { x:1545., y:1297., size:31., angle:5.9974937438964844e+001,
       response:1.4876938657835126e-003, octave:0 }
   - { x:672., y:1163., size:31., angle:6.5212333679199219e+001,
       response:1.5151312109082937e-003, octave:0 }
   - { x:192., y:734., size:31., angle:1.3815835571289062e+002,
       response:1.4174210373312235e-003, octave:0 }
   - { x:1047., y:940., size:31., angle:3.3194247436523437e+002,
       response:1.6641495749354362e-002, octave:0 }
   - { x:1245., y:1041., size:31., angle:1.3671238708496094e+002,
       response:6.9484873674809933e-003, octave:0 }
   - { x:1286., y:1284., size:31., angle:7.4373031616210938e+001,
       response:1.5598007012158632e-003, octave:0 }
   - { x:335., y:133., size:31., angle:2.8561590576171875e+002,
       response:1.1426581069827080e-002, octave:0 }
   - { x:1575., y:1119., size:31., angle:1.8487872314453125e+002,
       response:4.0908264927566051e-003, octave:0 }
   - { x:1576., y:1238., size:31., angle:5.8418235778808594e+001,
       response:1.4817070914432406e-003, octave:0 }
   - { x:1563., y:749., size:31., angle:3.4459156036376953e+001,
       response:9.6629718318581581e-003, octave:0 }
   - { x:677., y:752., size:31., angle:3.4202978515625000e+002,
       response:1.5586934750899673e-003, octave:0 }
   - { x:1046., y:921., size:31., angle:3.4287954711914062e+002,
       response:1.6637289663776755e-003, octave:0 }
   - { x:1509., y:908., size:31., angle:3.2528926849365234e+001,
       response:1.3159259222447872e-002, octave:0 }
   - { x:647., y:675., size:31., angle:2.8391458129882812e+002,
       response:1.4343297807499766e-003, octave:0 }
   - { x:687., y:325., size:31., angle:3.0419906616210938e+001,
       response:1.4059937559068203e-002, octave:0 }
   - { x:605., y:553., size:31., angle:5.1172446459531784e-002,
       response:1.3319779187440872e-002, octave:0 }
   - { x:1540., y:1480., size:31., angle:3.2160760498046875e+002,
       response:1.5126925427466631e-003, octave:0 }
   - { x:232., y:325., size:31., angle:1.4296896362304688e+002,
       response:1.2945176102221012e-002, octave:0 }
   - { x:315., y:550., size:31., angle:1.9811100769042969e+002,
       response:3.4929411485791206e-003, octave:0 }
   - { x:1387., y:1384., size:31., angle:6.2837516784667969e+001,
       response:2.0421096123754978e-003, octave:0 }
   - { x:1211., y:744., size:31., angle:1.5004312133789063e+002,
       response:9.5379911363124847e-003, octave:0 }
   - { x:474., y:1262., size:31., angle:1.0179215240478516e+002,
       response:1.5781223773956299e-003, octave:0 }
   - { x:322., y:549., size:31., angle:1.9574443054199219e+002,
       response:4.8451037146151066e-003, octave:0 }
   - { x:697., y:800., size:31., angle:5.7604469299316406e+001,
       response:1.4236825518310070e-003, octave:0 }
   - { x:1289., y:929., size:31., angle:1.9675239562988281e+002,
       response:4.4783051125705242e-003, octave:0 }
   - { x:694., y:614., size:31., angle:3.5191186523437500e+002,
       response:1.3738289708271623e-003, octave:0 }
   - { x:338., y:1114., size:31., angle:3.0845706176757812e+002,
       response:1.6504155937582254e-003, octave:0 }
   - { x:324., y:546., size:31., angle:1.9301213073730469e+002,
       response:1.5370773151516914e-002, octave:0 }
   - { x:1560., y:1242., size:31., angle:5.3847740173339844e+001,
       response:1.0506580583751202e-002, octave:0 }
   - { x:1306., y:592., size:31., angle:2.8619970703125000e+002,
       response:7.0806061848998070e-003, octave:0 }
   - { x:1246., y:634., size:31., angle:2.3974206542968750e+002,
       response:1.7459201626479626e-003, octave:0 }
   - { x:405., y:1072., size:31., angle:1.7197470092773437e+002,
       response:1.5914170071482658e-003, octave:0 }
   - { x:1481., y:598., size:31., angle:2.5680642700195312e+002,
       response:1.2148755602538586e-002, octave:0 }
   - { x:1070., y:1063., size:31., angle:5.1107234954833984e+001,
       response:1.4268530067056417e-003, octave:0 }
   - { x:461., y:1202., size:31., angle:1.3332957458496094e+002,
       response:1.5247523551806808e-003, octave:0 }
   - { x:1559., y:1144., size:31., angle:3.3876647949218750e+002,
       response:6.8843765184283257e-003, octave:0 }
   - { x:576., y:130., size:31., angle:2.5420672607421875e+002,
       response:1.0542407631874084e-002, octave:0 }
   - { x:1524., y:1352., size:31., angle:3.4707733154296875e+002,
       response:1.3508100528270006e-003, octave:0 }
   - { x:1552., y:1085., size:31., angle:5.3120697021484375e+001,
       response:7.6287514530122280e-003, octave:0 }
   - { x:172., y:799., size:31., angle:2.3798384094238281e+002,
       response:1.3754405081272125e-003, octave:0 }
   - { x:469., y:1231., size:31., angle:1.5139170837402344e+002,
       response:1.3883641222491860e-003, octave:0 }
   - { x:985., y:979., size:31., angle:1.5652633666992187e+002,
       response:1.1633566580712795e-002, octave:0 }
   - { x:1631., y:1217., size:31., angle:7.2100997924804688e+001,
       response:1.5483739553019404e-003, octave:0 }
   - { x:267., y:1093., size:31., angle:2.5902117919921875e+002,
       response:1.4390813885256648e-003, octave:0 }
   - { x:157., y:871., size:31., angle:1.4100935363769531e+002,
       response:1.3466590316966176e-003, octave:0 }
   - { x:1220., y:703., size:31., angle:1.9971513366699219e+002,
       response:1.3456210726872087e-003, octave:0 }
   - { x:1031., y:949., size:31., angle:1.2759836578369141e+002,
       response:1.2636793544515967e-003, octave:0 }
   - { x:1352., y:1443., size:31., angle:1.1227161407470703e+002,
       response:1.1871261522173882e-003, octave:0 }
   - { x:1287., y:1366., size:31., angle:1.2953410339355469e+002,
       response:1.3074079761281610e-003, octave:0 }
   - { x:1385., y:1384., size:31., angle:6.1694755554199219e+001,
       response:1.3341772137209773e-003, octave:0 }
   - { x:549., y:1191., size:31., angle:1.2437717437744141e+002,
       response:1.1567875044420362e-003, octave:0 }
   - { x:552., y:1468., size:31., angle:1.1634626007080078e+002,
       response:1.0932558216154575e-003, octave:0 }
   - { x:1248., y:1480., size:31., angle:1.5742767333984375e+002,
       response:1.2736731441691518e-003, octave:0 }
   - { x:631., y:575., size:31., angle:2.5368334960937500e+002,
       response:1.2956025311723351e-003, octave:0 }
   - { x:239., y:1252., size:31., angle:1.2899243164062500e+002,
       response:1.2561543844640255e-003, octave:0 }
   - { x:1553., y:1074., size:31., angle:3.2809161376953125e+002,
       response:1.0983864776790142e-003, octave:0 }
   - { x:1130., y:1062., size:31., angle:9.6654594421386719e+001,
       response:1.0944702662527561e-003, octave:0 }
   - { x:1500., y:1029., size:31., angle:2.6598147583007812e+002,
       response:1.0993793839588761e-003, octave:0 }
   - { x:1544., y:1192., size:31., angle:3.3928402709960937e+002,
       response:1.2911655940115452e-003, octave:0 }
   - { x:1219., y:709., size:31., angle:2.2104576110839844e+002,
       response:1.2297115754336119e-003, octave:0 }
   - { x:1474., y:992., size:31., angle:2.4983179092407227e+001,
       response:1.3084457023069263e-003, octave:0 }
   - { x:1003., y:965., size:31., angle:3.5104959106445312e+002,
       response:1.1820000363513827e-003, octave:0 }
   - { x:229., y:1393., size:31., angle:1.4633193969726562e+002,
       response:1.1050851317122579e-003, octave:0 }
   - { x:1010., y:1036., size:31., angle:1.4600854492187500e+002,
       response:1.3272431679069996e-003, octave:0 }
   - { x:649., y:1411., size:31., angle:3.4516012573242187e+002,
       response:1.2684370158240199e-003, octave:0 }
   - { x:1168., y:664., size:31., angle:1.6288113403320312e+002,
       response:1.1460456298664212e-003, octave:0 }
   - { x:1237., y:648., size:31., angle:1.8630340576171875e+002,
       response:1.1557298712432384e-003, octave:0 }
