%YAML:1.0
KeyPoints:
   - { x:1068., y:936., size:31., angle:1.9019386291503906e+002,
       response:3.1652866164222360e-004, octave:0 }
   - { x:1053., y:983., size:31., angle:1.7912716674804687e+002,
       response:5.6863471399992704e-004, octave:0 }
   - { x:1280., y:1492., size:31., angle:2.4487969970703125e+002,
       response:4.7728678327985108e-004, octave:0 }
   - { x:611., y:115., size:31., angle:2.8079241943359375e+002,
       response:4.0646799607202411e-004, octave:0 }
   - { x:1588., y:651., size:31., angle:1.9612438964843750e+002,
       response:5.1634357078000903e-004, octave:0 }
   - { x:1081., y:992., size:31., angle:6.6834281921386719e+001,
       response:3.0459003755822778e-004, octave:0 }
   - { x:1591., y:618., size:31., angle:1.1458311462402344e+002,
       response:3.1652301549911499e-004, octave:0 }
   - { x:1085., y:948., size:31., angle:2.2265459060668945e+001,
       response:3.6120775621384382e-004, octave:0 }
   - { x:1608., y:679., size:31., angle:2.0922494506835937e+002,
       response:3.3642773632891476e-004, octave:0 }
   - { x:268., y:308., size:31., angle:1.8627020263671875e+002,
       response:3.9283226942643523e-004, octave:0 }
   - { x:1055., y:964., size:31., angle:1.4022955322265625e+002,
       response:3.3809320302680135e-004, octave:0 }
   - { x:1565., y:618., size:31., angle:1.6511691284179687e+002,
       response:4.1351738036610186e-004, octave:0 }
   - { x:1516., y:585., size:31., angle:2.7939587402343750e+002,
       response:3.2014411408454180e-004, octave:0 }
   - { x:370., y:118., size:31., angle:2.4613732910156250e+002,
       response:3.5218728589825332e-004, octave:0 }
   - { x:1053., y:957., size:31., angle:1.9340591430664062e+002,
       response:4.4507882557809353e-004, octave:0 }
   - { x:1584., y:1188., size:31., angle:1.8505949401855469e+002,
       response:5.0053157610818744e-004, octave:0 }
   - { x:1594., y:671., size:31., angle:1.3714083862304687e+002,
       response:3.8991868495941162e-004, octave:0 }
   - { x:1579., y:634., size:31., angle:1.1056283569335937e+002,
       response:3.4442878677509725e-004, octave:0 }
   - { x:1782., y:1496., size:31., angle:3.1304013061523437e+002,
       response:3.9054866647347808e-004, octave:0 }
   - { x:1023., y:961., size:31., angle:1.3637425231933594e+002,
       response:4.1924987453967333e-004, octave:0 }
   - { x:362., y:531., size:31., angle:1.5352679443359375e+002,
       response:6.0217233840376139e-004, octave:0 }
   - { x:1608., y:648., size:31., angle:1.8802534484863281e+002,
       response:3.3397850347682834e-004, octave:0 }
   - { x:1592., y:1222., size:31., angle:5.8171627044677734e+001,
       response:4.5900925761088729e-004, octave:0 }
   - { x:1327., y:912., size:31., angle:1.7348811340332031e+002,
       response:3.8070694427005947e-004, octave:0 }
   - { x:1587., y:641., size:31., angle:3.0565420532226562e+002,
       response:4.0732487104833126e-004, octave:0 }
   - { x:720., y:308., size:31., angle:3.5956185913085937e+002,
       response:4.8438960220664740e-004, octave:0 }
   - { x:1082., y:971., size:31., angle:1.3769642829895020e+001,
       response:4.7662033466622233e-004, octave:0 }
   - { x:1589., y:1192., size:31., angle:2.2086837768554687e+002,
       response:4.5298866461962461e-004, octave:0 }
   - { x:1586., y:1191., size:31., angle:2.0603826904296875e+002,
       response:3.5729550290852785e-004, octave:0 }
   - { x:1593., y:620., size:31., angle:1.1471958923339844e+002,
       response:2.9450710280798376e-004, octave:0 }
   - { x:1068., y:943., size:31., angle:1.9631231689453125e+002,
       response:2.3561182024423033e-004, octave:0 }
   - { x:426., y:1081., size:31., angle:2.3051431274414062e+002,
       response:1.6158162907231599e-004, octave:0 }
   - { x:1434., y:1147., size:31., angle:6.7540687561035156e+001,
       response:1.1585488391574472e-004, octave:0 }
   - { x:651., y:654., size:31., angle:1.2781866455078125e+002,
       response:1.7069547902792692e-004, octave:0 }
   - { x:520., y:987., size:31., angle:3.3019515991210937e+001,
       response:1.4940780238248408e-004, octave:0 }
   - { x:396., y:898., size:31., angle:4.4126308441162109e+001,
       response:1.1736781016224995e-004, octave:0 }
   - { x:392., y:930., size:31., angle:3.3904251098632812e+002,
       response:1.2423227599356323e-004, octave:0 }
   - { x:530., y:981., size:31., angle:1.0658256530761719e+002,
       response:1.5989939856808633e-004, octave:0 }
   - { x:1564., y:1226., size:31., angle:4.3186981201171875e+001,
       response:1.2499657168518752e-004, octave:0 }
   - { x:1556., y:1185., size:31., angle:3.2634991455078125e+002,
       response:1.5154146240092814e-004, octave:0 }
   - { x:663., y:659., size:31., angle:3.4402426147460938e+002,
       response:1.3748624769505113e-004, octave:0 }
   - { x:1595., y:731., size:31., angle:1.3507726669311523e+001,
       response:2.1402849233709276e-004, octave:0 }
   - { x:358., y:535., size:31., angle:1.6453128051757812e+002,
       response:1.9213065388612449e-004, octave:0 }
   - { x:431., y:1076., size:31., angle:2.1145310974121094e+002,
       response:1.5930080553516746e-004, octave:0 }
   - { x:417., y:871., size:31., angle:9.6638832092285156e+001,
       response:1.3092443987261504e-004, octave:0 }
   - { x:1605., y:681., size:31., angle:2.3368663024902344e+002,
       response:2.4666171520948410e-004, octave:0 }
   - { x:1088., y:992., size:31., angle:8.2563468933105469e+001,
       response:2.0943966228514910e-004, octave:0 }
   - { x:1056., y:988., size:31., angle:1.3586325073242187e+002,
       response:1.7812120495364070e-004, octave:0 }
   - { x:1557., y:1238., size:31., angle:5.4309703826904297e+001,
       response:2.3188351769931614e-004, octave:0 }
   - { x:1104., y:968., size:31., angle:1.8867213439941406e+002,
       response:2.9248473583720624e-004, octave:0 }
   - { x:1513., y:999., size:31., angle:3.0415847778320312e+002,
       response:1.2972438707947731e-004, octave:0 }
   - { x:488., y:1179., size:31., angle:8.9014381408691406e+001,
       response:1.2477513519115746e-004, octave:0 }
   - { x:1583., y:1062., size:31., angle:1.2658389091491699e+001,
       response:2.0598719129338861e-004, octave:0 }
   - { x:528., y:980., size:31., angle:9.7467071533203125e+001,
       response:1.2482158490456641e-004, octave:0 }
   - { x:1511., y:994., size:31., angle:3.0895346069335937e+002,
       response:2.1344465494621545e-004, octave:0 }
   - { x:250., y:1495., size:31., angle:2.5590307617187500e+002,
       response:2.4667938123457134e-004, octave:0 }
   - { x:1413., y:1188., size:31., angle:3.3262948608398437e+002,
       response:1.1966968304477632e-004, octave:0 }
   - { x:1340., y:1024., size:31., angle:1.3581866455078125e+002,
       response:1.3500702334567904e-004, octave:0 }
   - { x:602., y:782., size:31., angle:3.5903268432617187e+002,
       response:1.3320748985279351e-004, octave:0 }
   - { x:1592., y:1134., size:31., angle:2.6131622314453125e+002,
       response:1.5227652329485863e-004, octave:0 }
   - { x:710., y:1071., size:31., angle:1.4356068611145020e+001,
       response:1.6833783593028784e-004, octave:0 }
   - { x:1082., y:945., size:31., angle:2.2556472778320312e+001,
       response:2.1423008001875132e-004, octave:0 }
   - { x:1594., y:1185., size:31., angle:4.1940208435058594e+001,
       response:2.8789209318347275e-004, octave:0 }
   - { x:1484., y:1073., size:31., angle:7.2162063598632812e+001,
       response:1.2026276817778125e-004, octave:0 }
   - { x:535., y:988., size:31., angle:1.4548222351074219e+002,
       response:1.2329712626524270e-004, octave:0 }
   - { x:688., y:904., size:31., angle:1.1217723846435547e+002,
       response:1.2998560850974172e-004, octave:0 }
   - { x:1610., y:1133., size:31., angle:3.0222872924804688e+002,
       response:2.5325303431600332e-004, octave:0 }
   - { x:1534., y:1243., size:31., angle:1.3646871948242187e+002,
       response:1.4972670760471374e-004, octave:0 }
