%YAML:1.0
KeyPoints:
   - { x:6570., y:1814., size:31., angle:2.3447042465209961e+001,
       response:2.7643999084830284e-002, octave:0 }
   - { x:6592., y:1759., size:31., angle:1.8032774353027344e+002,
       response:2.8154082596302032e-002, octave:0 }
   - { x:6712., y:1711., size:31., angle:5.1136466979980469e+001,
       response:2.7989668771624565e-002, octave:0 }
   - { x:6467., y:1756., size:31., angle:2.2404504394531250e+002,
       response:2.5004625320434570e-002, octave:0 }
   - { x:6689., y:1681., size:31., angle:2.6241210937500000e+002,
       response:2.8297090902924538e-002, octave:0 }
   - { x:6570., y:1634., size:31., angle:2.6712109375000000e+002,
       response:2.7221184223890305e-002, octave:0 }
   - { x:6545., y:1689., size:31., angle:3.2117874145507813e+001,
       response:2.6494560763239861e-002, octave:0 }
   - { x:6637., y:1789., size:31., angle:1.1169073486328125e+002,
       response:2.7679704129695892e-002, octave:0 }
   - { x:6578., y:1789., size:31., angle:4.1020717620849609e+001,
       response:2.5754844769835472e-002, octave:0 }
   - { x:6545., y:1614., size:31., angle:3.5240347290039062e+002,
       response:2.6709074154496193e-002, octave:0 }
   - { x:6482., y:1880., size:31., angle:2.0189758300781250e+002,
       response:2.6901142671704292e-002, octave:0 }
   - { x:6477., y:1680., size:31., angle:3.1183837890625000e+002,
       response:2.7804149314761162e-002, octave:0 }
   - { x:6703., y:1711., size:31., angle:1.0017755126953125e+002,
       response:2.8154082596302032e-002, octave:0 }
   - { x:6480., y:1804., size:31., angle:2.1397897338867187e+002,
       response:2.7738817036151886e-002, octave:0 }
   - { x:6623., y:1603., size:31., angle:2.6873330688476562e+002,
       response:2.7271656319499016e-002, octave:0 }
   - { x:6392., y:1756., size:31., angle:1.8248538208007813e+002,
       response:2.7843013405799866e-002, octave:0 }
   - { x:6689., y:1711., size:31., angle:6.3331626892089844e+001,
       response:2.7837103232741356e-002, octave:0 }
   - { x:6600., y:1757., size:31., angle:1.7521452331542969e+002,
       response:2.1540340036153793e-002, octave:0 }
   - { x:6581., y:1837., size:31., angle:2.8472805786132812e+002,
       response:2.5862159207463264e-002, octave:0 }
   - { x:1623., y:2171., size:31., angle:9.9932754516601563e+001,
       response:2.7402134612202644e-002, octave:0 }
   - { x:6512., y:1711., size:31., angle:2.3571006774902344e+002,
       response:2.8092717751860619e-002, octave:0 }
   - { x:6712., y:1592., size:31., angle:3.1493475341796875e+002,
       response:2.8106860816478729e-002, octave:0 }
   - { x:6448., y:1711., size:31., angle:1.2161091613769531e+002,
       response:2.7683937922120094e-002, octave:0 }
   - { x:6689., y:1614., size:31., angle:3.1501165771484375e+002,
       response:2.7148755267262459e-002, octave:0 }
   - { x:6648., y:1681., size:31., angle:2.4862931823730469e+002,
       response:2.8580030426383018e-002, octave:0 }
   - { x:6592., y:1767., size:31., angle:1.5251669311523438e+002,
       response:2.8197066858410835e-002, octave:0 }
   - { x:6701., y:1703., size:31., angle:1.1326498413085937e+002,
       response:2.1540340036153793e-002, octave:0 }
   - { x:6679., y:1755., size:31., angle:4.8164340972900391e+001,
       response:2.7738817036151886e-002, octave:0 }
   - { x:6637., y:1845., size:31., angle:3.2004937744140625e+002,
       response:2.5502858683466911e-002, octave:0 }
   - { x:6459., y:1823., size:31., angle:9.5566764831542969e+001,
       response:2.7276605367660522e-002, octave:0 }
   - { x:6623., y:1803., size:31., angle:2.9264682006835937e+002,
       response:2.7300039306282997e-002, octave:0 }
   - { x:6404., y:1735., size:31., angle:1.3062879943847656e+002,
       response:2.7728402987122536e-002, octave:0 }
   - { x:6392., y:1814., size:31., angle:2.0079081726074219e+002,
       response:2.7966612949967384e-002, octave:0 }
   - { x:6645., y:1767., size:31., angle:2.4394741821289062e+002,
       response:2.8258938342332840e-002, octave:0 }
   - { x:6412., y:1711., size:31., angle:5.0976848602294922e+001,
       response:2.7276605367660522e-002, octave:0 }
   - { x:6411., y:1735., size:31., angle:6.5571411132812500e+001,
       response:2.7728402987122536e-002, octave:0 }
   - { x:6670., y:1845., size:31., angle:3.5433758544921875e+002,
       response:2.7137652039527893e-002, octave:0 }
   - { x:6599., y:1679., size:31., angle:1.9473951721191406e+002,
       response:2.7701532468199730e-002, octave:0 }
   - { x:6645., y:1837., size:31., angle:1.3086962890625000e+002,
       response:2.5499779731035233e-002, octave:0 }
   - { x:6655., y:1736., size:31., angle:3.2780603027343750e+002,
       response:2.6007834821939468e-002, octave:0 }
   - { x:1830., y:2142., size:31., angle:2.8746722412109375e+002,
       response:2.6303427293896675e-002, octave:0 }
   - { x:6712., y:1911., size:31., angle:4.1470790863037109e+001,
       response:2.8106860816478729e-002, octave:0 }
   - { x:6526., y:1714., size:31., angle:1.3273030281066895e+001,
       response:2.7643999084830284e-002, octave:0 }
   - { x:6482., y:1846., size:31., angle:1.2217488861083984e+002,
       response:2.7726333588361740e-002, octave:0 }
   - { x:6403., y:1711., size:31., angle:1.1214874267578125e+002,
       response:2.7271656319499016e-002, octave:0 }
   - { x:6702., y:1682., size:31., angle:2.6168893432617187e+002,
       response:2.7591872960329056e-002, octave:0 }
   - { x:6589., y:1648., size:31., angle:9.8767761230468750e+001,
       response:2.8048342093825340e-002, octave:0 }
   - { x:1623., y:2159., size:31., angle:2.5882498168945312e+002,
       response:2.7327287942171097e-002, octave:0 }
   - { x:6548., y:1900., size:31., angle:1.2564273834228516e+002,
       response:2.7130924165248871e-002, octave:0 }
   - { x:6392., y:1800., size:31., angle:1.6372895812988281e+002,
       response:2.8106860816478729e-002, octave:0 }
   - { x:6648., y:1900., size:31., angle:1.6369337463378906e+002,
       response:2.7847962453961372e-002, octave:0 }
   - { x:6645., y:1870., size:31., angle:1.1101904296875000e+002,
       response:2.7137652039527893e-002, octave:0 }
   - { x:6592., y:1714., size:31., angle:2.1731092834472656e+002,
       response:2.7755444869399071e-002, octave:0 }
   - { x:6592., y:1859., size:31., angle:2.2523788452148437e+002,
       response:2.7647381648421288e-002, octave:0 }
   - { x:6489., y:1889., size:31., angle:7.8473579406738281e+001,
       response:2.6753164827823639e-002, octave:0 }
   - { x:6589., y:1911., size:31., angle:7.4552413940429688e+001,
       response:2.8238492086529732e-002, octave:0 }
   - { x:6414., y:1682., size:31., angle:2.7173782348632812e+002,
       response:2.6859343051910400e-002, octave:0 }
   - { x:6423., y:1681., size:31., angle:3.0044152832031250e+002,
       response:2.8580030426383018e-002, octave:0 }
   - { x:6545., y:1714., size:31., angle:1.5815548706054687e+002,
       response:2.7643999084830284e-002, octave:0 }
   - { x:6445., y:1823., size:31., angle:7.9612174987792969e+001,
       response:2.7755444869399071e-002, octave:0 }
   - { x:6392., y:1792., size:31., angle:1.9660354614257812e+002,
       response:2.8115730732679367e-002, octave:0 }
   - { x:6648., y:1656., size:31., angle:3.1433749389648438e+002,
       response:2.8092717751860619e-002, octave:0 }
   - { x:6423., y:1823., size:31., angle:4.1624092102050781e+001,
       response:2.8293421491980553e-002, octave:0 }
   - { x:6467., y:1667., size:31., angle:4.1021560668945313e+001,
       response:2.5695381686091423e-002, octave:0 }
   - { x:6456., y:1848., size:31., angle:1.3567745971679687e+002,
       response:2.8092717751860619e-002, octave:0 }
   - { x:6637., y:1837., size:31., angle:4.3542144775390625e+001,
       response:2.5519736111164093e-002, octave:0 }
   - { x:6392., y:1823., size:31., angle:1.5888436889648437e+002,
       response:2.8115730732679367e-002, octave:0 }
   - { x:6401., y:1682., size:31., angle:2.7790002441406250e+002,
