%YAML:1.0
KeyPoints:
   - { x:1656., y:2183., size:31., angle:1.6772335815429688e+002,
       response:3.7152655422687531e-002, octave:0 }
   - { x:6407., y:1681., size:31., angle:2.7616876220703125e+002,
       response:2.8580030426383018e-002, octave:0 }
   - { x:6541., y:1911., size:31., angle:4.4543903350830078e+001,
       response:2.8238492086529732e-002, octave:0 }
   - { x:6610., y:1848., size:31., angle:2.2743582153320312e+002,
       response:2.8238492086529732e-002, octave:0 }
   - { x:6655., y:1681., size:31., angle:2.4810147094726562e+002,
       response:2.8288017958402634e-002, octave:0 }
   - { x:6688., y:1681., size:31., angle:1.8168460083007812e+002,
       response:2.8133912011981010e-002, octave:0 }
   - { x:6685., y:1848., size:31., angle:3.5861984252929687e+002,
       response:2.8238492086529732e-002, octave:0 }
   - { x:6710., y:1681., size:31., angle:2.6377838134765625e+002,
       response:2.8628055006265640e-002, octave:0 }
   - { x:6544., y:1848., size:31., angle:2.4504037475585937e+002,
       response:2.8116079047322273e-002, octave:0 }
   - { x:6488., y:1648., size:31., angle:2.3801875305175781e+002,
       response:2.8294835239648819e-002, octave:0 }
   - { x:6430., y:1823., size:31., angle:4.1585918426513672e+001,
       response:2.8187457472085953e-002, octave:0 }
   - { x:6541., y:1767., size:31., angle:2.9897320556640625e+002,
       response:2.8258938342332840e-002, octave:0 }
   - { x:6544., y:1648., size:31., angle:2.4115890502929687e+002,
       response:2.8115730732679367e-002, octave:0 }
   - { x:6455., y:1767., size:31., angle:3.0809936523437500e+002,
       response:2.8092717751860619e-002, octave:0 }
   - { x:6632., y:1855., size:31., angle:3.2086282348632812e+002,
       response:2.7701532468199730e-002, octave:0 }
   - { x:6663., y:1856., size:31., angle:2.2816256713867187e+002,
       response:2.8092717751860619e-002, octave:0 }
   - { x:6410., y:1848., size:31., angle:4.4646884918212891e+001,
       response:2.8048342093825340e-002, octave:0 }
   - { x:6656., y:1879., size:31., angle:1.4622338867187500e+002,
       response:2.6007834821939468e-002, octave:0 }
   - { x:6474., y:1714., size:31., angle:1.6662400817871094e+002,
       response:2.7484586462378502e-002, octave:0 }
   - { x:2600., y:2216., size:31., angle:5.4626686096191406e+001,
       response:2.7182191610336304e-002, octave:0 }
   - { x:6407., y:1703., size:31., angle:1.2622528076171875e+002,
       response:2.8101662173867226e-002, octave:0 }
   - { x:6677., y:1845., size:31., angle:3.5368038940429687e+002,
       response:2.7377504855394363e-002, octave:0 }
   - { x:6566., y:1714., size:31., angle:2.1928890228271484e+001,
       response:2.7643999084830284e-002, octave:0 }
   - { x:1712., y:2156., size:31., angle:3.5069940185546875e+002,
       response:2.7677044272422791e-002, octave:0 }
   - { x:6430., y:1681., size:31., angle:3.0632678222656250e+002,
       response:2.7822278439998627e-002, octave:0 }
   - { x:6519., y:1760., size:31., angle:1.7388294982910156e+002,
       response:2.7701532468199730e-002, octave:0 }
   - { x:2602., y:2214., size:31., angle:3.5417392730712891e+001,
       response:2.7104027569293976e-002, octave:0 }
   - { x:6618., y:1845., size:31., angle:2.1633914184570312e+002,
       response:2.7377504855394363e-002, octave:0 }
   - { x:6507., y:1859., size:31., angle:3.0495651245117187e+002,
       response:2.7130924165248871e-002, octave:0 }
   - { x:6399., y:1792., size:31., angle:1.9648840332031250e+002,
       response:2.7514027431607246e-002, octave:0 }
   - { x:6618., y:1714., size:31., angle:1.3853401184082031e+002,
       response:2.7331914752721786e-002, octave:0 }
   - { x:6474., y:1800., size:31., angle:2.3132919311523438e+001,
       response:2.7929952368140221e-002, octave:0 }
   - { x:6599., y:1781., size:31., angle:2.2893409729003906e+002,
       response:2.7987269684672356e-002, octave:0 }
   - { x:6610., y:1637., size:31., angle:3.2506015777587891e+001,
       response:2.7484586462378502e-002, octave:0 }
   - { x:6418., y:1789., size:31., angle:2.3187918090820312e+002,
       response:2.7484586462378502e-002, octave:0 }
   - { x:6421., y:1781., size:31., angle:2.2846391296386719e+002,
       response:2.7459828183054924e-002, octave:0 }
   - { x:6563., y:1667., size:31., angle:4.9407546997070313e+001,
       response:2.5695214048027992e-002, octave:0 }
   - { x:6641., y:1889., size:31., angle:4.2202270507812500e+001,
       response:2.6753164827823639e-002, octave:0 }
   - { x:6697., y:1682., size:31., angle:2.5709460449218750e+002,
       response:2.6859343051910400e-002, octave:0 }
   - { x:6696., y:1834., size:31., angle:6.7859512329101563e+001,
       response:2.7730230242013931e-002, octave:0 }
   - { x:6663., y:1903., size:31., angle:1.3462509155273437e+002,
       response:2.7412245050072670e-002, octave:0 }
   - { x:6441., y:1726., size:31., angle:3.1498083496093750e+002,
       response:2.6346918195486069e-002, octave:0 }
   - { x:6585., y:1711., size:31., angle:6.2136219024658203e+001,
       response:2.7659824118018150e-002, octave:0 }
   - { x:6644., y:1667., size:31., angle:1.2184445953369141e+002,
       response:2.5655802339315414e-002, octave:0 }
   - { x:6710., y:1726., size:31., angle:2.5207305908203125e+002,
       response:2.6752721518278122e-002, octave:0 }
   - { x:6719., y:1682., size:31., angle:3.1442221069335938e+002,
       response:2.6932166889309883e-002, octave:0 }
   - { x:6688., y:1689., size:31., angle:1.9471083068847656e+002,
       response:2.7683541178703308e-002, octave:0 }
   - { x:6510., y:1614., size:31., angle:2.3768672180175781e+002,
       response:2.7148755267262459e-002, octave:0 }
   - { x:1783., y:2161., size:31., angle:1.0352724456787109e+002,
       response:2.6181455701589584e-002, octave:0 }
   - { x:6710., y:1711., size:31., angle:9.5629493713378906e+001,
       response:2.7659304440021515e-002, octave:0 }
   - { x:6644., y:1692., size:31., angle:2.2223965454101562e+002,
       response:2.5644090026617050e-002, octave:0 }
   - { x:2304., y:2141., size:31., angle:2.5206820678710937e+002,
       response:2.5750622153282166e-002, octave:0 }
   - { x:6607., y:1856., size:31., angle:2.2501678466796875e+002,
       response:2.8092717751860619e-002, octave:0 }
   - { x:2375., y:2153., size:31., angle:1.6456036376953125e+002,
       response:2.7315873652696609e-002, octave:0 }
   - { x:6644., y:1803., size:31., angle:2.4065733337402344e+002,
       response:2.6797946542501450e-002, octave:0 }
   - { x:6421., y:1645., size:31., angle:1.3491508483886719e+002,
       response:2.7740845456719398e-002, octave:0 }
   - { x:2451., y:2195., size:31., angle:1.8593756103515625e+002,
       response:2.6712577790021896e-002, octave:0 }
   - { x:6466., y:1823., size:31., angle:9.6121139526367188e+001,
       response:2.7755444869399071e-002, octave:0 }
   - { x:6399., y:1823., size:31., angle:1.5910702514648437e+002,
       response:2.7514027431607246e-002, octave:0 }
   - { x:6463., y:1656., size:31., angle:2.2488023376464844e+002,
       response:2.8092717751860619e-002, octave:0 }
   - { x:6663., y:1826., size:31., angle:1.3664074707031250e+002,
       response:2.7898008003830910e-002, octave:0 }
   - { x:6677., y:1703., size:31., angle:2.1231446838378906e+002,
       response:2.7994578704237938e-002, octave:0 }
   - { x:6455., y:1711., size:31., angle:1.2162208557128906e+002,
       response:2.7876952663064003e-002, octave:0 }
   - { x:6410., y:1711., size:31., angle:1.0818937683105469e+002,
       response:2.7755444869399071e-002, octave:0 }
   - { x:6563., y:1900., size:31., angle:7.5022537231445312e+001,
       response:2.5004625320434570e-002, octave:0 }
   - { x:2594., y:2234., size:31., angle:1.0594734191894531e+002,
       response:2.7630483731627464e-002, octave:0 }
   - { x:6541., y:1634., size:31., angle:7.0799858093261719e+001,
       response:2.5892369449138641e-002, octave:0 }
   - { x:6652., y:1748., size:31., angle:1.4367858886718750e+002,
