%YAML:1.0
KeyPoints:
   - { x:116., y:80., size:31., angle:1.1330340576171875e+002,
       response:4.2297616600990295e-003, octave:0 }
   - { x:62., y:227., size:31., angle:2.6010995483398437e+002,
       response:1.0438475757837296e-002, octave:0 }
   - { x:109., y:221., size:31., angle:2.6295660400390625e+002,
       response:9.7650922834873199e-003, octave:0 }
   - { x:77., y:222., size:31., angle:2.5166377258300781e+002,
       response:2.2542426362633705e-002, octave:0 }
   - { x:108., y:117., size:31., angle:2.1228002929687500e+002,
       response:3.4294803626835346e-003, octave:0 }
   - { x:142., y:191., size:31., angle:1.1226943206787109e+002,
       response:4.1160858236253262e-003, octave:0 }
   - { x:97., y:222., size:31., angle:2.8389758300781250e+002,
       response:1.8585378304123878e-002, octave:0 }
   - { x:107., y:222., size:31., angle:2.5526502990722656e+002,
       response:7.7958437614142895e-003, octave:0 }
   - { x:118., y:222., size:31., angle:2.9417752075195312e+002,
       response:8.2770502194762230e-003, octave:0 }
   - { x:132., y:222., size:31., angle:2.4190791320800781e+002,
       response:1.0185305029153824e-002, octave:0 }
   - { x:237., y:118., size:31., angle:3.2926199340820312e+002,
       response:3.1107247341424227e-003, octave:0 }
   - { x:162., y:222., size:31., angle:2.5302104187011719e+002,
       response:1.4329409226775169e-002, octave:0 }
   - { x:258., y:109., size:31., angle:3.5868252563476562e+002,
       response:3.0746660195291042e-003, octave:0 }
   - { x:211., y:187., size:31., angle:8.0746963500976563e+001,
       response:3.4556481987237930e-003, octave:0 }
   - { x:131., y:187., size:31., angle:1.1120372772216797e+002,
       response:4.3348819017410278e-003, octave:0 }
   - { x:189., y:223., size:31., angle:2.8279333496093750e+002,
       response:1.2975114397704601e-002, octave:0 }
   - { x:196., y:223., size:31., angle:2.5265255737304687e+002,
       response:1.4408589340746403e-002, octave:0 }
   - { x:204., y:223., size:31., angle:2.8767752075195312e+002,
       response:1.2160922400653362e-002, octave:0 }
   - { x:210., y:223., size:31., angle:2.6095285034179687e+002,
       response:1.8986249342560768e-002, octave:0 }
   - { x:113., y:103., size:31., angle:2.3011660766601562e+002,
       response:3.3406191505491734e-003, octave:0 }
   - { x:177., y:107., size:31., angle:2.5157455444335937e+002,
       response:3.0877175740897655e-003, octave:0 }
   - { x:245., y:223., size:31., angle:2.4895838928222656e+002,
       response:1.0179309174418449e-002, octave:0 }
   - { x:220., y:183., size:31., angle:7.0856964111328125e+001,
       response:3.2092642504721880e-003, octave:0 }
   - { x:224., y:180., size:31., angle:4.7412517547607422e+001,
       response:3.1825350597500801e-003, octave:0 }
   - { x:161., y:57., size:31., angle:6.6886993408203125e+001,
       response:4.7722905874252319e-003, octave:0 }
   - { x:184., y:58., size:31., angle:1.0813934326171875e+002,
       response:3.9361170493066311e-003, octave:0 }
   - { x:119., y:178., size:31., angle:1.3006446838378906e+002,
       response:3.4406753256917000e-003, octave:0 }
   - { x:251., y:223., size:31., angle:2.5841735839843750e+002,
       response:1.6784498468041420e-002, octave:0 }
   - { x:258., y:119., size:31., angle:9.1614074707031250e+000,
       response:3.1397228594869375e-003, octave:0 }
   - { x:258., y:223., size:31., angle:2.9736853027343750e+002,
       response:8.3378190174698830e-003, octave:0 }
   - { x:265., y:223., size:31., angle:2.7432855224609375e+002,
       response:1.1076794937252998e-002, octave:0 }
   - { x:229., y:176., size:31., angle:5.3069595336914062e+001,
       response:3.6881992127746344e-003, octave:0 }
   - { x:151., y:224., size:31., angle:2.8918963623046875e+002,
       response:4.0576448664069176e-003, octave:0 }
   - { x:238., y:224., size:31., angle:2.5439764404296875e+002,
       response:1.1779252439737320e-002, octave:0 }
   - { x:71., y:223., size:31., angle:2.9326748657226562e+002,
       response:1.4529004693031311e-002, octave:0 }
   - { x:114., y:175., size:31., angle:1.2833064270019531e+002,
       response:3.3617322333157063e-003, octave:0 }
   - { x:76., y:225., size:31., angle:2.5613919067382812e+002,
       response:1.5635434538125992e-002, octave:0 }
   - { x:254., y:102., size:31., angle:2.9219312667846680e+001,
       response:3.0918871052563190e-003, octave:0 }
   - { x:273., y:225., size:31., angle:2.4220072937011719e+002,
       response:3.9320052601397038e-003, octave:0 }
   - { x:289., y:225., size:31., angle:3.1449630737304687e+002,
       response:1.4601573348045349e-002, octave:0 }
   - { x:69., y:226., size:31., angle:3.1022335815429687e+002,
       response:2.0902374759316444e-002, octave:0 }
   - { x:97., y:226., size:31., angle:2.8212384033203125e+002,
       response:1.5486684627830982e-002, octave:0 }
   - { x:144., y:73., size:31., angle:3.1068530273437500e+002,
       response:3.0492967925965786e-003, octave:0 }
   - { x:181., y:226., size:31., angle:2.7827435302734375e+002,
       response:5.5592837743461132e-003, octave:0 }
   - { x:187., y:94., size:31., angle:1.3748548889160156e+002,
       response:3.9317151531577110e-003, octave:0 }
   - { x:111., y:171., size:31., angle:1.4991960144042969e+002,
       response:3.0323420651257038e-003, octave:0 }
   - { x:287., y:228., size:31., angle:3.1926611328125000e+002,
       response:2.2434435784816742e-002, octave:0 }
   - { x:177., y:94., size:31., angle:1.3593905639648437e+002,
       response:4.3248319998383522e-003, octave:0 }
   - { x:253., y:228., size:31., angle:2.6958013916015625e+002,
       response:4.8992689698934555e-003, octave:0 }
   - { x:107., y:166., size:31., angle:1.4553623962402344e+002,
       response:3.5440423525869846e-003, octave:0 }
   - { x:235., y:228., size:31., angle:2.8966970825195312e+002,
       response:1.7083918675780296e-002, octave:0 }
   - { x:106., y:143., size:31., angle:1.1973909759521484e+002,
       response:3.7377639673650265e-003, octave:0 }
   - { x:231., y:165., size:31., angle:3.4974218750000000e+002,
       response:5.2735824137926102e-003, octave:0 }
   - { x:256., y:131., size:31., angle:1.7413225173950195e+001,
       response:3.4675670322030783e-003, octave:0 }
   - { x:92., y:228., size:31., angle:3.1429385375976562e+002,
       response:1.0676670819520950e-002, octave:0 }
   - { x:179., y:122., size:31., angle:1.2218936920166016e+002,
       response:3.4457987640053034e-003, octave:0 }
   - { x:106., y:131., size:31., angle:1.9568754577636719e+002,
       response:3.6361857783049345e-003, octave:0 }
   - { x:114., y:165., size:31., angle:1.9421943664550781e+002,
       response:3.3956915140151978e-003, octave:0 }
   - { x:238., y:144., size:31., angle:6.1250621795654297e+001,
       response:3.5476342309266329e-003, octave:0 }
   - { x:169., y:92., size:31., angle:6.3415977478027344e+001,
       response:3.1070362310856581e-003, octave:0 }
   - { x:158., y:81., size:31., angle:3.3180157470703125e+002,
       response:3.3962423913180828e-003, octave:0 }
   - { x:112., y:164., size:31., angle:1.8271673583984375e+002,
       response:4.8363520763814449e-003, octave:0 }
   - { x:252., y:144., size:31., angle:2.4954250335693359e+001,
       response:3.1940331682562828e-003, octave:0 }
   - { x:188., y:82., size:31., angle:2.0383439636230469e+002,
       response:4.3796948157250881e-003, octave:0 }
   - { x:213., y:82., size:31., angle:5.0373172760009766e+001,
       response:3.6174536217004061e-003, octave:0 }
   - { x:186., y:87., size:31., angle:1.5242500305175781e+002,
       response:3.0652994755655527e-003, octave:0 }
   - { x:169., y:228., size:31., angle:2.5228892517089844e+002,
       response:2.1436611190438271e-002, octave:0 }
   - { x:244., y:159., size:31., angle:3.7444751739501953e+001,
       response:3.3158047590404749e-003, octave:0 }
   - { x:233., y:159., size:31., angle:2.9990573120117187e+002,
