%YAML:1.0
KeyPoints:
   - { x:281., y:278., size:31., angle:2.3056233215332031e+002,
       response:9.8524019122123718e-003, octave:0 }
   - { x:499., y:406., size:31., angle:3.0201593017578125e+002,
       response:6.6166501492261887e-003, octave:0 }
   - { x:362., y:444., size:31., angle:6.5825843811035156e+001,
       response:7.1618584915995598e-003, octave:0 }
   - { x:293., y:256., size:31., angle:1.9673236083984375e+002,
       response:7.3566706851124763e-003, octave:0 }
   - { x:264., y:387., size:31., angle:2.8797698974609375e+002,
       response:8.1769833341240883e-003, octave:0 }
   - { x:366., y:306., size:31., angle:3.2339791870117187e+002,
       response:6.1815949156880379e-003, octave:0 }
   - { x:512., y:387., size:31., angle:7.7818443298339844e+001,
       response:1.4407007023692131e-002, octave:0 }
   - { x:368., y:336., size:31., angle:1.6145648956298828e+001,
       response:8.4400633350014687e-003, octave:0 }
   - { x:417., y:343., size:31., angle:2.6207611083984375e+002,
       response:7.7254581265151501e-003, octave:0 }
   - { x:283., y:314., size:31., angle:2.0141992187500000e+002,
       response:9.0229511260986328e-003, octave:0 }
   - { x:423., y:441., size:31., angle:1.2847940063476562e+002,
       response:6.6690295934677124e-003, octave:0 }
   - { x:422., y:415., size:31., angle:5.6363639831542969e+001,
       response:1.0868799872696400e-002, octave:0 }
   - { x:402., y:232., size:31., angle:2.4888055801391602e+001,
       response:6.3383760862052441e-003, octave:0 }
   - { x:525., y:384., size:31., angle:6.1565212249755859e+001,
       response:8.0594895407557487e-003, octave:0 }
   - { x:524., y:305., size:31., angle:3.3434906005859375e+002,
       response:5.8625680394470692e-003, octave:0 }
   - { x:384., y:441., size:31., angle:1.5356394958496094e+002,
       response:9.5342118293046951e-003, octave:0 }
   - { x:510., y:435., size:31., angle:2.1623048400878906e+002,
       response:1.0475026443600655e-002, octave:0 }
   - { x:323., y:393., size:31., angle:1.0895458984375000e+002,
       response:9.4431200996041298e-003, octave:0 }
   - { x:382., y:254., size:31., angle:3.4777576446533203e+001,
       response:6.0403845272958279e-003, octave:0 }
   - { x:349., y:383., size:31., angle:3.0842654418945312e+002,
       response:7.2415713220834732e-003, octave:0 }
   - { x:529., y:297., size:31., angle:3.0272924804687500e+002,
       response:8.5349651053547859e-003, octave:0 }
   - { x:433., y:375., size:31., angle:2.2347790527343750e+002,
       response:6.3230097293853760e-003, octave:0 }
   - { x:324., y:444., size:31., angle:1.2606695556640625e+002,
       response:6.7114015109837055e-003, octave:0 }
   - { x:558., y:363., size:31., angle:1.5130973815917969e+002,
       response:6.9391806609928608e-003, octave:0 }
   - { x:355., y:382., size:31., angle:2.9281466674804687e+002,
       response:7.8112962655723095e-003, octave:0 }
   - { x:464., y:392., size:31., angle:1.3783087158203125e+002,
       response:8.7842959910631180e-003, octave:0 }
   - { x:274., y:363., size:31., angle:9.7813301086425781e+001,
       response:5.7841744273900986e-003, octave:0 }
   - { x:333., y:441., size:31., angle:5.4456577301025391e+001,
       response:6.3092634081840515e-003, octave:0 }
   - { x:410., y:264., size:31., angle:3.1543395996093750e+002,
       response:6.5547670237720013e-003, octave:0 }
   - { x:292., y:240., size:31., angle:1.0246406555175781e+002,
       response:5.9861550107598305e-003, octave:0 }
   - { x:421., y:361., size:31., angle:7.3843177795410156e+001,
       response:8.8791400194168091e-003, octave:0 }
   - { x:407., y:238., size:31., angle:9.6128440856933594e+001,
       response:8.6086122319102287e-003, octave:0 }
   - { x:482., y:427., size:31., angle:2.4103708267211914e+001,
       response:1.1627930216491222e-002, octave:0 }
   - { x:531., y:303., size:31., angle:2.0144889831542969e+002,
       response:8.6190979927778244e-003, octave:0 }
   - { x:531., y:397., size:31., angle:2.7945385742187500e+002,
       response:1.4937918633222580e-002, octave:0 }
   - { x:276., y:261., size:31., angle:3.4663156127929687e+002,
       response:6.9898432120680809e-003, octave:0 }
   - { x:347., y:416., size:31., angle:3.2707788085937500e+002,
       response:6.7077544517815113e-003, octave:0 }
   - { x:519., y:380., size:31., angle:2.4206100463867188e+001,
       response:7.6604983769357204e-003, octave:0 }
   - { x:402., y:387., size:31., angle:2.5162457275390625e+002,
       response:8.5992533713579178e-003, octave:0 }
   - { x:528., y:312., size:31., angle:2.9355142211914062e+002,
       response:6.2220431864261627e-003, octave:0 }
   - { x:484., y:296., size:31., angle:1.0324719238281250e+002,
       response:8.2906195893883705e-003, octave:0 }
   - { x:545., y:408., size:31., angle:2.5055487060546875e+002,
       response:1.0079328902065754e-002, octave:0 }
   - { x:551., y:397., size:31., angle:1.6896395874023437e+002,
       response:6.9459672085940838e-003, octave:0 }
   - { x:400., y:383., size:31., angle:2.4853952026367187e+002,
       response:1.2386100366711617e-002, octave:0 }
   - { x:552., y:338., size:31., angle:1.6700930786132812e+002,
       response:8.4486380219459534e-003, octave:0 }
   - { x:250., y:358., size:31., angle:2.0826955795288086e+001,
       response:1.1501614004373550e-002, octave:0 }
   - { x:461., y:308., size:31., angle:2.7470690917968750e+002,
       response:8.4115369245409966e-003, octave:0 }
   - { x:503., y:245., size:31., angle:2.5031938552856445e+001,
       response:7.6220538467168808e-003, octave:0 }
   - { x:525., y:412., size:31., angle:2.4445422363281250e+002,
       response:5.9122010134160519e-003, octave:0 }
   - { x:283., y:296., size:31., angle:1.3263252258300781e+001,
       response:8.1142373383045197e-003, octave:0 }
   - { x:437., y:184., size:31., angle:1.2551345825195312e+002,
       response:1.0580382309854031e-002, octave:0 }
   - { x:518., y:299., size:31., angle:1.9120401000976562e+002,
       response:6.6309282556176186e-003, octave:0 }
   - { x:434., y:276., size:31., angle:8.2223777770996094e+001,
       response:8.0334534868597984e-003, octave:0 }
   - { x:440., y:431., size:31., angle:3.0957141113281250e+002,
       response:8.5057122632861137e-003, octave:0 }
   - { x:334., y:331., size:31., angle:3.5698883056640625e+002,
       response:6.1171357519924641e-003, octave:0 }
   - { x:363., y:351., size:31., angle:3.4191561889648437e+002,
       response:9.4098290428519249e-003, octave:0 }
   - { x:452., y:348., size:31., angle:2.0834771728515625e+002,
       response:1.3382371515035629e-002, octave:0 }
   - { x:282., y:409., size:31., angle:9.0708648681640625e+001,
       response:1.1471046134829521e-002, octave:0 }
   - { x:271., y:336., size:31., angle:2.6443011474609375e+002,
       response:8.1387246027588844e-003, octave:0 }
   - { x:521., y:394., size:31., angle:2.9561088562011719e+001,
       response:8.4138717502355576e-003, octave:0 }
   - { x:390., y:270., size:31., angle:1.2179685974121094e+002,
       response:6.0088881291449070e-003, octave:0 }
   - { x:284., y:440., size:31., angle:1.5388411283493042e+000,
       response:7.9175252467393875e-003, octave:0 }
   - { x:543., y:398., size:31., angle:8.7293365478515625e+001,
       response:9.4621423631906509e-003, octave:0 }
   - { x:389., y:248., size:31., angle:3.5771575927734375e+002,
       response:6.6050537861883640e-003, octave:0 }
   - { x:453., y:350., size:31., angle:1.8751123046875000e+002,
       response:1.1637288145720959e-002, octave:0 }
   - { x:479., y:293., size:31., angle:1.1747431182861328e+002,
       response:8.1830201670527458e-003, octave:0 }
   - { x:340., y:386., size:31., angle:2.6370739746093750e+002,
       response:1.1114970780909061e-002, octave:0 }
   - { x:270., y:312., size:31., angle:8.5383666992187500e+001,
       response:8.0007296055555344e-003, octave:0 }
   - { x:433., y:190., size:31., angle:1.2865206909179687e+002,
