%YAML:1.0
KeyPoints:
   - { x:691., y:519., size:31., angle:3.4326663970947266e+001,
       response:6.5446617081761360e-003, octave:0 }
   - { x:266., y:624., size:31., angle:1.9586825561523437e+002,
       response:6.5919263288378716e-003, octave:0 }
   - { x:525., y:349., size:31., angle:3.2842529296875000e+001,
       response:7.4333655647933483e-003, octave:0 }
   - { x:221., y:349., size:31., angle:2.5678842163085937e+002,
       response:6.9159911945462227e-003, octave:0 }
   - { x:637., y:902., size:31., angle:2.9041345214843750e+002,
       response:6.6052642650902271e-003, octave:0 }
   - { x:462., y:343., size:31., angle:9.7081108093261719e+001,
       response:6.8421778269112110e-003, octave:0 }
   - { x:534., y:341., size:31., angle:9.5865951538085938e+001,
       response:7.4048405513167381e-003, octave:0 }
   - { x:758., y:322., size:31., angle:2.7986508178710937e+002,
       response:6.4643034711480141e-003, octave:0 }
   - { x:248., y:306., size:31., angle:2.8040582275390625e+002,
       response:7.7326842583715916e-003, octave:0 }
   - { x:879., y:315., size:31., angle:2.1097013854980469e+002,
       response:7.0334323681890965e-003, octave:0 }
   - { x:748., y:467., size:31., angle:2.1631008911132812e+002,
       response:7.1208570152521133e-003, octave:0 }
   - { x:276., y:640., size:31., angle:1.0548953247070312e+002,
       response:6.3061737455427647e-003, octave:0 }
   - { x:472., y:531., size:31., angle:6.4505958557128906e+001,
       response:6.4779566600918770e-003, octave:0 }
   - { x:401., y:394., size:31., angle:2.9260406494140625e+002,
       response:7.3114638216793537e-003, octave:0 }
   - { x:664., y:111., size:31., angle:6.7883666992187500e+001,
       response:6.3773775473237038e-003, octave:0 }
   - { x:680., y:812., size:31., angle:1.0969888305664062e+002,
       response:6.9600925780832767e-003, octave:0 }
   - { x:719., y:641., size:31., angle:8.4669464111328125e+001,
       response:7.2553846985101700e-003, octave:0 }
   - { x:312., y:612., size:31., angle:3.7910972595214844e+001,
       response:7.0182546041905880e-003, octave:0 }
   - { x:489., y:118., size:31., angle:1.3175000000000000e+002,
       response:6.5534864552319050e-003, octave:0 }
   - { x:309., y:119., size:31., angle:2.3273183822631836e+001,
       response:6.7055681720376015e-003, octave:0 }
   - { x:379., y:205., size:31., angle:1.9643528747558594e+002,
       response:6.9308048114180565e-003, octave:0 }
   - { x:717., y:651., size:31., angle:1.2429902076721191e+001,
       response:6.8133114837110043e-003, octave:0 }
   - { x:285., y:654., size:31., angle:1.9258039855957031e+002,
       response:7.1377251297235489e-003, octave:0 }
   - { x:305., y:680., size:31., angle:1.8916999816894531e+002,
       response:7.5184809975326061e-003, octave:0 }
   - { x:693., y:681., size:31., angle:3.5194689941406250e+002,
       response:8.0018509179353714e-003, octave:0 }
   - { x:271., y:218., size:31., angle:3.5786080932617187e+002,
       response:6.8031484261155128e-003, octave:0 }
   - { x:540., y:860., size:31., angle:1.2592816925048828e+002,
       response:7.4658379890024662e-003, octave:0 }
   - { x:666., y:769., size:31., angle:1.0625981140136719e+002,
       response:6.2545137479901314e-003, octave:0 }
   - { x:349., y:221., size:31., angle:2.7026480102539062e+002,
       response:6.6160140559077263e-003, octave:0 }
   - { x:780., y:223., size:31., angle:2.9198712158203125e+002,
       response:7.6011703349649906e-003, octave:0 }
   - { x:151., y:447., size:31., angle:3.5318594360351562e+002,
       response:6.5315105020999908e-003, octave:0 }
   - { x:486., y:820., size:31., angle:1.4776318359375000e+002,
       response:6.3094752840697765e-003, octave:0 }
   - { x:341., y:226., size:31., angle:2.0489201354980469e+002,
       response:7.8338151797652245e-003, octave:0 }
   - { x:596., y:392., size:31., angle:2.4408206176757812e+002,
       response:7.6012439094483852e-003, octave:0 }
   - { x:252., y:591., size:31., angle:2.0469567871093750e+002,
       response:9.6327131614089012e-003, octave:0 }
   - { x:824., y:230., size:31., angle:9.9069351196289063e+001,
       response:6.5021463669836521e-003, octave:0 }
   - { x:252., y:589., size:31., angle:2.1170208740234375e+002,
       response:6.2552895396947861e-003, octave:0 }
   - { x:253., y:231., size:31., angle:1.0387734985351562e+002,
       response:6.5772435627877712e-003, octave:0 }
   - { x:822., y:371., size:31., angle:1.4384693908691406e+002,
       response:6.7014973610639572e-003, octave:0 }
   - { x:788., y:371., size:31., angle:2.9705572509765625e+002,
       response:7.6895183883607388e-003, octave:0 }
   - { x:359., y:154., size:31., angle:1.0793559265136719e+002,
       response:6.4254547469317913e-003, octave:0 }
   - { x:165., y:238., size:31., angle:7.4028091430664063e+001,
       response:6.2745315954089165e-003, octave:0 }
   - { x:471., y:868., size:31., angle:1.5061380004882812e+002,
       response:6.7899967543780804e-003, octave:0 }
   - { x:508., y:925., size:31., angle:3.1275433349609375e+002,
       response:9.5405327156186104e-003, octave:0 }
   - { x:332., y:706., size:31., angle:1.8190751647949219e+002,
       response:7.1991649456322193e-003, octave:0 }
   - { x:666., y:706., size:31., angle:3.5630288696289062e+002,
       response:6.4962715841829777e-003, octave:0 }
   - { x:546., y:432., size:31., angle:1.9425192260742187e+002,
       response:6.6398098133504391e-003, octave:0 }
   - { x:708., y:364., size:31., angle:1.1658770751953125e+002,
       response:7.0809484459459782e-003, octave:0 }
   - { x:687., y:827., size:31., angle:1.9981008911132812e+002,
       response:7.1576302871108055e-003, octave:0 }
   - { x:451., y:432., size:31., angle:3.4685043334960937e+002,
       response:6.7110243253409863e-003, octave:0 }
   - { x:466., y:888., size:31., angle:2.3786091613769531e+002,
       response:6.6152308136224747e-003, octave:0 }
   - { x:616., y:739., size:31., angle:1.0560548400878906e+002,
       response:7.7972435392439365e-003, octave:0 }
   - { x:311., y:624., size:31., angle:3.3557048797607422e+001,
       response:6.4651397988200188e-003, octave:0 }
   - { x:289., y:364., size:31., angle:6.9094215393066406e+001,
       response:6.5193143673241138e-003, octave:0 }
   - { x:713., y:868., size:31., angle:2.0156213378906250e+002,
       response:6.3205491751432419e-003, octave:0 }
   - { x:615., y:403., size:31., angle:1.5028740882873535e+001,
       response:6.8070981651544571e-003, octave:0 }
   - { x:676., y:786., size:31., angle:1.9520422363281250e+002,
       response:6.3888444565236568e-003, octave:0 }
   - { x:300., y:557., size:31., angle:1.3434353637695312e+002,
       response:7.5572039932012558e-003, octave:0 }
   - { x:757., y:556., size:31., angle:3.3047924804687500e+002,
       response:6.2450570985674858e-003, octave:0 }
   - { x:451., y:79., size:31., angle:3.8275970458984375e+001,
       response:6.2407637014985085e-003, octave:0 }
   - { x:488., y:470., size:31., angle:2.0356369018554688e+002,
       response:6.0858521610498428e-003, octave:0 }
   - { x:383., y:403., size:31., angle:1.6415226745605469e+002,
       response:5.6878952309489250e-003, octave:0 }
   - { x:796., y:772., size:31., angle:9.1398605346679688e+001,
       response:5.9432624839246273e-003, octave:0 }
   - { x:476., y:481., size:31., angle:2.1294206237792969e+002,
       response:5.6427754461765289e-003, octave:0 }
   - { x:732., y:769., size:31., angle:9.2316528320312500e+001,
       response:5.9658694081008434e-003, octave:0 }
   - { x:811., y:789., size:31., angle:1.8553234863281250e+002,
       response:6.1252824962139130e-003, octave:0 }
   - { x:625., y:98., size:31., angle:1.5163070678710937e+002,
       response:5.6935660541057587e-003, octave:0 }
   - { x:545., y:407., size:31., angle:2.1354447937011719e+002,
       response:6.1501227319240570e-003, octave:0 }
   - { x:636., y:809., size:31., angle:1.9847286987304688e+002,
