%YAML:1.0
KeyPoints:
   - { x:709., y:636., size:31., angle:1.4296429443359375e+002,
       response:9.7205974161624908e-003, octave:0 }
   - { x:779., y:565., size:31., angle:3.2504403686523437e+002,
       response:9.1503066942095757e-003, octave:0 }
   - { x:528., y:475., size:31., angle:6.3788914680480957e+000,
       response:1.0516105219721794e-002, octave:0 }
   - { x:317., y:566., size:31., angle:1.3700602722167969e+002,
       response:1.0633354075253010e-002, octave:0 }
   - { x:267., y:601., size:31., angle:2.1291076660156250e+002,
       response:7.9914536327123642e-003, octave:0 }
   - { x:708., y:620., size:31., angle:1.3460337829589844e+002,
       response:1.0141219943761826e-002, octave:0 }
   - { x:418., y:402., size:31., angle:2.9640231323242187e+002,
       response:8.2618417218327522e-003, octave:0 }
   - { x:433., y:358., size:31., angle:5.2538429260253906e+001,
       response:8.9348629117012024e-003, octave:0 }
   - { x:602., y:356., size:31., angle:1.3212918090820312e+002,
       response:9.5392065122723579e-003, octave:0 }
   - { x:635., y:749., size:31., angle:1.2074629211425781e+002,
       response:8.9028840884566307e-003, octave:0 }
   - { x:542., y:355., size:31., angle:2.1521560668945313e+001,
       response:1.1205030605196953e-002, octave:0 }
   - { x:566., y:442., size:31., angle:1.9949165344238281e+002,
       response:8.0925291404128075e-003, octave:0 }
   - { x:494., y:441., size:31., angle:1.9000056457519531e+002,
       response:8.8911829516291618e-003, octave:0 }
   - { x:492., y:354., size:31., angle:1.6272718811035156e+002,
       response:7.8195342794060707e-003, octave:0 }
   - { x:256., y:565., size:31., angle:2.1227008056640625e+002,
       response:1.0495685040950775e-002, octave:0 }
   - { x:326., y:634., size:31., angle:3.4187587738037109e+001,
       response:9.8408618941903114e-003, octave:0 }
   - { x:752., y:635., size:31., angle:3.4132470703125000e+002,
       response:9.8759951069951057e-003, octave:0 }
   - { x:283., y:636., size:31., angle:1.9518286132812500e+002,
       response:1.0315243154764175e-002, octave:0 }
   - { x:659., y:735., size:31., angle:8.1892761230468750e+001,
       response:9.5110386610031128e-003, octave:0 }
   - { x:377., y:735., size:31., angle:9.7977058410644531e+001,
       response:9.6736857667565346e-003, octave:0 }
   - { x:317., y:578., size:31., angle:2.1341030883789063e+002,
       response:8.2462169229984283e-003, octave:0 }
   - { x:735., y:370., size:31., angle:1.0296756744384766e+002,
       response:8.1972489133477211e-003, octave:0 }
   - { x:394., y:349., size:31., angle:3.0299304962158203e+001,
       response:1.0232650674879551e-002, octave:0 }
   - { x:250., y:520., size:31., angle:2.2571212768554687e+002,
       response:9.9744936451315880e-003, octave:0 }
   - { x:640., y:348., size:31., angle:1.4712506103515625e+002,
       response:8.6644766852259636e-003, octave:0 }
   - { x:339., y:486., size:31., angle:1.5857841491699219e+002,
       response:8.5048153996467590e-003, octave:0 }
   - { x:480., y:347., size:31., angle:7.5357032775878906e+001,
       response:1.1861160397529602e-002, octave:0 }
   - { x:323., y:691., size:31., angle:1.9004270935058594e+002,
       response:8.6628207936882973e-003, octave:0 }
   - { x:684., y:718., size:31., angle:3.5923928833007812e+002,
       response:1.1291990056633949e-002, octave:0 }
   - { x:302., y:665., size:31., angle:1.8921578979492188e+002,
       response:1.1191143654286861e-002, octave:0 }
   - { x:352., y:718., size:31., angle:1.7606823730468750e+002,
       response:1.1421744711697102e-002, octave:0 }
   - { x:734., y:664., size:31., angle:3.4491397094726562e+002,
       response:8.3986744284629822e-003, octave:0 }
   - { x:471., y:420., size:31., angle:3.3579446411132812e+002,
       response:8.3559071645140648e-003, octave:0 }
   - { x:553., y:346., size:31., angle:1.0476691436767578e+002,
       response:1.1411826126277447e-002, octave:0 }
   - { x:698., y:417., size:31., angle:6.7214393615722656e+001,
       response:1.1586358770728111e-002, octave:0 }
   - { x:391., y:641., size:31., angle:1.9358810424804687e+002,
       response:8.4984144195914268e-003, octave:0 }
   - { x:564., y:772., size:31., angle:1.3623731994628906e+002,
       response:8.0109247937798500e-003, octave:0 }
   - { x:830., y:974., size:31., angle:2.2342242431640625e+002,
       response:8.5771903395652771e-003, octave:0 }
   - { x:469., y:418., size:31., angle:3.2221368408203125e+002,
       response:9.8692895844578743e-003, octave:0 }
   - { x:528., y:461., size:31., angle:1.0081628417968750e+002,
       response:8.9438529685139656e-003, octave:0 }
   - { x:567., y:421., size:31., angle:2.1379010009765625e+002,
       response:1.0050063021481037e-002, octave:0 }
   - { x:744., y:649., size:31., angle:7.5138664245605469e+001,
       response:8.3994287997484207e-003, octave:0 }
   - { x:359., y:710., size:31., angle:1.7727450561523438e+002,
       response:9.4443913549184799e-003, octave:0 }
   - { x:425., y:326., size:31., angle:3.2043861389160156e+001,
       response:1.3442479074001312e-002, octave:0 }
   - { x:400., y:411., size:31., angle:1.5738424682617188e+002,
       response:1.2188845314085484e-002, octave:0 }
   - { x:825., y:998., size:31., angle:3.2057821655273437e+002,
       response:8.9760003611445427e-003, octave:0 }
   - { x:473., y:772., size:31., angle:3.5268318176269531e+001,
       response:7.8020007349550724e-003, octave:0 }
   - { x:830., y:981., size:31., angle:1.5390513610839844e+002,
       response:1.0710389353334904e-002, octave:0 }
   - { x:714., y:614., size:31., angle:3.4416427612304688e+002,
       response:1.1915631592273712e-002, octave:0 }
   - { x:303., y:368., size:31., angle:8.6289321899414063e+001,
       response:9.9397655576467514e-003, octave:0 }
   - { x:733., y:369., size:31., angle:9.7444602966308594e+001,
       response:1.0719355195760727e-002, octave:0 }
   - { x:321., y:615., size:31., angle:2.0008378601074219e+002,
       response:7.9985763877630234e-003, octave:0 }
   - { x:830., y:962., size:31., angle:2.6124401855468750e+002,
       response:8.5856653749942780e-003, octave:0 }
   - { x:335., y:416., size:31., angle:1.2051179504394531e+002,
       response:8.7611833587288857e-003, octave:0 }
   - { x:825., y:958., size:31., angle:7.0900024414062500e+001,
       response:7.8269224613904953e-003, octave:0 }
   - { x:710., y:691., size:31., angle:3.5269082641601562e+002,
       response:1.0829231701791286e-002, octave:0 }
   - { x:784., y:519., size:31., angle:3.0752832031250000e+002,
       response:7.8860623762011528e-003, octave:0 }
   - { x:714., y:539., size:31., angle:3.1923126220703125e+002,
       response:8.5923923179507256e-003, octave:0 }
   - { x:517., y:261., size:31., angle:9.0077201843261719e+001,
       response:7.7713015489280224e-003, octave:0 }
   - { x:768., y:602., size:31., angle:3.3516180419921875e+002,
       response:1.0872940532863140e-002, octave:0 }
   - { x:635., y:412., size:31., angle:3.4989204406738281e+001,
       response:1.2460381723940372e-002, octave:0 }
   - { x:537., y:493., size:31., angle:3.3596118164062500e+002,
       response:9.3762334436178207e-003, octave:0 }
   - { x:601., y:762., size:31., angle:1.2981149291992187e+002,
       response:8.5354782640933990e-003, octave:0 }
   - { x:698., y:486., size:31., angle:2.7583166122436523e+001,
       response:1.2673486024141312e-002, octave:0 }
   - { x:712., y:526., size:31., angle:4.2236831665039063e+001,
       response:9.1125406324863434e-003, octave:0 }
   - { x:610., y:324., size:31., angle:1.4184780883789062e+002,
       response:8.7857553735375404e-003, octave:0 }
   - { x:507., y:478., size:31., angle:1.7812487792968750e+002,
       response:9.9362377077341080e-003, octave:0 }
   - { x:773., y:476., size:31., angle:2.2670532226562500e+002,
       response:1.0043212212622166e-002, octave:0 }
   - { x:262., y:476., size:31., angle:3.1800695800781250e+002,
