%YAML:1.0
KeyPoints:
   - { x:377., y:183., size:31., angle:7.4197509765625000e+001,
       response:2.3366424720734358e-003, octave:0 }
   - { x:336., y:57., size:31., angle:1.2790901184082031e+002,
       response:1.3551835436373949e-003, octave:0 }
   - { x:301., y:58., size:31., angle:5.8618900299072266e+001,
       response:1.8062869785353541e-003, octave:0 }
   - { x:338., y:58., size:31., angle:1.2140010833740234e+002,
       response:1.7958892276510596e-003, octave:0 }
   - { x:263., y:62., size:31., angle:1.8100055694580078e+001,
       response:2.2927455138415098e-003, octave:0 }
   - { x:376., y:62., size:31., angle:1.6189054870605469e+002,
       response:2.3292212281376123e-003, octave:0 }
   - { x:348., y:89., size:31., angle:1.9415394592285156e+002,
       response:1.9092983566224575e-003, octave:0 }
   - { x:207., y:95., size:31., angle:3.3792015075683594e+001,
       response:2.1739692892879248e-003, octave:0 }
   - { x:432., y:95., size:31., angle:1.4609396362304687e+002,
       response:2.1953631658107042e-003, octave:0 }
   - { x:318., y:112., size:31., angle:2.6468499755859375e+002,
       response:1.5321030514314771e-003, octave:0 }
   - { x:321., y:112., size:31., angle:2.7534011840820312e+002,
       response:1.5301931416615844e-003, octave:0 }
   - { x:362., y:124., size:31., angle:1.0262919616699219e+002,
       response:4.0502711199223995e-003, octave:0 }
   - { x:277., y:125., size:31., angle:8.0355621337890625e+001,
       response:3.3149998635053635e-003, octave:0 }
   - { x:174., y:126., size:31., angle:3.0135416030883789e+001,
       response:2.3339691106230021e-003, octave:0 }
   - { x:465., y:126., size:31., angle:1.4988430786132812e+002,
       response:2.3381246719509363e-003, octave:0 }
   - { x:287., y:137., size:31., angle:1.5358557128906250e+002,
       response:2.4173611309379339e-003, octave:0 }
   - { x:352., y:137., size:31., angle:2.6467142105102539e+001,
       response:2.4262038059532642e-003, octave:0 }
   - { x:230., y:145., size:31., angle:5.0505561828613281e+001,
       response:1.4992108335718513e-003, octave:0 }
   - { x:409., y:145., size:31., angle:1.2947160339355469e+002,
       response:1.5187277458608150e-003, octave:0 }
   - { x:70., y:156., size:31., angle:6.9165496826171875e+001,
       response:3.3253345172852278e-003, octave:0 }
   - { x:569., y:156., size:31., angle:1.1079502868652344e+002,
       response:3.3319445792585611e-003, octave:0 }
   - { x:68., y:158., size:31., angle:5.4333663940429688e+001,
       response:2.9179048724472523e-003, octave:0 }
   - { x:571., y:158., size:31., angle:1.2563266754150391e+002,
       response:2.9328044038265944e-003, octave:0 }
   - { x:262., y:183., size:31., angle:1.0590829467773438e+002,
       response:2.3261285386979580e-003, octave:0 }
   - { x:465., y:604., size:31., angle:1.1600988006591797e+002,
       response:2.3157002869993448e-003, octave:0 }
   - { x:210., y:184., size:31., angle:2.8866778564453125e+002,
       response:2.2380172740668058e-003, octave:0 }
   - { x:343., y:298., size:31., angle:3.3320565795898437e+002,
       response:3.5545076243579388e-003, octave:0 }
   - { x:296., y:298., size:31., angle:2.0677876281738281e+002,
       response:3.5461841616779566e-003, octave:0 }
   - { x:429., y:184., size:31., angle:2.5136727905273437e+002,
       response:2.2393853869289160e-003, octave:0 }
   - { x:106., y:286., size:31., angle:1.4995980834960937e+002,
       response:3.6034621298313141e-003, octave:0 }
   - { x:305., y:280., size:31., angle:1.7973538208007812e+002,
       response:4.1589769534766674e-003, octave:0 }
   - { x:334., y:280., size:31., angle:7.2570580244064331e-001,
       response:4.1753966361284256e-003, octave:0 }
   - { x:174., y:604., size:31., angle:6.3965278625488281e+001,
       response:2.3361253552138805e-003, octave:0 }
   - { x:179., y:203., size:31., angle:1.6895957946777344e+002,
       response:3.2585973385721445e-003, octave:0 }
   - { x:460., y:203., size:31., angle:1.1151046752929688e+001,
       response:3.2994048669934273e-003, octave:0 }
   - { x:482., y:594., size:31., angle:2.2843292236328125e+001,
       response:2.1944877225905657e-003, octave:0 }
   - { x:157., y:594., size:31., angle:1.5713198852539062e+002,
       response:2.1978151053190231e-003, octave:0 }
   - { x:497., y:584., size:31., angle:1.1052597045898437e+002,
       response:3.0291590373963118e-003, octave:0 }
   - { x:142., y:584., size:31., angle:6.9472991943359375e+001,
       response:2.9880302026867867e-003, octave:0 }
   - { x:106., y:210., size:31., angle:1.1346990966796875e+002,
       response:2.4597996380180120e-003, octave:0 }
   - { x:533., y:210., size:31., angle:6.6483062744140625e+001,
       response:2.4314722977578640e-003, octave:0 }
   - { x:260., y:213., size:31., angle:3.3467846679687500e+002,
       response:3.0224525835365057e-003, octave:0 }
   - { x:519., y:569., size:31., angle:1.0164278984069824e+001,
       response:2.6377267204225063e-003, octave:0 }
   - { x:120., y:569., size:31., angle:1.6981460571289062e+002,
       response:2.6299231685698032e-003, octave:0 }
   - { x:531., y:558., size:31., angle:9.4028648376464844e+001,
       response:3.5015014000236988e-003, octave:0 }
   - { x:379., y:213., size:31., angle:2.0556698608398437e+002,
       response:2.9907051939517260e-003, octave:0 }
   - { x:108., y:558., size:31., angle:8.6021728515625000e+001,
       response:3.5548387095332146e-003, octave:0 }
   - { x:132., y:551., size:31., angle:1.7531109619140625e+002,
       response:2.9885759577155113e-003, octave:0 }
   - { x:513., y:543., size:31., angle:7.3752098083496094e+001,
       response:2.7127701323479414e-003, octave:0 }
   - { x:126., y:543., size:31., angle:1.0631373596191406e+002,
       response:2.6817675679922104e-003, octave:0 }
   - { x:549., y:542., size:31., angle:4.4874539375305176e+000,
       response:2.6634056121110916e-003, octave:0 }
   - { x:91., y:541., size:31., angle:1.7923211669921875e+002,
       response:2.5517041794955730e-003, octave:0 }
   - { x:560., y:529., size:31., angle:8.9974609375000000e+001,
       response:3.4905101638287306e-003, octave:0 }
   - { x:79., y:529., size:31., angle:8.9963851928710938e+001,
       response:3.4349071793258190e-003, octave:0 }
   - { x:528., y:520., size:31., angle:3.5123434448242187e+002,
       response:3.3401886466890574e-003, octave:0 }
   - { x:111., y:520., size:31., angle:1.8871723937988281e+002,
       response:3.3498541451990604e-003, octave:0 }
   - { x:575., y:511., size:31., angle:3.5679132080078125e+002,
       response:2.8384192846715450e-003, octave:0 }
   - { x:64., y:511., size:31., angle:1.8328413391113281e+002,
       response:2.7598966844379902e-003, octave:0 }
   - { x:105., y:510., size:31., angle:1.1777269744873047e+002,
       response:2.8624490369111300e-003, octave:0 }
   - { x:586., y:495., size:31., angle:8.0955863952636719e+001,
       response:3.1928694806993008e-003, octave:0 }
   - { x:53., y:495., size:31., angle:9.8998626708984375e+001,
       response:3.1435315031558275e-003, octave:0 }
   - { x:544., y:489., size:31., angle:2.4913356018066406e+002,
       response:2.7331062592566013e-003, octave:0 }
   - { x:95., y:489., size:31., angle:2.9087548828125000e+002,
       response:2.7752860914915800e-003, octave:0 }
   - { x:472., y:476., size:31., angle:3.4707192993164062e+002,
       response:2.0560086704790592e-003, octave:0 }
   - { x:347., y:233., size:31., angle:3.3045544433593750e+002,
       response:2.9490808956325054e-003, octave:0 }
   - { x:168., y:475., size:31., angle:1.8859330749511719e+002,
       response:1.9916512537747622e-003, octave:0 }
   - { x:295., y:234., size:31., angle:2.0654299926757813e+002,
       response:1.8894962267950177e-003, octave:0 }
   - { x:263., y:235., size:31., angle:3.1188650512695312e+002,
       response:2.9909079894423485e-003, octave:0 }
   - { x:376., y:235., size:31., angle:2.2900566101074219e+002,
