%YAML:1.0
KeyPoints:
   - { x:110., y:123., size:31., angle:3.0754891967773437e+002,
       response:3.4795398823916912e-003, octave:0 }
   - { x:465., y:140., size:31., angle:3.2718344116210937e+002,
       response:3.3494005911052227e-003, octave:0 }
   - { x:453., y:140., size:31., angle:2.3895683288574219e+002,
       response:4.5100026763975620e-003, octave:0 }
   - { x:83., y:190., size:31., angle:5.6022441864013672e+001,
       response:3.7311639171093702e-003, octave:0 }
   - { x:341., y:157., size:31., angle:1.4621788024902344e+002,
       response:4.1767368093132973e-003, octave:0 }
   - { x:194., y:190., size:31., angle:1.2623137664794922e+002,
       response:3.5934215411543846e-003, octave:0 }
   - { x:287., y:155., size:31., angle:1.1123532867431641e+002,
       response:4.5630065724253654e-003, octave:0 }
   - { x:485., y:139., size:31., angle:4.6226154327392578e+001,
       response:6.9961100816726685e-003, octave:0 }
   - { x:481., y:139., size:31., angle:1.2671514892578125e+002,
       response:8.9263124391436577e-003, octave:0 }
   - { x:71., y:194., size:31., angle:1.4997177124023437e+002,
       response:4.1196742095053196e-003, octave:0 }
   - { x:207., y:194., size:31., angle:2.7757226943969727e+001,
       response:3.5744218621402979e-003, octave:0 }
   - { x:127., y:107., size:31., angle:6.8291244506835938e+001,
       response:3.9292182773351669e-003, octave:0 }
   - { x:150., y:107., size:31., angle:1.0480487060546875e+002,
       response:3.9225961081683636e-003, octave:0 }
   - { x:315., y:155., size:31., angle:7.4958206176757813e+001,
       response:4.4862879440188408e-003, octave:0 }
   - { x:73., y:197., size:31., angle:1.2733315277099609e+002,
       response:3.3889261540025473e-003, octave:0 }
   - { x:326., y:136., size:31., angle:2.4856491088867187e+002,
       response:3.4245781134814024e-003, octave:0 }
   - { x:315., y:157., size:31., angle:7.8312759399414063e+001,
       response:4.2633470147848129e-003, octave:0 }
   - { x:132., y:110., size:31., angle:1.6050149917602539e+001,
       response:3.5923249088227749e-003, octave:0 }
   - { x:97., y:221., size:31., angle:1.0944095611572266e+002,
       response:4.4927438721060753e-003, octave:0 }
   - { x:202., y:116., size:31., angle:3.5514581298828125e+002,
       response:5.2658556960523129e-003, octave:0 }
   - { x:287., y:157., size:31., angle:1.0879557800292969e+002,
       response:3.2050060108304024e-003, octave:0 }
   - { x:176., y:224., size:31., angle:7.2064895629882812e+001,
       response:4.5203245244920254e-003, octave:0 }
   - { x:101., y:225., size:31., angle:1.1076281738281250e+002,
       response:3.1718076206743717e-003, octave:0 }
   - { x:387., y:135., size:31., angle:2.4182200622558594e+002,
       response:4.4389353133738041e-003, octave:0 }
   - { x:187., y:215., size:31., angle:4.1312255859375000e+001,
       response:4.2241085320711136e-003, octave:0 }
   - { x:371., y:135., size:31., angle:2.8577365112304687e+002,
       response:4.8558153212070465e-003, octave:0 }
   - { x:368., y:135., size:31., angle:2.9966320800781250e+002,
       response:3.2211465295404196e-003, octave:0 }
   - { x:84., y:150., size:31., angle:2.2653506469726562e+002,
       response:4.3303226120769978e-003, octave:0 }
   - { x:167., y:123., size:31., angle:2.3095928955078125e+002,
       response:3.8491806481033564e-003, octave:0 }
   - { x:345., y:134., size:31., angle:2.8886996459960937e+002,
       response:4.1203377768397331e-003, octave:0 }
   - { x:323., y:135., size:31., angle:2.8202001953125000e+002,
       response:6.0045467689633369e-003, octave:0 }
   - { x:321., y:135., size:31., angle:2.7832681274414062e+002,
       response:3.6068810150027275e-003, octave:0 }
   - { x:287., y:135., size:31., angle:2.9674298095703125e+002,
       response:4.8188832588493824e-003, octave:0 }
   - { x:181., y:221., size:31., angle:7.4182380676269531e+001,
       response:4.0259514935314655e-003, octave:0 }
   - { x:275., y:135., size:31., angle:2.8217544555664062e+002,
       response:5.7633188553154469e-003, octave:0 }
   - { x:135., y:139., size:31., angle:1.8491796493530273e+001,
       response:3.1578913331031799e-003, octave:0 }
   - { x:125., y:135., size:31., angle:2.8537635803222656e+001,
       response:3.8437186740338802e-003, octave:0 }
   - { x:113., y:230., size:31., angle:9.9797210693359375e+001,
       response:3.6866355221718550e-003, octave:0 }
   - { x:483., y:136., size:31., angle:2.8126495361328125e+002,
       response:1.3586862012743950e-002, octave:0 }
   - { x:317., y:175., size:31., angle:2.7270889282226562e+002,
       response:3.7157398182898760e-003, octave:0 }
   - { x:253., y:181., size:31., angle:9.1855812072753906e+001,
       response:3.3542935270816088e-003, octave:0 }
   - { x:298., y:172., size:31., angle:2.7753945922851562e+002,
       response:3.3355860505253077e-003, octave:0 }
   - { x:423., y:126., size:31., angle:2.6685565185546875e+002,
       response:3.9210938848555088e-003, octave:0 }
   - { x:255., y:181., size:31., angle:7.3522766113281250e+001,
       response:3.3096519764512777e-003, octave:0 }
   - { x:77., y:202., size:31., angle:1.6126577758789062e+002,
       response:3.6970719229429960e-003, octave:0 }
   - { x:86., y:127., size:31., angle:1.1245069885253906e+002,
       response:3.7646121345460415e-003, octave:0 }
   - { x:103., y:127., size:31., angle:7.3338874816894531e+001,
       response:3.4218167420476675e-003, octave:0 }
   - { x:331., y:172., size:31., angle:2.8740911865234375e+002,
       response:3.2244345638900995e-003, octave:0 }
   - { x:78., y:205., size:31., angle:1.4531980895996094e+002,
       response:3.4011318348348141e-003, octave:0 }
   - { x:191., y:127., size:31., angle:6.4187026977539063e+001,
       response:4.2344806715846062e-003, octave:0 }
   - { x:132., y:165., size:31., angle:4.4442733764648438e+001,
       response:3.1829173676669598e-003, octave:0 }
   - { x:175., y:128., size:31., angle:8.2020515441894531e+001,
       response:5.6799212470650673e-003, octave:0 }
   - { x:298., y:150., size:31., angle:1.5389241027832031e+002,
       response:3.5461357329040766e-003, octave:0 }
   - { x:430., y:148., size:31., angle:8.4485557556152344e+001,
       response:4.1254907846450806e-003, octave:0 }
   - { x:245., y:148., size:31., angle:1.6095335388183594e+002,
       response:3.2912904862314463e-003, octave:0 }
   - { x:78., y:174., size:31., angle:1.7816191101074219e+002,
       response:3.8096760399639606e-003, octave:0 }
   - { x:126., y:129., size:31., angle:3.3277929687500000e+002,
       response:3.7859312724322081e-003, octave:0 }
   - { x:152., y:129., size:31., angle:2.2127523803710937e+002,
       response:3.7025341298431158e-003, octave:0 }
   - { x:198., y:174., size:31., angle:3.5844174194335937e+002,
       response:3.2001154031604528e-003, octave:0 }
   - { x:254., y:175., size:31., angle:3.1605822753906250e+002,
       response:4.1527422145009041e-003, octave:0 }
   - { x:64., y:177., size:31., angle:1.6179907226562500e+002,
       response:3.1736581586301327e-003, octave:0 }
   - { x:213., y:146., size:31., angle:3.5026538085937500e+002,
       response:6.1511173844337463e-003, octave:0 }
   - { x:65., y:146., size:31., angle:1.8976431274414062e+002,
       response:4.2606159113347530e-003, octave:0 }
   - { x:481., y:134., size:31., angle:2.3582647705078125e+002,
       response:1.3568758033216000e-002, octave:0 }
   - { x:66., y:184., size:31., angle:1.6565135192871094e+002,
       response:3.1694455537945032e-003, octave:0 }
   - { x:211., y:184., size:31., angle:1.4152425765991211e+001,
       response:3.3393367193639278e-003, octave:0 }
   - { x:85., y:207., size:31., angle:1.8371138000488281e+002,
       response:5.1473127678036690e-003, octave:0 }
   - { x:192., y:207., size:31., angle:3.5723233032226562e+002,
       response:4.4288989156484604e-003, octave:0 }
   - { x:198., y:185., size:31., angle:7.7025238037109375e+001,
