%YAML:1.0
KeyPoints:
   - { x:102., y:78., size:31., angle:4.7850875854492188e+001,
       response:1.5485364710912108e-003, octave:0 }
   - { x:798., y:269., size:31., angle:3.0085000991821289e+001,
       response:2.2429516538977623e-003, octave:0 }
   - { x:161., y:269., size:31., angle:1.4995629882812500e+002,
       response:2.2142736706882715e-003, octave:0 }
   - { x:430., y:46., size:31., angle:1.6043757629394531e+002,
       response:3.5375850275158882e-003, octave:0 }
   - { x:529., y:46., size:31., angle:1.9624073028564453e+001,
       response:3.6430426407605410e-003, octave:0 }
   - { x:614., y:58., size:31., angle:1.3133181762695312e+002,
       response:1.1862522223964334e-003, octave:0 }
   - { x:502., y:263., size:31., angle:1.6621753692626953e+001,
       response:1.4805245446041226e-003, octave:0 }
   - { x:346., y:60., size:31., angle:5.1702804565429687e+001,
       response:1.5428452752530575e-003, octave:0 }
   - { x:613., y:60., size:31., angle:1.2815278625488281e+002,
       response:1.5864155720919371e-003, octave:0 }
   - { x:457., y:263., size:31., angle:1.6337670898437500e+002,
       response:1.5442500589415431e-003, octave:0 }
   - { x:105., y:75., size:31., angle:7.0767219543457031e+001,
       response:1.9403608748689294e-003, octave:0 }
   - { x:854., y:75., size:31., angle:1.0929813385009766e+002,
       response:1.9329003989696503e-003, octave:0 }
   - { x:103., y:76., size:31., angle:5.8355979919433594e+001,
       response:1.9306961912661791e-003, octave:0 }
   - { x:856., y:76., size:31., angle:1.2172776794433594e+002,
       response:1.9260172266513109e-003, octave:0 }
   - { x:389., y:185., size:31., angle:3.5670907592773437e+002,
       response:-3.7113339203642681e-005, octave:0 }
   - { x:857., y:78., size:31., angle:1.3219601440429687e+002,
       response:1.5228724805638194e-003, octave:0 }
   - { x:503., y:260., size:31., angle:3.5846533203125000e+002,
       response:2.8287216555327177e-003, octave:0 }
   - { x:456., y:260., size:31., angle:1.8154113769531250e+002,
       response:2.9892630409449339e-003, octave:0 }
   - { x:779., y:239., size:31., angle:2.8905157470703125e+002,
       response:1.8092553364112973e-003, octave:0 }
   - { x:180., y:239., size:31., angle:2.5100662231445312e+002,
       response:1.8575871363282204e-003, octave:0 }
   - { x:394., y:214., size:31., angle:6.9175964355468750e+001,
       response:5.1203791372245178e-005, octave:0 }
   - { x:500., y:232., size:31., angle:1.0057242584228516e+002,
       response:3.1580119393765926e-003, octave:0 }
   - { x:564., y:213., size:31., angle:1.0401119995117187e+002,
       response:4.3294977513141930e-004, octave:0 }
   - { x:393., y:115., size:31., angle:1.2923803710937500e+002,
       response:3.2653384841978550e-003, octave:0 }
   - { x:395., y:115., size:31., angle:1.3918955993652344e+002,
       response:2.3651879746466875e-003, octave:0 }
   - { x:566., y:115., size:31., angle:5.0634002685546875e+001,
       response:3.2561775296926498e-003, octave:0 }
   - { x:315., y:118., size:31., angle:2.8843939208984375e+002,
       response:9.9401338957250118e-004, octave:0 }
   - { x:461., y:220., size:31., angle:6.5750877380371094e+001,
       response:2.3833329323679209e-003, octave:0 }
   - { x:569., y:216., size:31., angle:1.2982954406738281e+002,
       response:3.1975803722161800e-005, octave:0 }
   - { x:644., y:118., size:31., angle:2.5156658935546875e+002,
       response:9.5380411949008703e-004, octave:0 }
   - { x:353., y:127., size:31., angle:1.3486190795898437e+002,
       response:3.1890484387986362e-004, octave:0 }
   - { x:606., y:127., size:31., angle:4.5186878204345703e+001,
       response:3.2039362122304738e-004, octave:0 }
   - { x:561., y:213., size:31., angle:9.3091201782226563e+001,
       response:6.6387077094987035e-004, octave:0 }
   - { x:513., y:216., size:31., angle:5.7443519592285156e+001,
       response:2.9688171343877912e-004, octave:0 }
   - { x:390., y:216., size:31., angle:4.9354022979736328e+001,
       response:3.5501134698279202e-004, octave:0 }
   - { x:518., y:214., size:31., angle:7.7544586181640625e+001,
       response:1.2147191591793671e-004, octave:0 }
   - { x:516., y:214., size:31., angle:7.0821670532226562e+001,
       response:5.4812221787869930e-004, octave:0 }
   - { x:271., y:146., size:31., angle:1.7236347961425781e+002,
       response:2.3864922113716602e-003, octave:0 }
   - { x:688., y:146., size:31., angle:7.5440549850463867e+000,
       response:2.3543660063296556e-003, octave:0 }
   - { x:311., y:147., size:31., angle:1.0523640441894531e+002,
       response:1.5583753702230752e-004, octave:0 }
   - { x:648., y:147., size:31., angle:7.4873703002929688e+001,
       response:1.5166809316724539e-004, octave:0 }
   - { x:521., y:192., size:31., angle:3.1603674316406250e+002,
       response:2.5785528123378754e-003, octave:0 }
   - { x:394., y:194., size:31., angle:2.9267141723632812e+002,
       response:2.4364585988223553e-003, octave:0 }
   - { x:504., y:230., size:31., angle:7.7157081604003906e+001,
       response:1.8500513397157192e-004, octave:0 }
   - { x:159., y:156., size:31., angle:1.1510848236083984e+002,
       response:2.7796162758022547e-003, octave:0 }
   - { x:800., y:156., size:31., angle:6.4872650146484375e+001,
       response:2.7137587312608957e-003, octave:0 }
   - { x:390., y:162., size:31., angle:3.1243811035156250e+002,
       response:2.4155413266271353e-003, octave:0 }
   - { x:569., y:162., size:31., angle:2.2765534973144531e+002,
       response:2.3786236997693777e-003, octave:0 }
   - { x:443., y:193., size:31., angle:2.1658541870117187e+002,
       response:1.8197341123595834e-003, octave:0 }
   - { x:520., y:187., size:31., angle:3.5003875732421875e+002,
       response:4.5680854236707091e-004, octave:0 }
   - { x:462., y:176., size:31., angle:3.3152102661132812e+002,
       response:1.3956958719063550e-004, octave:0 }
   - { x:497., y:176., size:31., angle:2.0915124511718750e+002,
       response:8.5504289017990232e-005, octave:0 }
   - { x:392., y:178., size:31., angle:3.8920055389404297e+001,
       response:2.5209106388501823e-004, octave:0 }
   - { x:567., y:178., size:31., angle:1.4106332397460938e+002,
       response:2.0479256636463106e-004, octave:0 }
   - { x:390., y:182., size:31., angle:1.5137931823730469e+001,
       response:1.1005664418917149e-004, octave:0 }
   - { x:569., y:182., size:31., angle:1.6520256042480469e+002,
       response:1.6755211981944740e-004, octave:0 }
   - { x:521., y:184., size:31., angle:9.1389951705932617e+000,
       response:2.8925569495186210e-004, octave:0 }
   - { x:516., y:289., size:31., angle:3.4102975463867187e+002,
       response:3.4175203181803226e-003, octave:0 }
   - { x:144., y:307., size:31., angle:2.3660806274414062e+002,
       response:1.7833349993452430e-003, octave:0 }
   - { x:815., y:307., size:31., angle:3.0332312011718750e+002,
       response:1.7987573519349098e-003, octave:0 }
   - { x:828., y:345., size:31., angle:3.9350513458251953e+001,
       response:2.3286268115043640e-003, octave:0 }
   - { x:131., y:346., size:31., angle:1.4444596862792969e+002,
       response:2.9011708684265614e-003, octave:0 }
   - { x:435., y:372., size:31., angle:6.8060455322265625e+001,
       response:9.1501842689467594e-006, octave:0 }
   - { x:524., y:372., size:31., angle:1.1195799255371094e+002,
       response:6.1953492149768863e-006, octave:0 }
   - { x:431., y:375., size:31., angle:4.8159610748291016e+001,
       response:3.4292036434635520e-004, octave:0 }
   - { x:528., y:375., size:31., angle:1.3186938476562500e+002,
       response:3.3986030030064285e-004, octave:0 }
   - { x:124., y:379., size:31., angle:2.2730784606933594e+002,
       response:1.5680189244449139e-003, octave:0 }
   - { x:835., y:379., size:31., angle:3.1274432373046875e+002,
       response:1.6163167310878634e-003, octave:0 }
   - { x:350., y:129., size:31., angle:1.2957586669921875e+002,
