%YAML:1.0
KeyPoints:
   - { x:960., y:71., size:31., angle:8.8498489379882813e+001,
       response:2.4070364888757467e-003, octave:0 }
   - { x:1382., y:673., size:31., angle:3.1103472900390625e+002,
       response:1.9932629074901342e-003, octave:0 }
   - { x:539., y:673., size:31., angle:2.2793357849121094e+002,
       response:1.8065905896946788e-003, octave:0 }
   - { x:1373., y:632., size:31., angle:3.8081138610839844e+001,
       response:2.0307668019086123e-003, octave:0 }
   - { x:933., y:531., size:31., angle:1.8383862304687500e+002,
       response:1.9144675461575389e-003, octave:0 }
   - { x:988., y:531., size:31., angle:3.5630065917968750e+002,
       response:2.0091049373149872e-003, octave:0 }
   - { x:547., y:632., size:31., angle:1.4024349975585937e+002,
       response:2.1869328338652849e-003, octave:0 }
   - { x:1528., y:589., size:31., angle:1.3614251708984375e+002,
       response:2.6575387455523014e-003, octave:0 }
   - { x:394., y:588., size:31., angle:5.0300197601318359e+001,
       response:2.4489534553140402e-003, octave:0 }
   - { x:1004., y:565., size:31., angle:3.3925747680664062e+002,
       response:3.2939885277301073e-003, octave:0 }
   - { x:410., y:541., size:31., angle:3.4083282470703125e+002,
       response:2.6870537549257278e-003, octave:0 }
   - { x:700., y:258., size:31., angle:2.8688194274902344e+001,
       response:2.1335559431463480e-003, octave:0 }
   - { x:885., y:258., size:31., angle:7.9267234802246094e+001,
       response:3.1653391197323799e-003, octave:0 }
   - { x:1035., y:258., size:31., angle:1.0330776977539062e+002,
       response:2.9203528538346291e-003, octave:0 }
   - { x:901., y:278., size:31., angle:1.6042077636718750e+002,
       response:3.3304055687040091e-003, octave:0 }
   - { x:1019., y:279., size:31., angle:2.6697570800781250e+001,
       response:2.6737384032458067e-003, octave:0 }
   - { x:1511., y:541., size:31., angle:1.9832844543457031e+002,
       response:2.5697527453303337e-003, octave:0 }
   - { x:584., y:542., size:31., angle:1.5233753967285156e+002,
       response:2.0685631316155195e-003, octave:0 }
   - { x:1337., y:542., size:31., angle:2.8944196701049805e+001,
       response:2.2475942969322205e-003, octave:0 }
   - { x:1002., y:563., size:31., angle:3.2243136596679688e+002,
       response:2.1101201418787241e-003, octave:0 }
   - { x:815., y:1151., size:31., angle:2.3326687622070312e+002,
       response:1.8280035583302379e-003, octave:0 }
   - { x:1188., y:1121., size:31., angle:3.0247149658203125e+002,
       response:2.3443088866770267e-003, octave:0 }
   - { x:732., y:1121., size:31., angle:2.4012797546386719e+002,
       response:2.7497918345034122e-003, octave:0 }
   - { x:1068., y:415., size:31., angle:2.2429110717773437e+002,
       response:2.0834321621805429e-003, octave:0 }
   - { x:1217., y:1108., size:31., angle:2.0714813232421875e+002,
       response:1.8306736601516604e-003, octave:0 }
   - { x:859., y:358., size:31., angle:1.2885729980468750e+002,
       response:2.2136797197163105e-003, octave:0 }
   - { x:1061., y:359., size:31., angle:4.3640632629394531e+001,
       response:2.5662176776677370e-003, octave:0 }
   - { x:860., y:360., size:31., angle:1.4357026672363281e+002,
       response:2.7568005025386810e-003, octave:0 }
   - { x:703., y:1108., size:31., angle:3.3340292358398437e+002,
       response:1.7923589330166578e-003, octave:0 }
   - { x:1252., y:1089., size:31., angle:2.9240179443359375e+002,
       response:1.8530907109379768e-003, octave:0 }
   - { x:1317., y:1043., size:31., angle:2.7698889160156250e+002,
       response:2.6791074778884649e-003, octave:0 }
   - { x:604., y:1043., size:31., angle:2.6164953613281250e+002,
       response:2.4440097622573376e-003, octave:0 }
   - { x:1334., y:1029., size:31., angle:1.8619018554687500e+002,
       response:1.9615206401795149e-003, octave:0 }
   - { x:587., y:1029., size:31., angle:3.5298800659179687e+002,
       response:1.9760825671255589e-003, octave:0 }
   - { x:1292., y:1015., size:31., angle:3.5610147094726562e+002,
       response:2.5046444498002529e-003, octave:0 }
   - { x:628., y:1015., size:31., angle:1.8392938232421875e+002,
       response:2.7156481519341469e-003, octave:0 }
   - { x:1305., y:999., size:31., angle:8.1312767028808594e+001,
       response:2.2882306948304176e-003, octave:0 }
   - { x:616., y:999., size:31., angle:1.0054773712158203e+002,
       response:2.0540873520076275e-003, octave:0 }
   - { x:552., y:995., size:31., angle:2.6527868652343750e+002,
       response:2.6406184770166874e-003, octave:0 }
   - { x:713., y:396., size:31., angle:1.7154199218750000e+002,
       response:2.3467778228223324e-003, octave:0 }
   - { x:1208., y:396., size:31., angle:8.8503856658935547e+000,
       response:2.5897838640958071e-003, octave:0 }
   - { x:1386., y:977., size:31., angle:1.7940040588378906e+002,
       response:1.8426654860377312e-003, octave:0 }
   - { x:535., y:977., size:31., angle:3.5983560180664062e+002,
       response:1.8605743534862995e-003, octave:0 }
   - { x:580., y:409., size:31., angle:1.1475428771972656e+002,
       response:1.9559175707399845e-003, octave:0 }
   - { x:1340., y:409., size:31., angle:6.7438796997070312e+001,
       response:2.1712703164666891e-003, octave:0 }
   - { x:853., y:415., size:31., angle:3.1409674072265625e+002,
       response:2.5612192694097757e-003, octave:0 }
   - { x:1330., y:961., size:31., angle:3.4285946655273437e+002,
       response:2.4797844234853983e-003, octave:0 }
   - { x:590., y:961., size:31., angle:1.9794624328613281e+002,
       response:2.6644251774996519e-003, octave:0 }
   - { x:1341., y:941., size:31., angle:6.5652519226074219e+001,
       response:1.9652070477604866e-003, octave:0 }
   - { x:579., y:941., size:31., angle:1.1023097229003906e+002,
       response:2.2548967972397804e-003, octave:0 }
   - { x:1416., y:940., size:31., angle:2.6323413085937500e+002,
       response:2.2610721644014120e-003, octave:0 }
   - { x:505., y:940., size:31., angle:2.7537057495117187e+002,
       response:2.2915890440344810e-003, octave:0 }
   - { x:1432., y:917., size:31., angle:1.6966578674316406e+002,
       response:2.1173027344048023e-003, octave:0 }
   - { x:489., y:917., size:31., angle:9.7292556762695313e+000,
       response:2.2044908255338669e-003, octave:0 }
   - { x:1358., y:904., size:31., angle:2.4391836547851562e+002,
       response:1.8023927696049213e-003, octave:0 }
   - { x:1230., y:881., size:31., angle:3.4882992553710938e+002,
       response:1.9195191562175751e-003, octave:0 }
   - { x:1369., y:995., size:31., angle:2.7360513305664062e+002,
       response:2.5190978776663542e-003, octave:0 }
   - { x:1368., y:875., size:31., angle:1.5070312500000000e+002,
       response:2.7340815868228674e-003, octave:0 }
   - { x:553., y:875., size:31., angle:2.8395156860351563e+001,
       response:2.5219274684786797e-003, octave:0 }
   - { x:1473., y:846., size:31., angle:1.5784887695312500e+002,
       response:2.1164042409509420e-003, octave:0 }
   - { x:1009., y:451., size:31., angle:3.1330743408203125e+002,
       response:2.6918642688542604e-003, octave:0 }
   - { x:917., y:452., size:31., angle:2.1814059448242187e+002,
       response:2.1181751508265734e-003, octave:0 }
   - { x:860., y:454., size:31., angle:2.8363525390625000e+002,
       response:2.0831131841987371e-003, octave:0 }
   - { x:1061., y:454., size:31., angle:2.5587678527832031e+002,
       response:2.3628904018551111e-003, octave:0 }
   - { x:1374., y:846., size:31., angle:1.5330766296386719e+002,
       response:3.0166495125740767e-003, octave:0 }
   - { x:448., y:846., size:31., angle:2.2299818038940430e+001,
       response:2.2936887107789516e-003, octave:0 }
   - { x:546., y:845., size:31., angle:2.6931877136230469e+001,
       response:2.0009921863675117e-003, octave:0 }
   - { x:1379., y:835., size:31., angle:3.2739151000976563e+002,
       response:2.3323644418269396e-003, octave:0 }
