%YAML:1.0
KeyPoints:
   - { x:1788., y:140., size:31., angle:2.8777575683593750e+002,
       response:1.0371284559369087e-002, octave:0 }
   - { x:824., y:145., size:31., angle:2.2683198547363281e+002,
       response:4.8808720894157887e-003, octave:0 }
   - { x:1084., y:145., size:31., angle:3.1299584960937500e+002,
       response:5.3740348666906357e-003, octave:0 }
   - { x:1309., y:146., size:31., angle:2.2519589233398437e+002,
       response:9.9537707865238190e-003, octave:0 }
   - { x:1393., y:146., size:31., angle:3.1481686401367187e+002,
       response:9.9407201632857323e-003, octave:0 }
   - { x:168., y:147., size:31., angle:2.2480395507812500e+002,
       response:6.8710376508533955e-003, octave:0 }
   - { x:447., y:147., size:31., angle:3.1691439819335937e+002,
       response:5.5551417171955109e-003, octave:0 }
   - { x:488., y:147., size:31., angle:2.2438078308105469e+002,
       response:5.8770743198692799e-003, octave:0 }
   - { x:785., y:147., size:31., angle:3.1722857666015625e+002,
       response:5.7757389731705189e-003, octave:0 }
   - { x:1928., y:148., size:31., angle:2.4353469848632812e+002,
       response:1.0441413149237633e-002, octave:0 }
   - { x:1657., y:181., size:31., angle:2.7555603027343750e+002,
       response:1.2179092504084110e-002, octave:0 }
   - { x:1724., y:183., size:31., angle:1.9187367248535156e+002,
       response:9.2021655291318893e-003, octave:0 }
   - { x:1994., y:192., size:31., angle:3.3208120727539062e+002,
       response:-8.7364570936188102e-004, octave:0 }
   - { x:1996., y:195., size:31., angle:3.4234420776367188e+002,
       response:4.4032130390405655e-003, octave:0 }
   - { x:1602., y:230., size:31., angle:1.8771881103515625e+002,
       response:9.3661993741989136e-003, octave:0 }
   - { x:168., y:256., size:31., angle:1.3533721923828125e+002,
       response:6.1313989572227001e-003, octave:0 }
   - { x:488., y:256., size:31., angle:1.3525825500488281e+002,
       response:6.4344853162765503e-003, octave:0 }
   - { x:785., y:256., size:31., angle:4.2821319580078125e+001,
       response:5.6179361417889595e-003, octave:0 }
   - { x:1084., y:256., size:31., angle:4.5141700744628906e+001,
       response:7.7282744459807873e-003, octave:0 }
   - { x:1307., y:257., size:31., angle:2.2381951904296875e+002,
       response:8.5403760895133018e-003, octave:0 }
   - { x:1395., y:257., size:31., angle:3.1630618286132812e+002,
       response:8.8162543252110481e-003, octave:0 }
   - { x:314., y:258., size:31., angle:1.4415747070312500e+002,
       response:4.4271992519497871e-003, octave:0 }
   - { x:579., y:258., size:31., angle:1.3265103149414062e+002,
       response:5.8627482503652573e-003, octave:0 }
   - { x:694., y:258., size:31., angle:4.7545486450195312e+001,
       response:6.3303192146122456e-003, octave:0 }
   - { x:937., y:258., size:31., angle:4.6697631835937500e+001,
       response:4.6372623182833195e-003, octave:0 }
   - { x:1560., y:259., size:31., angle:3.1487533569335937e+002,
       response:7.7790231443941593e-003, octave:0 }
   - { x:447., y:262., size:31., angle:1.2399307250976563e+001,
       response:-3.6642159102484584e-004, octave:0 }
   - { x:1228., y:357., size:31., angle:4.4394195556640625e+001,
       response:8.8499384000897408e-003, octave:0 }
   - { x:1307., y:357., size:31., angle:1.3511184692382812e+002,
       response:8.0462843179702759e-003, octave:0 }
   - { x:1395., y:357., size:31., angle:4.5265106201171875e+001,
       response:7.7703520655632019e-003, octave:0 }
   - { x:1473., y:357., size:31., angle:1.3434010314941406e+002,
       response:7.8652091324329376e-003, octave:0 }
   - { x:1850., y:360., size:31., angle:2.6894639968872070e+001,
       response:9.4282189384102821e-003, octave:0 }
   - { x:1747., y:368., size:31., angle:1.3272656440734863e+001,
       response:6.1406656168401241e-003, octave:0 }
   - { x:937., y:388., size:31., angle:3.1502087402343750e+002,
       response:4.6712737530469894e-003, octave:0 }
   - { x:1075., y:390., size:31., angle:3.1452209472656250e+002,
       response:4.6267127618193626e-003, octave:0 }
   - { x:1780., y:396., size:31., angle:1.1540187072753906e+002,
       response:9.1596832498908043e-003, octave:0 }
   - { x:1698., y:418., size:31., angle:3.4061450195312500e+002,
       response:8.3086723461747169e-003, octave:0 }
   - { x:1928., y:418., size:31., angle:3.3056475830078125e+002,
       response:1.1551315896213055e-002, octave:0 }
   - { x:1843., y:419., size:31., angle:2.4335073852539062e+002,
       response:4.3668700382113457e-003, octave:0 }
   - { x:1592., y:420., size:31., angle:2.2659452819824219e+002,
       response:9.2905145138502121e-003, octave:0 }
   - { x:2013., y:420., size:31., angle:3.1349816894531250e+002,
       response:9.0949637815356255e-003, octave:0 }
   - { x:1075., y:499., size:31., angle:4.7064872741699219e+001,
       response:5.2143977954983711e-003, octave:0 }
   - { x:937., y:501., size:31., angle:4.4395854949951172e+001,
       response:5.3036469034850597e-003, octave:0 }
   - { x:1228., y:515., size:31., angle:3.1583776855468750e+002,
       response:8.6996881291270256e-003, octave:0 }
   - { x:1307., y:515., size:31., angle:2.2465722656250000e+002,
       response:7.8940484672784805e-003, octave:0 }
   - { x:1395., y:515., size:31., angle:3.1503515625000000e+002,
       response:7.6138423755764961e-003, octave:0 }
   - { x:1473., y:515., size:31., angle:2.2537728881835937e+002,
       response:7.7046020887792110e-003, octave:0 }
   - { x:1592., y:515., size:31., angle:1.3419577026367187e+002,
       response:8.5846856236457825e-003, octave:0 }
   - { x:2013., y:515., size:31., angle:4.5457691192626953e+001,
       response:7.9024154692888260e-003, octave:0 }
   - { x:1700., y:517., size:31., angle:1.4525320434570312e+002,
       response:1.0311990976333618e-002, octave:0 }
   - { x:1726., y:517., size:31., angle:2.9452165603637695e+001,
       response:8.7085766717791557e-003, octave:0 }
   - { x:1883., y:517., size:31., angle:1.5139118957519531e+002,
       response:9.2523656785488129e-003, octave:0 }
   - { x:1844., y:576., size:31., angle:1.8628109741210937e+002,
       response:4.5344340614974499e-003, octave:0 }
   - { x:1144., y:578., size:31., angle:1.6158801269531250e+002,
       response:-1.3533588498830795e-003, octave:0 }
   - { x:1762., y:580., size:31., angle:3.4965072631835937e+002,
       response:3.1768905464559793e-003, octave:0 }
   - { x:1762., y:582., size:31., angle:3.5451776123046875e+002,
       response:3.1199946533888578e-003, octave:0 }
   - { x:1157., y:598., size:31., angle:1.3506805419921875e+002,
       response:-1.9785449840128422e-003, octave:0 }
   - { x:1178., y:611., size:31., angle:1.0870967102050781e+002,
       response:-1.3533688616007566e-003, octave:0 }
   - { x:1560., y:613., size:31., angle:4.4940788269042969e+001,
       response:7.6869125477969646e-003, octave:0 }
   - { x:1307., y:615., size:31., angle:1.3515069580078125e+002,
       response:8.0182375386357307e-003, octave:0 }
   - { x:1395., y:615., size:31., angle:4.4809051513671875e+001,
       response:7.9791471362113953e-003, octave:0 }
   - { x:297., y:648., size:31., angle:3.2552673339843750e+002,
       response:4.4491863809525967e-003, octave:0 }
   - { x:937., y:648., size:31., angle:3.1574639892578125e+002,
       response:4.7359592281281948e-003, octave:0 }
   - { x:456., y:650., size:31., angle:3.1511810302734375e+002,
       response:3.7927487865090370e-003, octave:0 }
   - { x:1085., y:650., size:31., angle:3.1436862182617187e+002,
       response:3.8939828518778086e-003, octave:0 }
   - { x:1582., y:669., size:31., angle:1.8567849731445312e+002,
       response:1.1600180529057980e-002, octave:0 }
   - { x:2023., y:669., size:31., angle:3.4407983398437500e+002,
       response:9.2841414734721184e-003, octave:0 }
   - { x:152., y:689., size:31., angle:1.9619108581542969e+002,
       response:-6.1783631099388003e-004, octave:0 }
