%YAML:1.0
KeyPoints:
   - { x:184., y:204., size:31., angle:2.7398327636718750e+002,
       response:3.1976506579667330e-003, octave:0 }
   - { x:411., y:210., size:31., angle:2.6599914550781250e+002,
       response:4.9592196010053158e-003, octave:0 }
   - { x:515., y:240., size:31., angle:1.2808625793457031e+002,
       response:3.5729887895286083e-003, octave:0 }
   - { x:399., y:240., size:31., angle:1.2160623168945312e+002,
       response:4.0482422336935997e-003, octave:0 }
   - { x:332., y:240., size:31., angle:6.5161659240722656e+001,
       response:3.3011159393936396e-003, octave:0 }
   - { x:335., y:210., size:31., angle:1.0074560165405273e+001,
       response:3.7614740431308746e-003, octave:0 }
   - { x:413., y:207., size:31., angle:2.6988647460937500e+002,
       response:3.7247783038765192e-003, octave:0 }
   - { x:500., y:216., size:31., angle:2.3306747436523437e+002,
       response:3.8451899308711290e-003, octave:0 }
   - { x:186., y:208., size:31., angle:2.6621640014648437e+002,
       response:3.0732715968042612e-003, octave:0 }
   - { x:503., y:216., size:31., angle:2.4541761779785156e+002,
       response:3.4244772978127003e-003, octave:0 }
   - { x:335., y:239., size:31., angle:4.7376113891601563e+001,
       response:3.4845871850848198e-003, octave:0 }
   - { x:296., y:239., size:31., angle:1.3737365722656250e+002,
       response:3.2315757125616074e-003, octave:0 }
   - { x:428., y:238., size:31., angle:3.5785491943359375e+001,
       response:3.1461967155337334e-003, octave:0 }
   - { x:421., y:238., size:31., angle:7.6149375915527344e+001,
       response:3.1840680167078972e-003, octave:0 }
   - { x:508., y:236., size:31., angle:5.5527149200439453e+001,
       response:3.1870002858340740e-003, octave:0 }
   - { x:295., y:208., size:31., angle:1.8555305480957031e+002,
       response:5.2823438309133053e-003, octave:0 }
   - { x:432., y:236., size:31., angle:2.2281524658203125e+001,
       response:3.6951352376490831e-003, octave:0 }
   - { x:404., y:240., size:31., angle:1.1205332946777344e+002,
       response:3.3576821442693472e-003, octave:0 }
   - { x:231., y:236., size:31., angle:2.4688859558105469e+002,
       response:3.2105890568345785e-003, octave:0 }
   - { x:511., y:235., size:31., angle:1.0174140930175781e+002,
       response:5.7423487305641174e-003, octave:0 }
   - { x:394., y:235., size:31., angle:1.5747862243652344e+002,
       response:4.6071447432041168e-003, octave:0 }
   - { x:529., y:233., size:31., angle:2.8502357482910156e+001,
       response:2.7395456563681364e-003, octave:0 }
   - { x:434., y:208., size:31., angle:3.3649053955078125e+002,
       response:3.3024591393768787e-003, octave:0 }
   - { x:523., y:233., size:31., angle:3.3166030883789062e+001,
       response:2.7101852465420961e-003, octave:0 }
   - { x:432., y:233., size:31., angle:1.8768442153930664e+001,
       response:5.1037650555372238e-003, octave:0 }
   - { x:515., y:217., size:31., angle:2.1842552185058594e+002,
       response:4.1011879220604897e-003, octave:0 }
   - { x:522., y:217., size:31., angle:3.1558544921875000e+002,
       response:3.4817666746675968e-003, octave:0 }
   - { x:88., y:216., size:31., angle:2.8866217041015625e+002,
       response:2.8833162505179644e-003, octave:0 }
   - { x:515., y:208., size:31., angle:2.6118029785156250e+002,
       response:3.0297033954411745e-003, octave:0 }
   - { x:533., y:231., size:31., angle:1.3148292541503906e+001,
       response:3.6649890244007111e-003, octave:0 }
   - { x:394., y:219., size:31., angle:1.7988807678222656e+002,
       response:4.2012841440737247e-003, octave:0 }
   - { x:494., y:230., size:31., angle:1.6409913635253906e+002,
       response:3.3419348765164614e-003, octave:0 }
   - { x:194., y:230., size:31., angle:1.4214370727539063e+001,
       response:3.0018505640327930e-003, octave:0 }
   - { x:170., y:230., size:31., angle:1.6751860046386719e+002,
       response:3.4385449253022671e-003, octave:0 }
   - { x:432., y:219., size:31., angle:3.5344482421875000e+002,
       response:4.6718223020434380e-003, octave:0 }
   - { x:505., y:229., size:31., angle:5.9926864624023438e+001,
       response:5.3167608566582203e-003, octave:0 }
   - { x:533., y:229., size:31., angle:3.9581382274627686e+000,
       response:4.4279624707996845e-003, octave:0 }
   - { x:491., y:228., size:31., angle:1.7069612121582031e+002,
       response:3.4961844794452190e-003, octave:0 }
   - { x:435., y:228., size:31., angle:3.5873214721679687e+002,
       response:4.4281221926212311e-003, octave:0 }
   - { x:392., y:228., size:31., angle:1.7492402648925781e+002,
       response:4.8289801925420761e-003, octave:0 }
   - { x:203., y:228., size:31., angle:3.5891677856445312e+002,
       response:3.9979610592126846e-003, octave:0 }
   - { x:185., y:228., size:31., angle:3.0780506134033203e+001,
       response:2.9335988219827414e-003, octave:0 }
   - { x:179., y:228., size:31., angle:1.5074217224121094e+002,
       response:3.2149737235158682e-003, octave:0 }
   - { x:93., y:228., size:31., angle:2.7313592433929443e+000,
       response:3.1418146099895239e-003, octave:0 }
   - { x:76., y:228., size:31., angle:1.7879173278808594e+002,
       response:3.1276666559278965e-003, octave:0 }
   - { x:534., y:219., size:31., angle:3.4753222656250000e+002,
       response:3.4363311715424061e-003, octave:0 }
   - { x:526., y:226., size:31., angle:2.3247030258178711e+001,
       response:7.0868809707462788e-003, octave:0 }
   - { x:435., y:226., size:31., angle:3.5274331665039062e+002,
       response:3.8325069472193718e-003, octave:0 }
   - { x:392., y:226., size:31., angle:1.7816055297851562e+002,
       response:4.2282952927052975e-003, octave:0 }
   - { x:106., y:226., size:31., angle:1.1083401679992676e+001,
       response:3.5036082845181227e-003, octave:0 }
   - { x:64., y:226., size:31., angle:1.7520198059082031e+002,
       response:3.4631935413926840e-003, octave:0 }
   - { x:201., y:210., size:31., angle:3.2472445678710937e+002,
       response:3.9514135569334030e-003, octave:0 }
   - { x:82., y:221., size:31., angle:2.2794137573242187e+002,
       response:3.1419226434081793e-003, octave:0 }
   - { x:203., y:225., size:31., angle:4.2047390937805176e+000,
       response:3.6620602477341890e-003, octave:0 }
   - { x:295., y:210., size:31., angle:1.6949327087402344e+002,
       response:4.1876053437590599e-003, octave:0 }
   - { x:179., y:223., size:31., angle:1.5800488281250000e+002,
       response:5.6887110695242882e-003, octave:0 }
   - { x:106., y:223., size:31., angle:1.8159170150756836e+001,
       response:3.3034009393304586e-003, octave:0 }
   - { x:64., y:223., size:31., angle:1.6790283203125000e+002,
       response:3.2739541493356228e-003, octave:0 }
   - { x:505., y:222., size:31., angle:1.1032469177246094e+002,
       response:4.4100969098508358e-003, octave:0 }
   - { x:321., y:222., size:31., angle:1.2163385391235352e+001,
       response:4.8612034879624844e-003, octave:0 }
   - { x:185., y:222., size:31., angle:3.5810894775390625e+002,
       response:4.6171606518328190e-003, octave:0 }
   - { x:432., y:221., size:31., angle:3.5370046997070312e+002,
       response:4.8113763332366943e-003, octave:0 }
   - { x:394., y:221., size:31., angle:1.8146604919433594e+002,
       response:4.3123173527419567e-003, octave:0 }
   - { x:323., y:221., size:31., angle:1.2263882637023926e+001,
       response:2.8370025102049112e-003, octave:0 }
   - { x:189., y:221., size:31., angle:3.4079113769531250e+002,
       response:3.8204090669751167e-003, octave:0 }
   - { x:175., y:221., size:31., angle:1.9861578369140625e+002,
       response:3.9611947722733021e-003, octave:0 }
   - { x:88., y:221., size:31., angle:3.1808523559570312e+002,
       response:3.1805771868675947e-003, octave:0 }
   - { x:164., y:210., size:31., angle:2.1641497802734375e+002,
       response:4.4155530631542206e-003, octave:0 }
   - { x:82., y:216., size:31., angle:2.5297358703613281e+002,
