%YAML:1.0
KeyPoints:
   - { x:1077., y:1566., size:31., angle:2.9520355224609375e+002,
       response:1.3578804209828377e-003, octave:0 }
   - { x:1207., y:1571., size:31., angle:3.3246469116210937e+002,
       response:9.0312090469524264e-004, octave:0 }
   - { x:1895., y:1568., size:31., angle:3.2064114379882813e+002,
       response:1.1395075125619769e-003, octave:0 }
   - { x:1468., y:1617., size:31., angle:3.1369143676757812e+002,
       response:2.4674434680491686e-003, octave:0 }
   - { x:2282., y:1515., size:31., angle:2.2789163208007812e+002,
       response:9.0450048446655273e-004, octave:0 }
   - { x:1322., y:1568., size:31., angle:2.3031912231445312e+002,
       response:1.2994281714782119e-003, octave:0 }
   - { x:1711., y:1635., size:31., angle:4.4941757202148438e+001,
       response:3.7392720114439726e-003, octave:0 }
   - { x:772., y:1575., size:31., angle:2.9886968994140625e+002,
       response:1.2185737723484635e-003, octave:0 }
   - { x:1468., y:1634., size:31., angle:4.6685138702392578e+001,
       response:2.4083715397864580e-003, octave:0 }
   - { x:2220., y:1620., size:31., angle:2.0933618164062500e+002,
       response:2.2547119297087193e-003, octave:0 }
   - { x:2222., y:1619., size:31., angle:2.1008500671386719e+002,
       response:2.1927871275693178e-003, octave:0 }
   - { x:926., y:1580., size:31., angle:3.8736621856689453e+001,
       response:9.5208920538425446e-004, octave:0 }
   - { x:866., y:1575., size:31., angle:2.9984234619140625e+002,
       response:9.4954180531203747e-004, octave:0 }
   - { x:1895., y:1580., size:31., angle:3.9827442169189453e+001,
       response:1.0602391557767987e-003, octave:0 }
   - { x:1339., y:1575., size:31., angle:3.0063034057617187e+002,
       response:1.2552387779578567e-003, octave:0 }
   - { x:461., y:1576., size:31., angle:2.9923159790039062e+002,
       response:1.8088280921801925e-003, octave:0 }
   - { x:1079., y:1567., size:31., angle:3.0562762451171875e+002,
       response:9.1884884750470519e-004, octave:0 }
   - { x:2221., y:1675., size:31., angle:1.2782863616943359e+002,
       response:1.1227090144529939e-003, octave:0 }
   - { x:926., y:1568., size:31., angle:3.2126464843750000e+002,
       response:9.5093651907518506e-004, octave:0 }
   - { x:1324., y:1567., size:31., angle:2.4279873657226562e+002,
       response:1.0600851383060217e-003, octave:0 }
   - { x:1332., y:1567., size:31., angle:2.8663482666015625e+002,
       response:9.1048213653266430e-004, octave:0 }
   - { x:442., y:1568., size:31., angle:2.3153240966796875e+002,
       response:1.3699356932193041e-003, octave:0 }
   - { x:1981., y:1571., size:31., angle:2.0763529968261719e+002,
       response:9.1413047630339861e-004, octave:0 }
   - { x:1135., y:1609., size:31., angle:8.9159217834472656e+001,
       response:9.9352863617241383e-004, octave:0 }
   - { x:1578., y:1567., size:31., angle:3.0095733642578125e+002,
       response:8.7966106366366148e-004, octave:0 }
   - { x:2223., y:1617., size:31., angle:2.1336457824707031e+002,
       response:1.4262115582823753e-003, octave:0 }
   - { x:868., y:1576., size:31., angle:3.0345462036132813e+002,
       response:1.5043562743812799e-003, octave:0 }
   - { x:1770., y:1617., size:31., angle:2.2598760986328125e+002,
       response:2.4188540410250425e-003, octave:0 }
   - { x:1341., y:1576., size:31., angle:3.0411227416992187e+002,
       response:1.5667170519009233e-003, octave:0 }
   - { x:2053., y:1609., size:31., angle:9.1586021423339844e+001,
       response:1.0216560913249850e-003, octave:0 }
   - { x:240., y:1543., size:31., angle:1.3501779174804687e+002,
       response:2.2568877320736647e-003, octave:0 }
   - { x:261., y:1543., size:31., angle:4.5916378021240234e+001,
       response:2.5427031796425581e-003, octave:0 }
   - { x:2353., y:1563., size:31., angle:2.2269245910644531e+002,
       response:3.0329604633152485e-003, octave:0 }
   - { x:2374., y:1563., size:31., angle:3.1557440185546875e+002,
       response:3.1369777861982584e-003, octave:0 }
   - { x:2330., y:1567., size:31., angle:2.1977082824707031e+002,
       response:1.0906752431765199e-003, octave:0 }
   - { x:1711., y:1617., size:31., angle:3.1295819091796875e+002,
       response:3.0384773854166269e-003, octave:0 }
   - { x:2282., y:1567., size:31., angle:2.2750033569335937e+002,
       response:9.7842037212103605e-004, octave:0 }
   - { x:1837., y:1576., size:31., angle:3.0403976440429687e+002,
       response:1.4787936815991998e-003, octave:0 }
   - { x:2109., y:1567., size:31., angle:2.3512686157226562e+002,
       response:1.0116000194102526e-003, octave:0 }
   - { x:1818., y:1567., size:31., angle:2.3030718994140625e+002,
       response:9.1630697716027498e-004, octave:0 }
   - { x:1564., y:1570., size:31., angle:2.1568666076660156e+002,
       response:9.4318349147215486e-004, octave:0 }
   - { x:851., y:1566., size:31., angle:2.4364147949218750e+002,
       response:8.6660136003047228e-004, octave:0 }
   - { x:2156., y:1568., size:31., angle:2.1794523620605469e+002,
       response:1.1664095800369978e-003, octave:0 }
   - { x:2330., y:1579., size:31., angle:1.4082521057128906e+002,
       response:1.1796602047979832e-003, octave:0 }
   - { x:1525., y:1672., size:31., angle:3.2245928955078125e+002,
       response:1.0583779076114297e-003, octave:0 }
   - { x:1194., y:1566., size:31., angle:2.4821304321289062e+002,
       response:1.0471189161762595e-003, octave:0 }
   - { x:849., y:1567., size:31., angle:2.3139730834960937e+002,
       response:9.6257217228412628e-004, octave:0 }
   - { x:1616., y:1668., size:31., angle:2.7121588134765625e+002,
       response:1.4593267114832997e-003, octave:0 }
   - { x:1576., y:1566., size:31., angle:2.9108404541015625e+002,
       response:1.0168993612751365e-003, octave:0 }
   - { x:1767., y:1684., size:31., angle:4.1357273101806641e+001,
       response:1.0134876938536763e-003, octave:0 }
   - { x:2409., y:1567., size:31., angle:3.1987335205078125e+002,
       response:1.2146601220592856e-003, octave:0 }
   - { x:197., y:1540., size:31., angle:1.3827465820312500e+002,
       response:8.7364850332960486e-004, octave:0 }
   - { x:1820., y:1566., size:31., angle:2.4244995117187500e+002,
       response:1.0267487959936261e-003, octave:0 }
   - { x:304., y:1528., size:31., angle:3.2263409423828125e+002,
       response:1.1458500521257520e-003, octave:0 }
   - { x:2240., y:1683., size:31., angle:5.1087467193603516e+001,
       response:1.4436548808589578e-003, octave:0 }
   - { x:1321., y:1570., size:31., angle:2.1975799560546875e+002,
       response:1.0686668101698160e-003, octave:0 }
   - { x:1994., y:1566., size:31., angle:2.9187475585937500e+002,
       response:1.0858336463570595e-003, octave:0 }
   - { x:2111., y:1566., size:31., angle:2.4574473571777344e+002,
       response:1.3291165232658386e-003, octave:0 }
   - { x:2124., y:1571., size:31., angle:3.3122644042968750e+002,
       response:9.2575856251642108e-004, octave:0 }
   - { x:2374., y:1583., size:31., angle:4.4681316375732422e+001,
       response:3.0002528801560402e-003, octave:0 }
   - { x:2353., y:1583., size:31., angle:1.3704377746582031e+002,
       response:2.8851891402155161e-003, octave:0 }
   - { x:2123., y:1569., size:31., angle:3.2052432250976562e+002,
       response:1.0174777125939727e-003, octave:0 }
   - { x:444., y:1567., size:31., angle:2.4399975585937500e+002,
       response:9.7879604436457157e-004, octave:0 }
   - { x:1065., y:1569., size:31., angle:2.2034866333007812e+002,
       response:1.1009770678356290e-003, octave:0 }
   - { x:2505., y:1568., size:31., angle:3.2185238647460938e+002,
       response:1.0428269160911441e-003, octave:0 }
   - { x:833., y:1578., size:31., angle:2.8856597900390625e+001,
       response:8.4431108552962542e-004, octave:0 }
   - { x:195., y:1530., size:31., angle:2.0254667663574219e+002,
       response:7.6615170110017061e-004, octave:0 }
   - { x:1206., y:1569., size:31., angle:3.2227569580078125e+002,
