%YAML:1.0
KeyPoints:
   - { x:275., y:33., size:31., angle:2.9216763305664062e+002,
       response:4.7836012527113780e-005, octave:0 }
   - { x:278., y:33., size:31., angle:3.0750778198242187e+002,
       response:8.9410328655503690e-005, octave:0 }
   - { x:280., y:35., size:31., angle:3.2635815429687500e+002,
       response:1.1358953634044155e-004, octave:0 }
   - { x:275., y:36., size:31., angle:3.0767568969726562e+002,
       response:5.0848106184275821e-005, octave:0 }
   - { x:277., y:36., size:31., angle:3.1887759399414062e+002,
       response:1.5533999248873442e-004, octave:0 }
   - { x:280., y:37., size:31., angle:3.3760229492187500e+002,
       response:1.5802992857061327e-004, octave:0 }
   - { x:269., y:38., size:31., angle:2.7242712402343750e+002,
       response:-5.7275505241705105e-005, octave:0 }
   - { x:277., y:40., size:31., angle:3.4776016235351563e+002,
       response:3.7890800740569830e-005, octave:0 }
   - { x:170., y:41., size:31., angle:3.1440328979492187e+002,
       response:5.6871118431445211e-005, octave:0 }
   - { x:265., y:41., size:31., angle:2.5254791259765625e+002,
       response:-5.5232885642908514e-005, octave:0 }
   - { x:261., y:44., size:31., angle:2.6229821777343750e+002,
       response:-5.2675641200039536e-005, octave:0 }
   - { x:162., y:45., size:31., angle:1.7941253662109375e+002,
       response:1.7422996461391449e-004, octave:0 }
   - { x:252., y:48., size:31., angle:2.7170175170898437e+002,
       response:1.1191065277671441e-004, octave:0 }
   - { x:254., y:48., size:31., angle:2.7194934082031250e+002,
       response:1.0056448081741109e-004, octave:0 }
   - { x:256., y:48., size:31., angle:2.7341891479492187e+002,
       response:-3.1939471227815375e-005, octave:0 }
   - { x:252., y:51., size:31., angle:2.7438500976562500e+002,
       response:1.4415218902286142e-004, octave:0 }
   - { x:240., y:61., size:31., angle:1.5252410888671875e+002,
       response:2.7027563191950321e-005, octave:0 }
   - { x:243., y:62., size:31., angle:1.5426335144042969e+002,
       response:2.7534189939615317e-005, octave:0 }
   - { x:240., y:63., size:31., angle:1.5555413818359375e+002,
       response:3.3249936677748337e-005, octave:0 }
   - { x:248., y:64., size:31., angle:1.5520054626464844e+002,
       response:7.0129503910720814e-006, octave:0 }
   - { x:244., y:66., size:31., angle:1.5707423400878906e+002,
       response:3.1410352676175535e-005, octave:0 }
   - { x:113., y:103., size:31., angle:2.8808413696289062e+002,
       response:8.1781024346128106e-004, octave:0 }
   - { x:111., y:104., size:31., angle:2.7049023437500000e+002,
       response:1.6023606294766068e-003, octave:0 }
   - { x:115., y:104., size:31., angle:3.0032699584960937e+002,
       response:9.5478555886074901e-004, octave:0 }
   - { x:109., y:105., size:31., angle:2.4835903930664062e+002,
       response:1.2586092343553901e-003, octave:0 }
   - { x:117., y:105., size:31., angle:3.1345736694335937e+002,
       response:5.4731115233153105e-004, octave:0 }
   - { x:107., y:108., size:31., angle:2.2429858398437500e+002,
       response:9.4339018687605858e-005, octave:0 }
   - { x:106., y:111., size:31., angle:2.0218992614746094e+002,
       response:-2.1141731122042984e-004, octave:0 }
   - { x:122., y:112., size:31., angle:3.5120779418945312e+002,
       response:-3.2249797368422151e-004, octave:0 }
   - { x:89., y:113., size:31., angle:2.2470394897460938e+002,
       response:3.2812965218909085e-004, octave:0 }
   - { x:125., y:116., size:31., angle:3.5936288452148437e+002,
       response:-3.4706879523582757e-004, octave:0 }
   - { x:107., y:117., size:31., angle:1.5237124633789062e+002,
       response:-1.8730967713054270e-004, octave:0 }
   - { x:123., y:117., size:31., angle:5.3567171096801758e+000,
       response:-2.8430446400307119e-004, octave:0 }
   - { x:110., y:120., size:31., angle:1.0823039245605469e+002,
       response:4.3564788938965648e-005, octave:0 }
   - { x:122., y:121., size:31., angle:1.7134698867797852e+001,
       response:1.6009749379009008e-004, octave:0 }
   - { x:111., y:123., size:31., angle:9.3411308288574219e+001,
       response:3.1034386483952403e-004, octave:0 }
   - { x:113., y:124., size:31., angle:7.5390686035156250e+001,
       response:2.2245591389946640e-004, octave:0 }
   - { x:120., y:124., size:31., angle:3.0330368041992188e+001,
       response:6.6558469552546740e-004, octave:0 }
   - { x:116., y:125., size:31., angle:5.3300579071044922e+001,
       response:1.0264309094054624e-004, octave:0 }
   - { x:118., y:125., size:31., angle:4.1769634246826172e+001,
       response:3.6724729579873383e-004, octave:0 }
   - { x:120., y:126., size:31., angle:3.2322532653808594e+001,
       response:1.8995603022631258e-004, octave:0 }
   - { x:123., y:126., size:31., angle:1.9352672576904297e+001,
       response:9.9289500212762505e-006, octave:0 }
   - { x:206., y:129., size:31., angle:2.8740014648437500e+002,
       response:-9.1395879280753434e-005, octave:0 }
   - { x:202., y:130., size:31., angle:2.6762890625000000e+002,
       response:-2.7780653908848763e-004, octave:0 }
   - { x:209., y:130., size:31., angle:3.0507553100585937e+002,
       response:2.3199170827865601e-003, octave:0 }
   - { x:211., y:131., size:31., angle:3.1682525634765625e+002,
       response:1.7473134212195873e-003, octave:0 }
   - { x:315., y:131., size:31., angle:3.4947842407226563e+002,
       response:-6.7431494244374335e-005, octave:0 }
   - { x:212., y:133., size:31., angle:3.2972824096679687e+002,
       response:1.3687531463801861e-003, octave:0 }
   - { x:196., y:134., size:31., angle:2.2514265441894531e+002,
       response:-2.2340416035149246e-004, octave:0 }
   - { x:215., y:134., size:31., angle:3.3988168334960937e+002,
       response:-2.3162034267443232e-005, octave:0 }
   - { x:193., y:139., size:31., angle:1.8814369201660156e+002,
       response:-1.9780630827881396e-004, octave:0 }
   - { x:212., y:139., size:31., angle:4.8653178215026855e+000,
       response:-6.8909728724975139e-005, octave:0 }
   - { x:315., y:139., size:31., angle:3.4778656005859375e+002,
       response:-2.2555117902811617e-004, octave:0 }
   - { x:85., y:142., size:31., angle:1.9802314758300781e+002,
       response:9.1976544354110956e-006, octave:0 }
   - { x:192., y:142., size:31., angle:1.7101637268066406e+002,
       response:2.2668681049253792e-004, octave:0 }
   - { x:192., y:144., size:31., angle:1.5873783874511719e+002,
       response:1.4389972202479839e-003, octave:0 }
   - { x:209., y:144., size:31., angle:3.6429668426513672e+001,
       response:-2.8529364499263465e-004, octave:0 }
   - { x:194., y:147., size:31., angle:1.3235877990722656e+002,
       response:2.3664971813559532e-003, octave:0 }
   - { x:196., y:148., size:31., angle:1.1607525634765625e+002,
       response:1.7946901498362422e-003, octave:0 }
   - { x:202., y:148., size:31., angle:7.7103073120117187e+001,
       response:-3.5916469641961157e-004, octave:0 }
   - { x:199., y:149., size:31., angle:9.4059242248535156e+001,
       response:-1.4122335414867848e-004, octave:0 }
   - { x:196., y:151., size:31., angle:1.0712896728515625e+002,
       response:2.6587891625240445e-005, octave:0 }
   - { x:204., y:151., size:31., angle:6.7318237304687500e+001,
       response:-2.5537246256135404e-004, octave:0 }
   - { x:199., y:152., size:31., angle:8.9562843322753906e+001,
       response:-7.5117459346074611e-005, octave:0 }
   - { x:86., y:153., size:31., angle:1.8128863525390625e+002,
       response:-5.7953478972194716e-005, octave:0 }
   - { x:97., y:170., size:31., angle:1.2571084594726562e+002,
       response:-1.1526700836839154e-004, octave:0 }
   - { x:302., y:172., size:31., angle:3.9423412322998047e+001,
       response:1.9648159650387242e-005, octave:0 }
   - { x:337., y:175., size:31., angle:3.0649584960937500e+002,
       response:-5.1395461923675612e-005, octave:0 }
   - { x:284., y:182., size:31., angle:1.5376408386230469e+002,
