%YAML:1.0
KeyPoints:
   - { x:316., y:70., size:31., angle:3.2134774780273437e+002,
       response:8.1292743561789393e-004, octave:0 }
   - { x:395., y:163., size:31., angle:2.6943875122070312e+002,
       response:3.4618849167600274e-004, octave:0 }
   - { x:334., y:36., size:31., angle:3.1384503173828125e+002,
       response:1.0771742381621152e-004, octave:0 }
   - { x:396., y:166., size:31., angle:2.5818444824218750e+002,
       response:3.8044419488869607e-004, octave:0 }
   - { x:397., y:327., size:31., angle:9.5198348999023437e+001,
       response:1.0148128494620323e-003, octave:0 }
   - { x:281., y:450., size:31., angle:1.8892616271972656e+002,
       response:3.0332680325955153e-003, octave:0 }
   - { x:114., y:225., size:31., angle:2.3341149902343750e+002,
       response:2.1729813888669014e-003, octave:0 }
   - { x:102., y:219., size:31., angle:2.4584172058105469e+002,
       response:5.5671815061941743e-005, octave:0 }
   - { x:171., y:58., size:31., angle:2.1461106872558594e+002,
       response:1.6589720326010138e-004, octave:0 }
   - { x:118., y:201., size:31., angle:1.9006649780273438e+002,
       response:8.5417623631656170e-004, octave:0 }
   - { x:119., y:199., size:31., angle:1.9268518066406250e+002,
       response:3.7608010461553931e-004, octave:0 }
   - { x:118., y:197., size:31., angle:1.9197015380859375e+002,
       response:1.3051163405179977e-003, octave:0 }
   - { x:307., y:67., size:31., angle:2.4030984497070312e+002,
       response:1.6516112373210490e-004, octave:0 }
   - { x:310., y:68., size:31., angle:2.5228948974609375e+002,
       response:2.6436123880557716e-004, octave:0 }
   - { x:314., y:69., size:31., angle:2.9369430541992187e+002,
       response:8.2206155639141798e-004, octave:0 }
   - { x:309., y:70., size:31., angle:2.5228901672363281e+002,
       response:1.5385146252810955e-004, octave:0 }
   - { x:397., y:324., size:31., angle:1.0857370758056641e+002,
       response:1.7456698697060347e-003, octave:0 }
   - { x:313., y:72., size:31., angle:2.9510055541992187e+002,
       response:4.0588763658888638e-004, octave:0 }
   - { x:315., y:73., size:31., angle:3.2062463378906250e+002,
       response:2.4495093384757638e-004, octave:0 }
   - { x:117., y:195., size:31., angle:1.9104620361328125e+002,
       response:1.7927242442965508e-003, octave:0 }
   - { x:394., y:194., size:31., angle:2.0857585144042969e+002,
       response:7.7854510163888335e-004, octave:0 }
   - { x:198., y:91., size:31., angle:2.0236163330078125e+002,
       response:2.2166625421959907e-004, octave:0 }
   - { x:200., y:91., size:31., angle:2.5184573364257812e+002,
       response:2.1920807193964720e-004, octave:0 }
   - { x:359., y:134., size:31., angle:2.7221862792968750e+002,
       response:2.0857341587543488e-003, octave:0 }
   - { x:356., y:135., size:31., angle:2.5254766845703125e+002,
       response:1.7750465776771307e-003, octave:0 }
   - { x:363., y:136., size:31., angle:2.9503137207031250e+002,
       response:5.3588772425428033e-004, octave:0 }
   - { x:354., y:139., size:31., angle:2.2582087707519531e+002,
       response:5.0118669605581090e-005, octave:0 }
   - { x:116., y:193., size:31., angle:1.9035081481933594e+002,
       response:7.2575337253510952e-004, octave:0 }
   - { x:397., y:191., size:31., angle:2.0406704711914062e+002,
       response:2.2860322496853769e-004, octave:0 }
   - { x:115., y:190., size:31., angle:1.8972116088867187e+002,
       response:8.2812053733505309e-005, octave:0 }
   - { x:251., y:180., size:31., angle:5.8597663879394531e+001,
       response:6.8610599555540830e-005, octave:0 }
   - { x:278., y:451., size:31., angle:1.7215919494628906e+002,
       response:6.6826757974922657e-003, octave:0 }
   - { x:246., y:451., size:31., angle:2.2179384231567383e+000,
       response:4.9199401400983334e-003, octave:0 }
   - { x:235., y:154., size:31., angle:2.4641767883300781e+002,
       response:3.4516255254857242e-004, octave:0 }
   - { x:244., y:451., size:31., angle:3.5272286987304687e+002,
       response:3.4466481301933527e-003, octave:0 }
   - { x:338., y:439., size:31., angle:3.5918826293945313e+002,
       response:5.8890756918117404e-004, octave:0 }
   - { x:181., y:439., size:31., angle:1.7405561828613281e+002,
       response:3.4699926618486643e-004, octave:0 }
   - { x:232., y:156., size:31., angle:2.2703729248046875e+002,
       response:6.7829556064680219e-004, octave:0 }
   - { x:358., y:156., size:31., angle:1.0788298034667969e+002,
       response:2.1764055418316275e-004, octave:0 }
   - { x:368., y:156., size:31., angle:4.0557144165039063e+001,
       response:8.3028382505290210e-005, octave:0 }
   - { x:359., y:158., size:31., angle:9.8989646911621094e+001,
       response:3.8553663762286305e-004, octave:0 }
   - { x:230., y:159., size:31., angle:2.0732662963867187e+002,
       response:2.4934354587458074e-004, octave:0 }
   - { x:232., y:159., size:31., angle:2.1396539306640625e+002,
       response:2.6260555023327470e-004, octave:0 }
   - { x:177., y:438., size:31., angle:1.5831880187988281e+002,
       response:2.5479900650680065e-003, octave:0 }
   - { x:366., y:159., size:31., angle:5.7660640716552734e+001,
       response:3.2986988662742078e-004, octave:0 }
   - { x:363., y:160., size:31., angle:7.4279968261718750e+001,
       response:5.5702298413962126e-004, octave:0 }
   - { x:341., y:437., size:31., angle:1.2232800483703613e+001,
       response:1.6112360171973705e-003, octave:0 }
   - { x:117., y:384., size:31., angle:1.1713851165771484e+002,
       response:3.1638345681130886e-003, octave:0 }
   - { x:253., y:179., size:31., angle:4.8117542266845703e+001,
       response:8.8815162598621100e-005, octave:0 }
   - { x:104., y:220., size:31., angle:2.3789440917968750e+002,
       response:3.9779180951882154e-005, octave:0 }
   - { x:329., y:36., size:31., angle:2.7797756958007813e+002,
       response:2.0746883819811046e-005, octave:0 }
   - { x:332., y:40., size:31., angle:3.2219720458984375e+002,
       response:-3.3150081435451284e-005, octave:0 }
   - { x:329., y:45., size:31., angle:3.4182800292968750e+002,
       response:-8.4956584032624960e-005, octave:0 }
   - { x:175., y:54., size:31., angle:2.5650320434570312e+002,
       response:4.3375807763368357e-006, octave:0 }
   - { x:323., y:55., size:31., angle:4.1340670585632324e+000,
       response:-1.0320362343918532e-004, octave:0 }
   - { x:322., y:57., size:31., angle:3.5877786254882812e+002,
       response:-1.2000655260635540e-004, octave:0 }
   - { x:320., y:60., size:31., angle:3.3372290039062500e+002,
       response:-1.4235058915801346e-004, octave:0 }
   - { x:358., y:147., size:31., angle:1.6748481750488281e+002,
       response:7.2408183768857270e-006, octave:0 }
   - { x:369., y:150., size:31., angle:1.2291547775268555e+001,
       response:-1.3995512563269585e-004, octave:0 }
   - { x:255., y:175., size:31., angle:2.7367101669311523e+001,
       response:1.7071839465643279e-005, octave:0 }
   - { x:197., y:78., size:31., angle:2.9615722656250000e+002,
       response:2.6991303911927389e-006, octave:0 }
   - { x:260., y:450., size:31., angle:8.7507301330566406e+001,
       response:-1.1243278095207643e-005, octave:0 }
   - { x:358., y:143., size:31., angle:2.3954745483398437e+002,
       response:1.1964439181610942e-006, octave:0 }
   - { x:256., y:450., size:31., angle:6.4816574096679687e+001,
       response:-1.2789260654244572e-004, octave:0 }
   - { x:253., y:450., size:31., angle:4.3660114288330078e+001,
       response:-1.6830521053634584e-004, octave:0 }
   - { x:242., y:179., size:31., angle:9.8913803100585938e+001,
       response:-1.1449517478467897e-004, octave:0 }
   - { x:247., y:181., size:31., angle:7.7131088256835937e+001,
       response:-1.0788786312332377e-005, octave:0 }
   - { x:397., y:187., size:31., angle:1.9937893676757812e+002,
       response:-3.2992600608849898e-005, octave:0 }
   - { x:183., y:76., size:31., angle:1.7731538391113281e+002,
